15 11 10637 10637 2036655 2003265846 278200 250994
5 2 10440 10440 2400 2008302845 80464 80443
5 15 10923 10923 360316 2003203355 10234321 10230611
2 0 10612 10612 170001 2014931430 36116 34416
6 3 10910 10910 410054 2021767795 118833 114622
10 2 10051 10051 8584 2014880491 10201254 10201121
6 0 10398 10398 5681326 2024650826 694140 556564
10 4 10999 10999 19013 2017520495 10202289 10201997
1 5 10242 10242 75972262 2019995316 8281810 6449757
10 11 10072 10072 417029 2029007493 98504 55127
8 10 10164 10164 85201 2038723434 29332 27306
10 7 10125 10125 12099632 2028351233 11377062 11214834
2 5 10972 10972 7680 2050303620 80974 80885
14 15 10233 10233 16498284 2048355996 2590136 1403378
9 13 10204 10204 3413362 2053003380 723937 366418
3 6 10890 10890 9464 2053787904 82531 81035
8 15 10521 10521 3328650 2053407330 706125 359315
12 9 10743 10743 477804 2055702524 170133 120299
12 3 10747 10747 8140493 2037614610 21302392 10882900
4 2 10375 10375 920882 2061848055 229680 157447
13 10 10074 10074 155324 2062620459 177461 93264
1 6 10137 10137 215669 2063442560 111928 98322
3 9 10020 10020 176028 2053523139 10300812 10215161
3 10 10457 10457 1952 2058669655 10284516 10200563
0 10 10478 10477 447089 2068379785 10329023 10237887
10 11 10073 10072 13403 2082330607 21390 21286
9 8 10093 10093 867048 2088786609 346316 92856
15 5 10182 10182 12373 2041784431 51677733 10201439
13 14 10510 10510 2486448 2094545379 382996 228625
15 12 10347 10347 8035498 2093080787 2118764 693858
15 13 10184 10184 29342 2097510209 317602 22622
12 2 10036 10035 10268 2086506733 20654321 10201263
5 4 10829 10829 1509858 2107620107 303965 146747
7 6 10169 10169 22360 2111282793 23217 22037
4 6 10531 10531 8082 2113029261 20894 20841
5 4 10830 10829 151003 2115583407 48459 32823
2 5 10973 10972 12788 2136098725 81564 81312
7 5 10416 10416 807077 2145127571 101057 87828
7 12 10985 10984 278086 2145886989 10367226 10223718
5 6 10228 10228 479446 2156568138 110290 60358
9 11 10078 10078 5436 2165700498 22043 20617
15 14 10609 10609 6966281 2167347748 2123128 604215
7 6 10170 10169 221118 2174770686 46204 38701
10 1 10755 10755 225966 2168219747 10396299 10219345
10 11 10074 10072 2433440 2184071288 324870 224181
12 15 10831 10830 221258 2186846003 216146 38713
12 15 10830 10830 214676070 2121205394 67499907 18018605
7 6 10172 10169 16551 2188748630 66517 21549
11 0 10163 10163 46040 2159264219 31209679 10204263
0 15 10916 10916 2868068 2181635487 10760675 10440862
4 7 10039 10039 8064673 2192457834 1809335 696303
12 13 10497 10497 18945315 2094165551 120281909 1608537
8 11 10745 10745 52173 2218953068 44886 24537
10 8 10997 10997 166149 2224236475 36256 34093
8 9 10793 10793 222860413 2132483204 92050835 18704779
13 14 10511 10510 121577 2232144272 44932 30354
9 8 10094 10093 24223064 2235375622 7143662 2051025
13 12 10223 10223 116362 2244281864 52288 29918
15 14 10610 10609 5985068 2251484793 2833081 521951
14 13 10598 10598 382150917 2068871464 199883672 32059693
14 12 10344 10344 983737 2274670060 288951 102637
3 5 10663 10663 1307 2276892550 361487 80352
5 7 10893 10893 99185034 2271323512 26781344 8335836
4 7 10040 10039 264163 2310157428 155503 42310
2 5 10974 10972 35088 2311166393 205292 83185
12 14 10163 10163 951358 2323939574 557008 99924
0 3 10798 10798 44619 2328703433 28028 23902
8 11 10746 10745 15989 2344468144 29043 21500
2 3 10524 10524 117806139 2141596018 204928996 9897030
14 13 10599 10598 622446 2360485801 145718 72348
7 4 10556 10556 3790 2379086361 22095 20478
14 13 10600 10598 40185 2379816669 26070 23532
0 1 10394 10394 7196 2380109796 21633 20766
5 7 10894 10893 9206 2386704940 23654 20934
0 7 10769 10768 1625 2391024459 275930 80377
3 2 10525 10525 7140 2398222729 23538 20761
0 2 10783 10783 11393 2403598831 22282 21117
12 13 10500 10497 52876 2440857290 54844 24593
15 12 10348 10347 252356 2470044320 233525 41320
0 2 10784 10783 9406 2475873189 24927 20950
12 10 10903 10903 634 2484475729 192229 80294
9 11 10079 10078 1627342 2501062087 1075642 156598
15 12 10349 10347 3554974 2504297701 3028639 318209
3 1 10949 10949 32464642 2488225894 20473019 2741996
0 1 10395 10394 9880100 2515230277 6740324 848511
5 6 10230 10228 142432246 2361856655 178737494 11961682
2 1 10296 10296 894105439 2379590185 171060987 32032289
2 3 10525 10524 1423 2559438508 20697 20281
11 8 10687 10687 3877 2584698985 21922 20485
4 7 10041 10039 5498 2626803526 22753 20622
12 13 10501 10497 754134 2629038440 738101 83389
14 13 10601 10598 113511423 2470061396 182283361 9536959
7 5 10417 10416 26164 2661727704 38302 22356
13 12 10224 10223 15857338 2668754402 6095557 1349641
0 1 10396 10394 6797763 2693012570 2399901 590085
5 6 10229 10228 593710869 2227443995 469375888 6847206
3 2 10526 10525 64237 2711266279 62852 25548
15 13 10186 10184 195127 2721626330 204062 36522
15 13 10187 10184 100196 2753767432 124032 28563
6 4 10482 10482 144590 2754010283 105287 32284
15 12 10350 10347 21933380 2749274734 23384179 1859056
12 13 10502 10497 18663981 2757879281 19983588 1584948
12 14 10164 10163 782783 2786980785 756110 85789
9 11 10080 10078 97283676 2713633144 90030265 8176424
0 1 10397 10394 29624 2808919582 34072 22645
12 14 10165 10163 2184 2818021789 22592 20346
2 6 10293 10292 486 2827414934 248016 80282
1 3 10606 10606 377150 2832562775 162069 51783
11 10 10530 10530 1857337 2853270034 1263204 175881
9 12 10070 10069 1305 2860785685 249100 80352
11 10 10531 10530 1314211 2865431903 899047 130346
5 4 10831 10829 84911 2872061243 44615 27279
5 6 10231 10228 4282 2888136551 20979 20521
0 3 10799 10798 464787 2898167418 238359 59128
10 9 10054 10054 1540078363 2244084007 684202297 291313
8 10 10165 10164 24166124 2917148942 14417058 2046251
15 12 10351 10347 1626 2944383422 21734 20297
1 4 10017 10016 8525 2951158372 251137 80956
10 11 10075 10072 1063335 2964277084 621864 109312
5 4 10832 10829 2691 2967249119 21351 20386
4 7 10042 10039 15231 2969350303 33435 21439
15 14 10611 10609 34699 2977306891 60447 23070
