5 15 10923 10923 360316 2003203355 10234321 10230611
15 5 10182 10182 2036655 2003265846 10391892 10371154
5 9 10686 10686 2400 2008302845 10200676 10200603
10 1 10755 10755 8584 2014880491 10201254 10201121
2 8 10526 10526 170001 2014931430 10216436 10214656
10 2 10051 10051 19013 2017520495 10202784 10201997
6 9 10881 10881 410054 2021767795 10239133 10234782
6 8 10147 10147 5681326 2024650826 10734637 10676724
1 10 10129 10129 75972262 2019995316 17342291 16569917
10 5 10204 10204 125479 2029007493 10228068 10210922
10 3 10157 10157 12099632 2028351233 11550704 11214834
1 10 10130 10129 968856 2034913170 10296631 10281629
12 6 10873 10873 4185 2037614610 10200874 10200754
8 6 10152 10152 26616 2038723434 10205414 10202632
9 0 10176 10176 26584 2040194754 10210806 10202630
15 5 10183 10182 85201 2041784431 10216463 10207546
9 6 10639 10639 73645964 2038093516 17128798 16374877
14 2 10719 10719 12373 2049534771 10335395 10201439
2 13 10352 10352 278054 2050303620 10226809 10223715
4 10 10930 10930 7680 2061848055 10226819 10201045
0 14 10952 10952 3413362 2061891954 11009623 10486578
9 4 10656 10656 176028 2063481405 10310640 10215161
9 3 10732 10732 9464 2063746170 10276577 10201195
0 12 10364 10364 163238515 2048266490 26946519 23886318
3 12 10238 10238 477804 2066730631 10245568 10240459
9 1 10240 10240 54248792 2047494729 29995257 14748619
9 5 10967 10967 1952 2068627921 10200650 10200563
0 11 10628 10628 385915 2070404640 10238810 10232755
2 10 10400 10400 9247197 2070416915 11071571 10975688
14 1 10546 10546 14573607 2048355996 33521862 11422252
13 7 10316 10316 3328650 2062620459 20809120 10479475
2 9 10769 10769 920882 2077724891 10287216 10277607
8 5 10244 10244 155324 2078020477 10215098 10213424
5 11 10588 10588 215669 2079248976 10221374 10218482
3 11 10063 10063 2489344 2079299810 10439814 10409109
10 5 10205 10204 447089 2082330607 10242526 10237887
0 8 10277 10277 237150 2085027088 10228754 10220285
12 1 10628 10628 33534076 2086008944 13436276 13011900
0 13 10513 10513 512881 2091709572 10253311 10243400
12 5 10925 10925 13403 2095798627 10202423 10201526
6 10 10641 10641 65710 2095917595 10406674 10205910
0 8 10278 10277 255999 2104430153 10355396 10221862
10 6 10889 10889 46725 2124884622 10485979 10204318
5 11 10589 10588 22360 2125347127 10287258 10202277
3 11 10064 10063 8082 2127351130 10285318 10201081
8 0 10749 10749 30002 2177393281 10373484 10202919
3 11 10065 10063 954 2189693549 10368079 10200480
0 13 10517 10513 114 3611095605 10536385 10200412
12 6 10884 10873 4929 3847501015 10538775 10200813
