15 11 10637 10637 2036655 2003265846 251260 250994
5 2 10440 10440 2400 2008302845 80384 80443
5 15 10923 10923 360316 2003203355 10230625 10230611
2 0 10612 10612 170001 2014931430 34376 34416
6 3 10910 10910 410054 2021767795 114691 114622
10 2 10051 10051 8584 2014880491 10201079 10201121
6 0 10398 10398 5681326 2024650826 557468 556564
1 5 10242 10242 75972262 2019995316 6461892 6449757
10 4 10999 10999 19013 2017520495 10201957 10201997
10 11 10072 10072 417029 2029007493 90108 55127
8 10 10164 10164 85201 2038723434 27592 27306
10 7 10125 10125 12099632 2028351233 11251761 11214834
14 15 10233 10233 16498284 2048355996 1528243 1403378
2 5 10972 10972 7680 2050303620 80826 80885
9 13 10204 10204 3413362 2053003380 654184 366418
3 6 10890 10890 9464 2053787904 86218 81035
8 15 10521 10521 3328650 2053407330 639984 359315
12 9 10743 10743 477804 2055702524 160446 120299
12 3 10747 10747 8140493 2037614610 21210532 10882900
4 2 10375 10375 920882 2061848055 234592 157447
13 10 10074 10074 155324 2062620459 94785 93264
1 6 10137 10137 215669 2063442560 112090 98322
3 10 10457 10457 1952 2058669655 10284109 10200563
9 7 10759 10759 385915 2061516066 10232815 10232755
14 4 10471 10471 9247197 2061563488 10981458 10975688
8 1 10368 10368 23265291 2039781866 36038293 12150964
0 10 10478 10477 447089 2068379785 10238113 10237887
10 11 10073 10072 13403 2082330607 21220 21286
9 8 10093 10093 867048 2088786609 241705 92856
15 12 10347 10347 8035498 2093080787 863771 693858
13 14 10510 10510 2486448 2094545379 230109 228625
15 13 10184 10184 29342 2097510209 105570 22622
7 6 10169 10169 22360 2111282793 22897 22037
5 4 10829 10829 1509858 2107620107 4161950 146747
4 6 10531 10531 8082 2113029261 20791 20841
5 4 10830 10829 151003 2115583407 45452 32823
10 6 10889 10889 903 2110505624 10283980 10200476
0 14 10952 10952 3069378 2121932232 10542043 10457739
2 5 10973 10972 12788 2136098725 81454 81312
7 5 10416 10416 807077 2145127571 90238 87828
5 6 10228 10228 479446 2156568138 77840 60358
5 3 10880 10880 588594 2159728765 193298 129589
10 4 11000 10999 41973 2119108596 41146730 10203919
11 13 10992 10992 3830585 2157186265 3726570 401397
12 15 10830 10830 214676070 2121205394 43765971 18018605
9 11 10078 10078 5436 2165700498 21460 20617
15 14 10609 10609 6966281 2167347748 751510 604215
12 13 10497 10497 18945315 2094165551 74093089 1608537
8 9 10793 10793 222860413 2132483204 37460664 18704779
12 13 10498 10497 63556 2170181441 37015 25490
2 3 10524 10524 117806139 2141596018 29085988 9897030
6 15 10307 10307 2409389 2163365479 10486444 10402405
7 6 10170 10169 221118 2174770686 43213 38701
7 0 10447 10447 47803332 2156847863 23104474 4088073
10 11 10074 10072 2433440 2184071288 237604 224181
14 13 10598 10598 382150917 2068871464 116675675 32059693
12 15 10831 10830 221258 2186846003 97107 38713
7 3 10276 10276 1232983 2187475738 235003 183613
7 6 10172 10169 16551 2188748630 22803 21549
4 7 10039 10039 8064673 2192457834 711670 696303
12 13 10499 10497 814700 2193122561 226485 88465
14 9 10847 10847 11898567 2190021544 11517215 1077817
3 0 10069 10069 2259560 2204612507 231028 209603
13 8 10328 10328 442565 2207966915 218875 117346
15 9 10695 10695 87763147 2201273618 13619847 7438305
8 11 10745 10745 52173 2218953068 28943 24537
10 8 10997 10997 166149 2224236475 34093 34093
13 14 10511 10510 121577 2232144272 32406 30354
9 8 10094 10093 24223064 2235375622 6275790 2051025
4 3 10760 10760 9848187 2239940280 1761204 905915
13 12 10223 10223 116362 2244281864 30007 29918
5 2 10441 10440 286399 2247554577 111548 104254
1 7 10804 10804 35595 2247615316 83514 83225
15 11 10638 10637 5881909 2218163321 30162373 573379
15 14 10610 10609 5985068 2251484793 648589 521951
3 4 10192 10192 130366 2253266277 96488 91172
0 7 10768 10768 87892 2258625415 88013 87609
14 9 10848 10847 155996 2262776655 161702 93318
1 10 10129 10129 96649698 2219929877 44402895 18303511
1 5 10243 10242 25903 2265666746 82638 82412
15 8 10413 10413 1157933 2269429983 223749 177321
14 12 10344 10344 983737 2274670060 103208 102637
3 5 10663 10663 1307 2276892550 80356 80352
5 7 10893 10893 99185034 2271323512 11950735 8335836
7 1 10226 10226 7173804 2267373702 17841536 681692
12 2 10038 10035 3625 2277069088 20568849 10200705
15 11 10639 10637 25698549 2290721218 8226379 2234808
3 5 10664 10663 2007524 2307988474 292191 248552
12 8 10979 10979 1882835 2308561663 597318 238097
4 7 10040 10039 264163 2310157428 42714 42310
2 5 10974 10972 35088 2311166393 84370 83185
9 6 10640 10639 2017 2299946037 20620508 10200572
12 14 10163 10163 951358 2323939574 297834 99924
15 11 10640 10637 182390 2324856053 107309 95533
0 3 10798 10798 44619 2328703433 25858 23902
8 11 10746 10745 15989 2344468144 25381 21500
11 2 10915 10913 2937 2334820127 10367565 10200646
6 2 10684 10684 41646 2358691766 85650 83732
6 10 10641 10641 18045021 2347351568 11965696 11713298
15 1 10482 10482 189569 2185474009 174989446 10216295
14 13 10599 10598 622446 2360485801 72468 72348
7 4 10556 10556 3790 2379086361 20495 20478
14 13 10600 10598 40185 2379816669 23471 23532
0 1 10394 10394 7196 2380109796 21096 20766
5 7 10894 10893 9206 2386704940 21420 20934
0 7 10769 10768 1625 2391024459 85612 80377
1 7 10805 10804 2491854 2390769156 348229 289157
0 5 10197 10197 30238328 2355296324 41834006 2615424
3 2 10525 10525 7140 2398222729 21921 20761
0 2 10783 10783 11393 2403598831 21732 21117
5 6 10229 10228 593710869 2227443995 181320240 6847206
5 6 10230 10228 142432246 2361856655 48977559 11961682
2 6 10292 10292 2906415 2389354564 23803426 323916
4 0 10266 10266 7014226 2416751640 11328532 668315
10 9 10054 10054 1540078363 2244084007 190549960 291313
12 13 10500 10497 52876 2440857290 44107 24593
6 1 10814 10814 1712602 2443525082 392651 223826
2 14 10807 10807 209836 2457051613 10402447 10217993
9 12 10069 10069 29593 2468927607 262084 82722
15 12 10348 10347 252356 2470044320 147176 41320
0 2 10784 10783 9406 2475873189 21663 20950
12 10 10903 10903 634 2484475729 242002 80294
15 4 10712 10712 71302 2388839849 103707146 10206380
3 1 10949 10949 32464642 2488225894 9564520 2741996
9 11 10079 10078 1627342 2501062087 739377 156598
6 3 10911 10910 38145463 2171984834 332068483 3278357
15 12 10349 10347 3554974 2504297701 1589325 318209
0 4 10911 10911 93243 2508982947 91181 88060
0 5 10198 10197 470439 2510371223 125005 119683
0 1 10395 10394 9880100 2515230277 6042833 848511
14 13 10601 10598 113511423 2470061396 69387365 9536959
2 1 10296 10296 894105439 2379590185 161390022 32032289
15 13 10185 10184 271998 2555025092 139971 42964
15 7 10041 10040 649794 2482463665 73011685 10254879
2 3 10525 10524 1423 2559438508 20234 20281
1 5 10244 10242 27471 2559527138 83012 82545
8 7 10732 10732 3691420 2285990444 281328557 10509890
4 2 10376 10375 3177576 2566578489 15115548 346649
11 8 10687 10687 3877 2584698985 20699 20485
7 1 10227 10226 128770 2591708505 102890 91036
7 2 10189 10187 8754 2593807445 82092 80974
4 3 10761 10760 250125 2613507217 109786 101213
1 4 10016 10016 2896532 2563450357 56549972 323087
6 0 10399 10398 3174 2621403393 80572 80509
4 7 10041 10039 5498 2626803526 21044 20622
12 13 10501 10497 754134 2629038440 247777 83389
8 14 10054 10052 208273 2643946388 299533 97704
7 2 10187 10187 131628152 2372416277 286566837 11115947
5 2 10442 10440 58716 2658970046 85476 85163
7 5 10417 10416 26164 2661727704 23217 22356
13 12 10224 10223 15857338 2668754402 4095169 1349641
2 11 10893 10891 77627769 2655820570 17050140 16708713
4 0 10267 10266 92274 2686611500 88446 87979
0 1 10396 10394 6797763 2693012570 2303120 590085
3 2 10526 10525 64237 2711266279 27477 25548
15 13 10186 10184 195127 2721626330 106201 36522
7 2 10190 10187 71215 2726489313 94340 86213
5 2 10443 10440 6038 2735535750 81267 80749
7 6 10171 10169 3571401506 2183140880 552979931 41748426
6 3 10912 10910 68866 2741242874 88181 86014
6 4 10482 10482 144590 2754010283 40786 32284
15 13 10187 10184 100196 2753767432 314699 28563
9 11 10080 10078 97283676 2713633144 45926090 8176424
15 12 10350 10347 21933380 2749274734 10497370 1859056
12 13 10502 10497 18663981 2757879281 3582119 1584948
7 2 10188 10187 118702266 2571089722 194757438 10032240
11 6 10581 10579 69915 2762043127 10377264 10206262
5 2 10444 10440 65739 2782312678 88445 85752
2 5 10975 10972 35758 2783795080 83689 83238
0 4 10912 10911 2466539 2783975610 1879860 287036
12 14 10164 10163 782783 2786980785 159865 85789
1 7 10806 10804 305192 2800072396 109731 105830
0 1 10397 10394 29624 2808919582 24766 22645
12 14 10165 10163 2184 2818021789 20389 20346
1 6 10139 10137 562795 2825997866 158086 127425
2 6 10293 10292 486 2827414934 80140 80282
4 8 10439 10437 104941 2818488918 10377935 10209198
1 3 10606 10606 377150 2832562775 58604 51783
2 5 10976 10972 32708 2840975527 83476 82983
11 10 10530 10530 1857337 2853270034 494474 175881
11 10 10531 10530 1314211 2865431903 357153 130346
0 6 10335 10335 910635 2865871515 189769 156589
0 7 10770 10768 192979 2871095930 98987 96419
5 4 10831 10829 84911 2872061243 28730 27279
6 0 10400 10398 115440 2872884480 92074 89920
3 6 10892 10890 189446238 2499063628 377441193 15963415
2 5 10977 10972 101648265 2843318035 35764150 8602433
5 6 10231 10228 4282 2888136551 20539 20521
6 3 10913 10910 91793 2888919461 89957 87936
4 1 10539 10539 105542303 2872476504 21837534 8928909
0 5 10199 10197 36748 2894664284 83788 83321
0 3 10799 10798 464787 2898167418 68377 59128
8 0 10750 10749 911 2897178300 10367245 10200476
2 7 10771 10771 1482533 2915913520 281756 204537
3 4 10193 10192 38072 2920053769 85662 83435
8 10 10165 10164 24166124 2917148942 5116814 2046251
3 6 10893 10890 249628 2937865388 106610 101170
15 12 10351 10347 1626 2944383422 20801 20297
1 4 10017 10016 8525 2951158372 81421 80956
0 4 10913 10911 111992 2966422325 96140 89629
5 4 10832 10829 2691 2967249119 20444 20386
4 7 10042 10039 15231 2969350303 22648 21439
5 1 10165 10165 13273 2971542337 111776 81355
15 14 10611 10609 34699 2977306891 34783 23070
13 14 10512 10510 600442105 2884632797 101466945 7411556
0 7 10771 10768 6190664 2955121270 40641045 599266
