5 15 10923 10923 90079 2001601676 1208922 1207955
15 5 10182 10182 509163 2001632922 1248315 1243091
5 9 10686 10686 600 2004151420 1200376 1200451
10 1 10755 10755 2146 2007440244 1200655 1200583
2 8 10526 10526 42500 2007465714 1204444 1203965
10 2 10051 10051 4753 2008760246 1200892 1200799
6 9 10881 10881 102513 2010883896 1210126 1208996
1 10 10129 10129 18993065 2009997658 3010683 2792782
6 8 10147 10147 1420331 2012325410 1334091 1319483
10 3 10157 10157 3024908 2014175614 1484829 1454008
10 5 10204 10204 31369 2014503744 1203444 1203032
1 10 10130 10129 242214 2017456584 1223409 1220710
12 6 10873 10873 1046 2018807304 1200553 1200491
8 6 10152 10152 6654 2019361716 1201719 1200959
9 0 10176 10176 6646 2020097376 1202197 1200958
9 6 10639 10639 18411491 2019046758 2956393 2744021
15 5 10183 10182 21300 2020892212 1204334 1202188
14 1 10546 10546 3643401 2024177998 1731315 1505865
14 2 10719 10719 3093 2024767384 1281835 1200662
2 13 10352 10352 69513 2025151808 1207810 1206229
9 1 10240 10240 13562198 2023747362 4437523 2337457
3 15 10850 10850 4124571 2026761568 1605658 1546205
0 12 10364 10364 40809628 2024133244 5290726 4621880
4 10 10930 10930 1920 2030924026 1200773 1200561
0 14 10952 10952 853340 2030945976 1299178 1271946
13 7 10316 10316 832162 2031310228 1278724 1270171
9 4 10656 10656 44007 2031740700 1204639 1204093
9 3 10732 10732 2366 2031873082 1200673 1200600
3 12 10238 10238 119451 2033365314 1211879 1210416
9 5 10967 10967 488 2034313956 1200391 1200442
0 11 10628 10628 96478 2035202318 1211979 1208490
2 10 10400 10400 2311799 2035208454 1417994 1394222
2 9 10769 10769 230220 2038862442 1222263 1219704
8 5 10244 10244 38831 2039010236 1204140 1203656
5 11 10588 10588 53917 2039624484 1205649 1204920
3 11 10063 10063 622336 2039649902 1259089 1252579
10 5 10205 10204 111772 2041165300 1211001 1209771
0 8 10277 10277 59287 2042513542 1207634 1205373
0 13 10513 10513 128220 2045854784 1292806 1211152
12 1 10628 10628 8383519 2043004470 5963192 1903276
12 5 10925 10925 3350 2047899310 1201919 1200683
6 10 10641 10641 16427 2047958794 1203658 1201779
3 9 10020 10020 2567 2048767416 1248757 1200616
1 12 10998 10998 216762 2049032818 1378913 1218574
0 8 10278 10277 63999 2052215074 1292965 1205765
12 3 10747 10747 225 2061986818 1367741 1200421
5 11 10589 10588 5590 2062673558 1284770 1200870
3 11 10064 10063 2020 2063675560 1284424 1200573
2 10 10401 10400 37750 2064453044 1291182 1203565
12 1 10629 10628 1854 2070236814 1368300 1200556
7 11 10760 10760 196688 2072893576 1321165 1216891
3 8 10064 10064 11950833 2085885358 2487179 2202358
6 12 10619 10619 3629075 2093290480 1709228 1504665
3 11 10065 10063 238 2094846768 1284318 1200422
4 12 10285 10284 90180 2124543874 1376457 1207963
2 12 10283 10283 6055766 2126710476 1937231 1708116
2 15 10921 10919 684725 2136992280 1432345 1257808
2 10 10402 10400 6475 2138352080 1369069 1200944
2 10 10403 10400 326 2143546608 1367935 1200429
0 11 10629 10628 277 2153897366 1368020 1200426
8 5 10245 10244 608360 2100128904 58065833 1251407
14 3 10113 10113 403 2169472628 1368202 1200436
10 0 10574 10573 48835 2169066630 13787275 1204494
4 11 10721 10720 2301 2196549426 1368365 1200595
6 15 10307 10307 12912 2197624202 1370413 1201482
14 7 10454 10450 9559 2192428732 6852242 1201203
8 1 10368 10368 308245 2102282710 101912895 1226246
14 3 10115 10113 622963 2198646672 8882849 1252629
4 13 10739 10738 158 2248897510 1367772 1200416
5 9 10690 10686 341 2249272838 1367875 1200431
2 8 10527 10526 8116160 2250014702 2130961 1880862
5 13 10859 10858 116028 2256956762 1379067 1210131
2 8 10528 10526 1856227 2259682950 1622636 1356029
8 7 10732 10732 37086 2200375622 86705783 1203512
6 10 10642 10641 6867 2286788620 1369123 1200976
2 12 10287 10283 15072377 2283728882 4822723 2464070
5 15 10925 10923 1302968 2304796394 1490793 1309640
7 11 10763 10760 1804 2309152886 1368198 1200552
5 8 10352 10350 793 2325191614 1368123 1200467
11 0 10167 10163 2065549 2214479608 116543739 1373577
8 7 10733 10732 691422 2329598658 5731611 1258371
5 8 10353 10350 943 2335718862 1368121 1200479
0 15 10919 10916 52068 2337695794 1372847 1204768
2 10 10405 10400 6541 2342957378 1368533 1200950
5 14 10442 10439 3964334 2345941874 1740865 1532772
14 7 10455 10450 916 2363451316 1495574 1200477
8 1 10370 10368 17803 2373785800 1394174 1201893
6 11 10435 10431 11300 2380033304 1449666 1201350
3 10 10459 10457 60200 2386659766 1373720 1205450
13 7 10317 10316 5840014 2274361764 113726380 1690030
3 15 10852 10850 5334 2391705770 1436212 1200849
6 8 10150 10147 55949 2411253364 1373234 1205090
2 11 10893 10891 121 2426746936 1367856 1200413
2 14 10811 10807 66627938 2429276650 13894766 6786486
2 14 10812 10807 2428 2466658154 1421340 1200605
1 8 10157 10156 480 2471156364 1368906 1200442
8 2 10297 10294 35052 2494074440 1374518 1203342
3 15 10854 10850 2233 2495795236 1368490 1200590
5 11 10596 10588 149072 2497577476 1396279 1212901
1 15 10846 10839 3369 2518918980 1369672 1200684
5 10 10959 10956 19853 2519466124 1376798 1202065
1 12 11000 10998 2640 2521174660 1373648 1200622
1 9 10405 10400 7631 2522877372 1370084 1201041
10 6 10892 10889 6647 2531521700 8210041 1200958
7 9 10128 10126 757799 2548752460 1497802 1263934
5 10 10960 10956 2062 2550391900 1377687 1200576
0 8 10281 10277 9865846 2590126414 2337855 2027553
6 8 10151 10147 1243 2592991298 1340262 1200507
2 8 10529 10526 470972 2599838552 1395940 1239886
7 8 10106 10103 841476 2603970808 1419485 1270951
12 2 10038 10035 183374 2598335738 8458811 1215776
5 10 10958 10956 831456135 2495412892 117490965 27960012
8 4 10586 10584 616050 2543674702 74049906 1252053
12 7 10833 10831 33185 2611382180 8268924 1203185
10 3 10159 10157 641126 2603954694 17831386 1254155
12 4 10836 10833 283062 2620933046 1474357 1224135
13 4 10632 10629 1478 2621541734 1368818 1200525
15 5 10192 10182 228617 2622507634 1410599 1219568
2 11 10894 10891 1362 2624121594 1368088 1200516
13 0 10891 10888 1199326 2623379026 4299888 1300954
4 9 10934 10931 27936 2629204788 1370671 1202742
0 15 10922 10916 28669 2629915200 1287088 1202804
15 0 10681 10675 173404 2629707960 2683255 1214940
1 11 10109 10108 110283 2634996204 1378606 1209648
13 1 10085 10076 5371 2628881700 7809162 1200852
1 14 10518 10512 110980 2638770142 1294677 1209704
10 2 10056 10051 183360 2630475436 10143659 1215775
6 15 10313 10307 404 2644695996 1284033 1200436
15 4 10714 10712 1158323 2644300492 1719659 1297516
11 3 10820 10819 5647035 2431748246 216893969 1673851
14 2 10725 10719 101827 2648064022 2606230 1208937
1 15 10848 10839 9397 2649717414 1285172 1201190
10 6 10893 10889 270769 2650924668 1520239 1223102
11 5 10559 10552 380 2651852960 1367928 1200434
10 2 10055 10051 14599914 2621388752 38175433 2424457
12 6 10882 10873 3074 2661469440 1284611 1200661
2 11 10895 10891 58250114 2659451334 7881115 6084092
8 5 10250 10244 266 2669830206 1367679 1200425
15 0 10682 10675 12222 2665274558 6547422 1201427
1 12 11002 10998 7632 2672437808 1285038 1201041
9 6 10647 10639 22683 2672752836 1395511 1202302
7 14 10685 10684 6203268 2678129962 1891524 1720484
14 4 10473 10471 30380 2676990552 3870418 1202949
12 5 10930 10925 15842 2682517602 1286999 1201728
1 13 10222 10218 30347 2686311232 1287175 1202946
0 10 10483 10477 8533261 2697981308 2190486 1915831
2 15 10927 10919 130679 2699822804 1380213 1211357
1 8 10161 10156 65453 2703439576 1374081 1205889
7 12 10986 10984 6182 2714714186 1292035 1200921
4 9 10935 10931 9755 2718260368 1373285 1201218
12 1 10631 10628 11438 2720334076 1343066 1201361
15 3 10307 10304 6290 2721095130 1341203 1200930
2 11 10897 10891 2410505 2719013462 4413990 1402498
14 0 10287 10280 2468 2727424656 1341128 1200608
12 7 10835 10831 30376 2727863472 4122836 1202949
13 1 10086 10076 32363 2732152990 2662641 1203115
0 10 10484 10477 30875 2735395296 1370946 1202989
7 14 10687 10684 1629989 2739272658 1521149 1337058
15 2 10485 10481 412 2741120996 1367696 1200436
4 10 10937 10930 2312473 2742118274 1622264 1394279
5 15 10928 10923 728 2745766396 1284418 1200462
3 10 10460 10457 136640 2773634672 1381088 1211857
15 3 10309 10304 90187 2776425770 4072391 1207964
9 5 10975 10967 3750 2790021386 1376039 1200715
6 14 10793 10786 53230368 2774322122 18639168 5663236
5 15 10929 10923 1465 2795047294 1284541 1200524
7 11 10767 10760 77501 2796850496 1430979 1206899
0 14 10956 10952 4997379 2804200876 1780376 1619382
0 13 10517 10513 28 2805547762 1289462 1200406
4 15 10360 10354 3895 2805775138 1284893 1200726
9 5 10974 10967 1487781 2752326958 58414876 1325136
6 15 10315 10307 124662 2827855852 1296192 1210852
10 0 10578 10573 848 2834361784 1368070 1200471
11 2 10918 10913 2949 2839017062 1369284 1200647
3 12 10242 10238 1941589 2843150384 1576427 1363184
2 15 10930 10919 30481756 2846094316 5464869 3755991
7 12 10987 10984 5637652 2851681746 1814823 1673062
7 9 10129 10126 112065 2854650290 1381986 1209799
5 12 10661 10657 14580 2856468170 1285860 1201624
3 15 10856 10850 26931 2857471720 1287064 1202658
6 10 10645 10641 25389660 2863102142 5220758 3329070
2 15 10931 10919 1367 2878253370 1368169 1200517
1 13 10224 10218 130312259 2870874856 17297908 12125782
5 12 10662 10657 414123 2902356378 1407026 1235123
14 5 10594 10592 203698 2837128186 69743343 1217479
10 0 10577 10573 1379634 2815188408 92321648 1316069
8 4 10588 10584 865 2921203248 1409410 1200473
2 13 10362 10352 13196545 2933933774 3851570 2306800
4 14 10644 10639 633449 2938031436 1486865 1253510
14 5 10596 10592 8960 2930272088 9617096 1201151
9 1 10247 10240 92153 2914792588 29413918 1208129
13 5 10235 10229 16620 2940088218 4231726 1201794
13 5 10234 10229 1681723 2857605394 87132117 1341396
15 5 10193 10182 4777 2943862400 1377600 1200801
2 12 10293 10283 22601 2946613690 1388628 1202296
12 2 10039 10035 1428 2946077656 2770392 1200521
5 8 10359 10350 5781649 2949357364 2014024 1685134
4 12 10294 10284 1993 2960166122 1368221 1200567
1 8 10164 10156 15584 2963474586 1425516 1201708
2 15 10932 10919 113638 2975878152 1387033 1209928
15 1 10492 10482 183917 2969401028 9670806 1215819
2 11 10900 10891 4816 2985571348 1368568 1200804
2 11 10901 10891 4334454 2993755758 1775582 1563802
11 7 10458 10452 207134 3018106886 1484826 1217769
3 12 10244 10238 1979 3061003344 1368094 1200566
4 11 10732 10720 1285 3063345490 1368130 1200510
11 7 10459 10452 3 3079135194 1382028 1200404
0 12 10373 10364 790 3086881002 1368048 1200467
3 15 10859 10850 33547259 3087944950 5791904 4013005
7 10 10505 10495 42471325 3102979816 6756894 4761198
14 7 10461 10450 5523 3114470630 4107113 1200864
6 10 10647 10641 9801 3131807964 1369224 1201222
2 15 10935 10919 4826365 3131736530 1821917 1605044
6 12 10624 10619 852313 3142523798 1448236 1271860
8 4 10593 10584 151293 3162130296 1322110 1213087
12 4 10839 10833 11036 3162865040 4122262 1201328
7 13 10947 10935 443 3168162466 1367924 1200439
15 5 10195 10182 322313 3115219500 55263246 1227425
13 5 10240 10229 899219 3118389106 54634258 1275793
13 7 10322 10316 2532105 3092726606 81432417 1412695
10 6 10897 10889 105257 3177307074 2620360 1209227
13 7 10323 10316 845221 3125477680 56243878 1271266
13 3 10253 10248 5944109 3073388878 111059853 1698757
14 6 10953 10944 115 3183553712 1367627 1200413
12 5 10932 10925 6287035 3095593112 89670190 1727508
9 3 10741 10732 15387 3185152980 2581225 1201692
2 14 10818 10807 4835831 3187544198 1740859 1605836
12 6 10887 10873 7989045 3127048592 63995765 1870205
0 15 10926 10916 38804 3190595748 1288346 1203654
2 14 10819 10807 9346 3191283108 1252504 1201186
4 11 10733 10720 12819 3191381988 1203864 1201475
8 5 10259 10244 19172 3191715764 1270661 1202010
5 13 10863 10858 189798 3193086948 1220201 1216313
12 1 10635 10628 20833480 2888592678 306242282 2947080
2 8 10534 10526 6477 3194148978 1201503 1200945
14 5 10600 10592 494073 3186848634 8713918 1241826
4 15 10363 10354 5397 3198400490 1201133 1200854
11 5 10563 10552 5047 3197335516 2486218 1200826
7 13 10948 10935 878 3199046748 1200611 1200474
12 5 10935 10925 5024 3201523642 3772386 1200824
0 14 10962 10952 201957 3204502866 1268252 1217332
13 3 10255 10248 852 3206555940 1284502 1200472
3 15 10862 10850 16361095 3206070108 3713626 2572117
14 4 10477 10471 122738 3209787356 1307073 1210691
13 4 10635 10629 49331 3207370608 3950422 1204538
12 2 10042 10035 333075 3211445428 1409573 1228328
14 7 10463 10450 1949130 3208955166 4229017 1363818
11 5 10564 10552 237 3212114998 1284090 1200422
12 5 10937 10925 50555 3212781134 1214537 1204640
14 3 10120 10113 2930535 3207993780 7640966 1446097
12 5 10936 10925 7540286 3205952920 9756920 1832580
5 13 10864 10858 3579 3216468394 1229467 1200701
9 2 10797 10797 16166640 2246834544 974610645 2555812
13 0 10895 10888 80299 3220799106 1305744 1207134
5 13 10865 10858 25879871 3221499818 4721571 3370168
0 12 10374 10364 21765314 3223220674 4501005 3025206
5 11 10608 10588 1847 3227538270 1368248 1200555
3 8 10072 10064 771135 3246274962 1391353 1265055
4 13 10744 10738 7666 3245140648 2570265 1201044
7 15 10387 10383 90219 3257611488 1301279 1207966
4 8 10447 10437 47531 3265430148 1372399 1204386
7 14 10692 10684 2859836 3273810274 1821907 1440169
6 14 10798 10786 3314 3281513552 1286564 1200680
5 8 10361 10350 24084 3281780676 1374595 1202422
13 2 10658 10649 30078 3283360484 3882842 1202925
13 2 10659 10649 7668 3284304794 3885450 1201044
3 11 10069 10063 1578 3290106470 1369072 1200533
15 7 10045 10040 41832 3290902942 1302010 1203907
13 6 10708 10700 40353 3271391104 20903054 1203785
14 6 10954 10944 820614 3279054964 13241424 1269201
5 13 10869 10858 4067010 3302653944 2213621 1541381
4 11 10734 10720 342470 3308657688 1449837 1229114
5 13 10870 10858 25452 3309080430 1309658 1202536
10 7 10130 10125 28866 3312213522 4209378 1202820
1 14 10522 10512 187772 3328708514 1378333 1216143
14 2 10726 10719 14067 3329236124 1390008 1201582
7 15 10388 10383 10871 3330200692 1472850 1201311
13 3 10254 10248 35013211 3196267992 141745947 4135910
7 14 10694 10684 738322 3340130674 1416756 1262303
1 15 10856 10839 218590 3345055712 1366738 1218728
4 14 10646 10639 4947033 3350321708 2277774 1615162
15 5 10196 10182 1954 3351839382 1347551 1200564
10 4 11007 10999 220277 3350322434 8629618 1218870
9 6 10651 10639 28004 3345898378 16585401 1202751
10 6 10898 10889 376313 3352055234 11465749 1231952
8 5 10263 10244 53083 3355209328 9819833 1204854
6 11 10442 10431 75858999 3351050680 16497385 7560418
3 15 10864 10850 953576 3372354794 1520594 1280349
7 11 10771 10760 27945 3381379260 1355819 1202743
13 5 10241 10229 230325 3381854102 1438312 1219713
9 2 10803 10797 3443 3381460246 2707412 1200690
8 5 10265 10244 249223 3384572462 1416090 1221297
11 4 10370 10359 7942 3383415398 2656364 1201066
5 9 10698 10686 16215457 3387057704 3973464 2559906
1 11 10113 10108 5556390 3398590036 1890173 1666250
2 8 10536 10526 146564078 3392612468 18185115 13488335
12 0 10754 10747 30424 3392346174 19293571 1202952
8 0 10760 10749 2097918 3385569148 27079269 1376289
11 6 10586 10579 6258 3409265938 4107034 1200927
4 9 10943 10931 13227 3416327488 1202345 1201511
12 3 10756 10747 19430715 3358760520 59332673 2829472
6 9 10889 10881 222013 3418903572 1386668 1219017
12 7 10841 10831 639080 3421123154 1350647 1253984
10 7 10131 10125 8170757 3379377046 43188985 1885437
9 1 10250 10240 984411 3424779880 1454716 1282935
0 9 10560 10553 7970 3425582428 1201566 1201068
1 13 10229 10218 317309 3425585870 1232975 1227005
10 5 10216 10204 24893 3427687528 1215309 1202487
10 1 10762 10755 4535 3427731704 1221782 1200782
8 6 10159 10152 4563294 3383026726 46161313 1582989
7 8 10110 10103 672013 3430799254 1263943 1256745
15 6 10633 10621 3165619 3430817986 1622322 1465806
3 8 10073 10064 258446 3431918196 1224921 1222070
15 4 10720 10712 3629589 3379960550 53315762 1504706
4 14 10647 10639 27736 3432503492 1203443 1202726
9 3 10742 10732 11391704 3428148634 6053023 2155481
11 5 10566 10552 1552070 3435119154 1511104 1330529
7 12 10993 10984 902 3436004124 1284314 1200476
12 1 10637 10628 187080 3438752276 1223835 1216088
8 5 10261 10244 14335994 3249895330 190175441 2402329
14 5 10603 10592 1326623 3441095182 4094118 1311625
15 4 10722 10712 174731 3447943724 1246289 1215050
13 2 10657 10649 31604351 3274544524 174684498 3850111
0 8 10289 10277 126940 3448337460 1226831 1211042
10 4 11008 10999 860 3449673022 1358488 1200472
9 5 10981 10967 5044509 3451348464 3234556 1623333
5 14 10450 10439 1039 3454814284 1368243 1200490
14 0 10293 10280 1042050 3454451778 2776647 1287769
5 9 10699 10686 64189 3456448104 1250995 1205784
8 7 10741 10732 27350 3455195660 2545720 1202695
14 7 10466 10450 3432788 3456372522 1895748 1488205
11 0 10176 10163 3193 3457176614 1217872 1200670
11 6 10587 10579 1902 3457517700 1200898 1200559
7 9 10134 10126 251010 3457491416 1276891 1221448
7 9 10133 10126 19605096 3455481980 4720605 2844094
2 10 10411 10400 48222 3460312886 1207510 1204445
0 12 10375 10364 3907135 3460063290 1570344 1527977
12 6 10888 10873 45670 3462176034 1205076 1204230
7 8 10111 10103 194334197 3438058466 28844142 17493382
4 12 10298 10284 155183 3465920172 1215201 1213413
0 8 10290 10277 232541 3469766274 1321980 1219898
2 12 10294 10283 3634 3470083872 1284779 1200706
3 12 10247 10238 24954015 3467441928 4321280 3292548
7 13 10953 10935 161440 3471307214 1215951 1213937
2 12 10295 10283 87542 3471920372 1208865 1207741
9 0 10188 10176 6019 3472749488 1201315 1200908
10 2 10064 10051 46848608 3402027214 72062928 5128188
8 6 10160 10152 154553 3463574232 11354399 1213359
7 10 10508 10495 1984 3473937674 1291332 1200566
8 3 10239 10232 3969 3474879114 3692519 1200732
10 2 10065 10051 42146 3477550496 1216180 1203936
1 11 10114 10108 20855 3478249556 1231290 1202149
14 4 10478 10471 147310 3478264658 1228185 1212753
10 2 10066 10051 80601 3479920418 1306781 1207159
8 5 10266 10244 8981 3480508346 1285108 1201153
8 3 10240 10232 4830880 3480532406 1821796 1605421
10 0 10587 10573 34824619 3452764558 30279200 4120097
12 4 10841 10833 60069 3479876798 3863947 1205439
15 0 10688 10675 1322924 3482481064 1386932 1311314
4 8 10450 10437 45093 3483280630 1205197 1204184
2 12 10296 10283 87660 3484755626 1292461 1207750
14 5 10604 10592 19840 3485407994 1306041 1202064
11 6 10588 10579 642160 3486384782 1468385 1254241
10 5 10217 10204 1627572 3484653814 3293540 1336857
1 12 11007 10998 1861485 3486710150 1375579 1356468
9 3 10743 10732 6884694 3484305196 5699133 1777613
15 2 10490 10481 229018 3485066046 4991010 1219604
14 6 10956 10944 7851 3489391806 1202113 1201058
11 7 10461 10452 2965 3489793750 1201161 1200648
12 0 10755 10747 22073 3489883376 1204364 1202254
10 4 11006 10999 93256731 3325756402 166049836 9019045
6 12 10625 10619 26795689 3489992204 3956631 3446951
3 14 10915 10902 9847 3497779806 1285242 1201226
7 8 10112 10103 226405 3498038204 1243050 1219384
4 11 10736 10720 7697 3498091116 1201372 1201046
14 0 10294 10280 102414 3497682332 2504561 1208988
10 5 10218 10204 191573 3499586018 1236529 1216463
13 2 10661 10649 5447 3502337346 3204453 1200858
13 1 10092 10076 148096 3503055580 3703762 1212819
11 4 10371 10359 1808 3505579028 1200790 1200552
7 11 10772 10760 8367272 3504250868 2808703 1901914
10 2 10067 10051 15782 3506621422 1242385 1201724
15 5 10197 10182 2020 3507843412 2485162 1200573
4 12 10299 10284 781254 3509442794 1275311 1265903
11 4 10372 10359 9076 3509863950 1202476 1201164
10 0 10588 10573 849 3511137420 1401038 1200471
15 2 10491 10481 761 3514313366 1284354 1200464
6 13 10293 10281 5343 3515406188 1257024 1200850
2 15 10938 10919 38282 3515459906 1276267 1203612
7 9 10135 10126 108980103 3494122858 25335221 10337295
1 13 10231 10218 11231314 3514128040 5613815 2142036
12 1 10638 10628 83129 3516217878 4994200 1207372
6 8 10155 10147 740534 3521856686 1401505 1262488
3 10 10463 10457 91995 3521942928 1334790 1208112
3 15 10865 10850 125039 3522327100 1224177 1210886
6 9 10890 10881 8120 3522847238 1201393 1201084
12 1 10639 10628 3170 3523327336 1200995 1200668
3 9 10031 10020 2131227 3510846368 13827934 1379085
9 5 10982 10967 489540 3523646828 1246653 1241444
11 0 10177 10163 29604 3524667732 1244672 1202883
9 6 10652 10639 115626 3526220798 1223943 1210095
13 5 10242 10229 4463856 3520754016 6939047 1574650
13 2 10663 10649 234855 3525634424 2530519 1220090
13 2 10662 10649 29091593 3512786232 16507493 3639440
9 2 10804 10797 520 3528552988 1200728 1200445
9 1 10251 10240 53251 3532386640 1210553 1204867
15 5 10198 10182 610 3534788024 1284200 1200452
0 9 10562 10553 598629 3540258472 1438541 1250590
6 13 10294 10281 18072 3543022850 1289474 1201918
6 11 10446 10431 9235877 3541366116 3087366 1974736
6 14 10801 10786 489990 3543116750 1376392 1241480
3 8 10074 10064 93526 3544671794 1294459 1208243
3 13 10977 10970 13765 3545430970 1286111 1201554
7 9 10136 10126 55275995 3539090568 8592345 5834739
7 14 10695 10684 2508 3546621902 1284610 1200612
7 14 10696 10684 812 3552295060 1284497 1200468
9 7 10770 10759 14205075 3537961114 18540335 2391357
15 4 10723 10712 3384061 3521328496 35327977 1484123
11 7 10462 10452 2039908 3539689694 17158186 1371426
11 3 10827 10819 683984 3541944336 15534230 1257745
14 0 10295 10280 37372 3534506598 22991736 1203535
9 0 10189 10176 80659 3556646954 1287529 1207163
1 15 10857 10839 7397 3557219274 1201440 1201022
15 1 10495 10482 2458890 3560340450 1558107 1406553
4 15 10365 10354 73750 3562887242 1220112 1206584
4 13 10748 10738 230940 3563358850 1222411 1219762
8 2 10301 10294 3981639 3562047810 2887973 1534222
14 6 10957 10944 11884 3564728868 1318652 1201396
2 11 10902 10891 69106 3566173398 1350178 1206197
10 7 10132 10125 82490 3540414704 27684500 1207317
15 1 10496 10482 365155 3566232362 2671903 1231017
5 15 10935 10923 19535836 3565380768 3862156 2838285
6 10 10650 10641 1496 3568083506 1200851 1200527
1 13 10232 10218 3668 3571210246 1248237 1200708
14 5 10605 10592 22542592 3553626008 20461537 3090372
3 9 10032 10020 52754 3574157612 1274926 1204823
10 1 10763 10755 2591219 3565567946 10330453 1417650
12 0 10756 10747 33666020 3541087648 35174368 4022962
15 4 10724 10712 912473 3570446060 6034715 1276903
15 0 10690 10675 946079 3573816132 2668993 1279722
1 13 10233 10218 7592 3575778896 1203475 1201038
2 13 10365 10352 435441 3576664050 1452319 1236909
12 6 10889 10873 60923245 3531497618 46926862 6308207
2 14 10820 10807 47780991 3568521704 10198763 5206358
4 10 10944 10930 3262 3579465812 1201006 1200676
15 7 10046 10040 4913948 3580029642 1668034 1612385
9 5 10983 10967 912812 3580417402 1291891 1276930
2 15 10939 10919 66115 3580651372 1207579 1205946
0 11 10642 10628 1374 3581567350 1284383 1200517
5 8 10362 10350 9024 3583226622 1285151 1201160
15 7 10047 10040 1619 3585105414 1200790 1200537
11 0 10178 10163 683851 3583933426 2555265 1257734
12 5 10939 10925 344911 3585328256 1267750 1229317
6 12 10626 10619 1558 3589315936 1200914 1200532
2 10 10412 10400 21728 3589527780 1211147 1202222
15 3 10318 10304 13042 3591161302 1203213 1201497
1 8 10172 10156 3498708 3592000920 1643159 1493732
4 11 10737 10720 29602 3593944936 1267713 1202883
1 14 10525 10512 3097489 3593690718 1557417 1460095
1 13 10234 10218 2591449 3594434092 1444345 1417669
14 2 10727 10719 16201 3593257800 2709095 1201761
2 11 10903 10891 63217 3595445706 1209912 1205703
12 2 10043 10035 5280215 3577731254 20238076 1643096
3 10 10464 10457 9362 3598062876 1285687 1201187
6 10 10651 10641 88424804 3581978026 18373749 8613936
6 11 10448 10431 459198 3599862952 1286965 1238902
7 14 10697 10684 1120 3602754188 1270125 1200497
15 0 10691 10675 43884 3601464782 3904967 1204079
0 12 10376 10364 2042449 3604114666 1402806 1371641
15 4 10725 10712 14275 3604680804 1203306 1201599
11 2 10922 10913 11039 3604931362 1202315 1201329
0 8 10291 10277 58890 3605100688 1289871 1205337
11 0 10179 10163 934 3606742044 1328249 1200478
2 12 10298 10283 53036 3608090162 1208178 1204850
13 7 10325 10316 928356 3606805380 2753327 1278235
15 1 10497 10482 19211 3607045804 2572430 1202013
8 7 10742 10732 26146 3607443480 2492878 1202595
11 2 10923 10913 495 3609108878 1204859 1200443
2 10 10413 10400 11726 3613386630 1201923 1201384
10 4 11010 10999 2087 3612082864 2515477 1200578
3 14 10916 10902 194264 3613662248 1247866 1216689
10 2 10070 10051 2209 3612502708 2563688 1200588
15 5 10199 10182 91755 3609748674 5354299 1208093
8 5 10268 10244 166296 3609968590 6412589 1214344
9 3 10744 10732 3635 3615441592 1284894 1200706
5 10 10966 10956 110653 3616887594 1218870 1209678
15 2 10493 10481 11811943 3588566594 29764872 2190713
14 4 10479 10471 100391 3616710238 2573817 1208819
10 7 10134 10125 8830 3622478660 1287488 1201140
0 15 10927 10916 7073 3627766934 1284971 1200996
4 13 10749 10738 8804 3629000116 1285206 1201138
4 13 10750 10738 80064 3629207404 1293038 1207116
3 14 10917 10902 59616052 3618157172 12492381 6198613
6 12 10627 10619 22879 3629736130 1288539 1202318
3 12 10248 10238 86309627 3613349056 18756518 8436600
9 7 10771 10759 20397 3631243094 1283360 1202112
11 1 10400 10391 2749647 3620018186 13016182 1430931
8 3 10242 10232 1575848 3620912110 14837504 1332519
8 0 10761 10749 824110 3636569058 1311207 1269496
2 8 10537 10526 39906 3640609754 1206358 1203746
6 11 10449 10431 8370 3642263452 1201988 1201104
15 7 10048 10040 1714843 3642221148 1422085 1344173
13 2 10665 10649 11597 3642890288 1204257 1201373
3 8 10075 10064 516536 3643789476 1417178 1243708
0 10 10493 10477 348 3645815022 1200911 1200431
4 13 10751 10738 20919790 3645233476 4242765 2954316
12 4 10842 10833 21451 3649901990 1204488 1202200
12 0 10757 10747 2143 3648669654 2485732 1200582
10 1 10764 10755 7315133 3645555096 6723159 1813704
10 7 10135 10125 12357 3651067478 1231354 1201438
15 5 10200 10182 29606 3626151078 26241460 1202883
0 10 10492 10477 132898288 3635526372 17134206 12342595
1 13 10235 10218 11513 3655888196 1286278 1201367
3 12 10250 10238 74522 3657856724 1294264 1206649
12 5 10940 10925 665161 3659371454 1567424 1256170
11 3 10828 10819 3673 3657133258 5053705 1200709
14 0 10296 10280 21616997 3597810628 65831476 3012769
8 2 10302 10294 611 3662472126 1200675 1200452
14 2 10728 10719 6725 3663928332 1266151 1200964
3 9 10033 10020 12274 3664726728 1269209 1201431
0 10 10494 10477 4302962 3663080920 3257014 1561160
11 6 10589 10579 108577 3667167030 2628401 1209504
11 1 10402 10391 212410 3669756344 1231702 1218210
10 6 10901 10889 1387 3670053478 1340545 1200518
11 4 10373 10359 15943 3672922320 1336028 1201736
1 12 11009 10998 91467736 3655508340 23701199 8869056
10 1 10765 10755 3555 3678264366 2616657 1200699
0 15 10928 10916 980 3684721592 1432360 1200482
8 6 10161 10152 21463 3689383580 1393131 1202201
7 12 10996 10984 115417 3691065456 1484106 1210078
13 7 10326 10316 2706 3694586988 1377880 1200628
2 14 10821 10807 211292 3693584170 4195923 1218117
13 0 10899 10888 78068 3697400102 1280413 1206948
14 3 10123 10113 261818 3697403826 1282698 1222351
6 15 10319 10307 3268 3697591834 1201047 1200676
13 2 10666 10649 283346 3696310676 2645659 1224158
15 0 10692 10675 1540537 3697866682 1382022 1329560
5 8 10364 10350 18380 3698075214 1209746 1201943
12 5 10941 10925 934 3699594164 1451768 1200478
10 3 10164 10157 15302655 3685256180 17713044 2483375
12 3 10758 10747 336 3704900984 1284325 1200430
10 7 10136 10125 275339 3705697890 2641502 1223486
15 2 10494 10481 2921578 3705313208 3188045 1445346
10 0 10590 10573 2369 3709560664 1333403 1200601
5 14 10452 10439 971585 3717390968 2817081 1281859
14 1 10552 10546 125533 3719718214 1444307 1210926
15 7 10049 10040 157498 3723889484 1523656 1213606
3 15 10867 10850 7879418 3711881758 15406367 1861012
7 10 10511 10495 447 3729928138 1284275 1200439
2 11 10906 10891 5699110 3728605882 4609673 1678216
3 15 10868 10850 3229621 3730372426 3320375 1471172
5 8 10365 10350 84489 3732739672 1294760 1207485
14 3 10124 10113 189245 3732684820 2680593 1216269
10 3 10165 10157 99756 3735715200 1228551 1208764
3 15 10869 10850 381954 3734836484 2556853 1232423
13 6 10709 10700 20799110 3723387892 14438488 2944200
12 4 10843 10833 3844 3739257542 1285101 1200722
3 15 10870 10850 1016 3740817842 1200840 1200488
13 1 10094 10076 5710 3741112286 1201516 1200879
11 7 10463 10452 144113 3746048546 1298511 1212485
1 13 10238 10218 1557291 3746084322 1400919 1330966
10 4 11009 10999 265449410 3582253022 165641914 23455680
7 11 10774 10760 730114 3747667412 1558790 1261616
2 8 10538 10526 1428433 3748505998 1552719 1320162
9 7 10774 10759 128922 3750630436 1297009 1211209
9 5 10986 10967 6815 3750868492 1284932 1200972
9 1 10252 10240 1945 3751827570 1284467 1200563
3 15 10871 10850 3924628 3747953970 6513251 1529442
7 12 10997 10984 3805766 3747186840 8997900 1519476
0 12 10377 10364 7627 3756702944 1283273 1201040
15 6 10635 10621 100736 3757598434 1298479 1208846
5 11 10611 10588 27519 3756665956 2581981 1202709
4 8 10452 10437 2563 3757778002 2576720 1200616
9 5 10987 10967 23890212 3757417950 4677306 3203358
5 13 10874 10858 23 3761701808 1284095 1200405
14 2 10729 10719 2819 3762911896 1284618 1200637
13 7 10327 10316 174 3765350234 1200535 1200417
7 14 10698 10684 17314700 3746292188 20325682 2652065
2 8 10539 10526 66438 3760389970 6434376 1205972
0 11 10644 10628 503158 3750265406 16698328 1242588
2 12 10299 10283 1417971 3765886576 1484027 1319282
8 2 10303 10294 4765 3767545504 1368434 1200800
12 0 10758 10747 187784316 3724812610 45002017 16944239
6 14 10804 10786 15343 3769331750 1223159 1201688
11 0 10180 10163 90792 3769968948 1209266 1208012
6 10 10652 10641 287680 3770956454 1240960 1224520
7 9 10137 10126 45751 3771451510 1292594 1204236
0 15 10929 10916 618196 3767961700 5133318 1252232
10 0 10591 10573 874 3773137736 1284370 1200473
5 11 10612 10588 3029 3772004098 2569549 1200657
14 1 10554 10546 332471 3774284090 1234286 1228276
9 6 10653 10639 6563 3774619346 1201232 1200951
14 5 10607 10592 7807 3774819866 1201178 1201055
5 13 10873 10858 4111015 3756048202 20108494 1545071
3 10 10465 10457 28054285 3742882926 33548940 3552474
13 3 10257 10248 3068167 3776224322 1510639 1457638
3 12 10251 10238 8264 3779351634 1286497 1201095
0 9 10563 10553 637315 3778706020 2604706 1253835
3 12 10252 10238 3867 3780302788 1201550 1200724
3 13 10978 10970 75842 3780293490 1215081 1206759
11 3 10829 10819 2458 3781665332 1253755 1200608
9 2 10807 10797 28308 3782483004 1289692 1202776
1 12 11012 10998 253088 3783093454 3796064 1221622
7 14 10699 10684 2763210 3784446766 3012209 1432070
5 8 10366 10350 30986 3786887982 1292685 1202997
12 4 10844 10833 2031375 3786997692 1475349 1370712
13 2 10668 10649 1168 3789311554 1276513 1200501
12 3 10759 10747 5089 3789583830 1201215 1200830
0 13 10520 10513 2957 3789953572 1266848 1200648
12 5 10942 10925 57897 3790221302 1213782 1205254
9 4 10667 10656 47060 3790284990 1210075 1204349
4 8 10453 10437 63921 3789453722 2585929 1205759
7 10 10512 10495 1141 3791407888 1200812 1200498
14 2 10730 10719 116607056 3778814700 14292242 10976739
5 10 10967 10956 4141349 3784160602 9411145 1547613
6 14 10805 10786 81061 3788308632 5291048 1207199
4 14 10649 10639 284308 3792439490 1403194 1224239
10 2 10073 10051 58061 3793367294 1289707 1205271
4 8 10454 10437 1997 3794383904 1233876 1200567
15 0 10694 10675 15224 3794629870 1203494 1201679
12 3 10760 10747 2894 3794714766 1200942 1200643
2 11 10907 10891 658934 3793348972 2578296 1255645
15 4 10727 10712 26100 3795551398 1203396 1202591
5 10 10968 10956 210330 3793158304 7164065 1218036
5 13 10875 10858 382519 3798998246 1347028 1232472
4 8 10455 10437 58841 3798594508 2558553 1205333
15 6 10636 10621 911 3800054354 1262495 1200476
2 8 10540 10526 1952 3802199102 1284301 1200563
0 9 10564 10553 3419 3802291490 1284458 1200688
15 2 10496 10481 2916519 3802583050 1474764 1444922
10 4 11013 10999 37362578 3796502624 8479577 4332880
6 14 10806 10786 45676 3804199828 1207037 1204230
4 12 10301 10284 173372 3804687468 1249383 1214937
1 10 10139 10129 1728738 3804532014 1541821 1345338
15 3 10319 10304 26343 3808408168 1203275 1202611
6 13 10296 10281 21223 3806617386 3696871 1202182
7 13 10954 10935 3760 3809828522 2500030 1200716
0 11 10645 10628 5267600 3806540098 5861256 1642037
15 7 10050 10040 31032 3812079932 1230786 1203005
5 11 10613 10588 1606459 3812202978 1484373 1335087
6 9 10892 10881 358777 3815935656 1242819 1230480
5 10 10969 10956 8909 3816595738 1225137 1201147
15 4 10728 10712 24414 3814127720 3784941 1202449
9 3 10745 10732 62519141 3808471056 10713258 6442008
15 3 10320 10304 345 3819123424 1316862 1200431
7 11 10775 10760 20088 3821106228 1211929 1202087
0 11 10646 10628 610 3821474554 1204345 1200452
8 5 10270 10244 28653254 3818061594 4891793 3602691
2 8 10541 10526 9691 3819585412 3689726 1201213
10 7 10139 10125 366919 3822455668 1323983 1231162
8 1 10380 10368 3122 3825601686 1201022 1200665
11 4 10374 10359 3945 3826269154 1333592 1200730
7 14 10701 10684 12620386 3816645914 11516974 2258495
13 0 10901 10888 106005 3829043734 1220606 1209291
3 8 10078 10064 573 3829441800 1200463 1200449
3 15 10872 10850 14093 3834021672 1215971 1201585
0 10 10495 10477 3009645 3832560544 2880709 1452730
4 11 10738 10720 108171 3834260386 1287631 1209472
6 9 10893 10881 2278393 3834069000 1491118 1391422
15 5 10201 10182 11899 3834384938 1201895 1201398
11 0 10181 10163 5676 3835155174 1288435 1200877
1 15 10861 10839 10202 3837878604 1234795 1201258
6 10 10653 10641 1205322 3835413542 4088465 1301456
6 8 10156 10147 1001826 3838246936 1400361 1284393
10 0 10592 10573 261257 3842009046 1242231 1222306
11 4 10375 10359 823368 3842838880 1384793 1269433
4 8 10456 10437 5170561 3839716980 5147697 1633901
7 14 10700 10684 87589987 3786667006 58385014 8543944
15 2 10497 10481 3575 3844723618 1384628 1200701
0 15 10930 10916 22543 3845810474 1202858 1202291
0 8 10293 10277 260813 3846554664 1226011 1222267
7 14 10702 10684 16481608 3841395630 7516434 2582219
12 7 10843 10831 1769 3850787794 1200640 1200549
6 8 10157 10147 857 3853715522 1284356 1200472
14 6 10959 10944 29394 3854777198 1203213 1202866
6 13 10297 10281 3006026 3851978024 4602050 1452428
4 11 10739 10720 96647 3855463196 1209642 1208504
5 13 10876 10858 308054 3854288836 2543910 1226230
0 12 10378 10364 588 3856024344 1200687 1200450
6 12 10628 10619 27096 3856712656 1203204 1202675
0 10 10496 10477 5779 3857084970 1201317 1200885
4 8 10457 10437 112901 3860250650 1294866 1209866
0 9 10565 10553 38950 3857856598 3834109 1203665
14 7 10468 10450 143595 3860862532 1214332 1212440
6 11 10451 10431 1712339 3860733636 1373838 1343965
1 15 10862 10839 58597 3865211842 1328165 1205314
1 9 10411 10400 917853 3865297672 1386441 1277353
4 15 10367 10354 13569 3865502280 1208354 1201539
11 3 10830 10819 2005 3865574836 1200863 1200571
12 7 10844 10831 40586386 3860994676 6311279 4603164
0 8 10294 10277 3983 3865051080 2485839 1200734
3 15 10873 10850 9064 3867621516 1201693 1201163
15 5 10202 10182 13756440 3865303734 3811362 2353742
13 6 10710 10700 266062 3868430948 1283076 1222710
7 14 10703 10684 31291344 3852388656 17950468 3823868
15 6 10637 10621 571338 3871193708 1307968 1248303
7 10 10513 10495 3136824 3871040316 1495454 1463392
8 3 10243 10232 246472 3871567474 1223762 1221066
2 11 10909 10891 25328 3872255912 1207845 1202526
13 5 10243 10229 11480028 3871776580 2405883 2162889
11 1 10403 10391 662709 3876183352 1299084 1255962
9 4 10669 10656 15868 3877136592 1223826 1201730
7 9 10138 10126 759 3877415314 1244405 1200464
4 15 10368 10354 630354 3878078772 1277193 1253251
2 10 10415 10400 2415 3878338172 1200905 1200604
12 7 10845 10831 1747 3879882228 1200685 1200547
1 13 10239 10218 35601261 3876231194 6240120 4185212
11 2 10925 10913 65369 3882096954 1480443 1205882
2 12 10300 10283 11932 3883196892 1240179 1201400
2 14 10822 10807 45192 3883324872 1245263 1204192
8 2 10304 10294 3230 3884464624 1200969 1200673
8 1 10381 10368 280 3884872936 1200493 1200426
15 7 10052 10040 3885154 3886831288 2334884 1526134
6 15 10321 10307 9760 3888248776 1241555 1201219
13 7 10328 10316 6600 3888309926 1240195 1200954
11 4 10376 10359 1317 3890458282 1276603 1200513
2 11 10910 10891 23587 3886420946 6914889 1202379
5 8 10367 10350 22177 3892642348 1296991 1202262
14 2 10731 10719 76484 3892740226 2653106 1206814
0 10 10497 10477 31542 3894204248 1284148 1203046
12 6 10890 10873 28882317 3884195768 11667794 3621896
0 13 10521 10513 2557227 3894830986 1462238 1414800
12 5 10944 10925 78129712 3876072648 20823287 7750796
8 1 10382 10368 73986 3890751688 6352588 1206603
2 15 10942 10919 2043 3896440164 1200871 1200574
15 5 10203 10182 109966 3899978802 1216071 1209619
15 0 10697 10675 1572 3900225760 1284391 1200533
9 5 10988 10967 459 3900256168 1293036 1200440
8 7 10745 10732 595923 3903285950 1312619 1250362
8 2 10305 10294 27516 3903635188 1205924 1202708
0 15 10931 10916 38027 3901425518 3773587 1203591
15 2 10498 10481 324834 3904835494 1234543 1227634
15 2 10499 10481 1911394 3910651898 1463971 1360653
10 1 10766 10755 2087 3912487598 1284444 1200578
1 13 10240 10218 65184913 3890274040 23571992 6665503
4 14 10650 10639 8843489 3912451100 2045131 1941840
13 0 10902 10888 313 3913706162 1200385 1200428
14 1 10556 10546 93591 3914199168 1209407 1208248
11 4 10378 10359 27981 3914540132 1206788 1202746
5 11 10615 10588 25727893 3913876142 4029340 3357426
8 5 10271 10244 62100748 3902323882 16042647 6406927
12 5 10945 10925 4133847 3917813312 1589219 1546982
10 2 10074 10051 32591 3915710054 4921658 1203134
5 13 10877 10858 13821 3928855168 1201743 1201559
2 8 10543 10526 3908087 3922058250 8287226 1528057
11 4 10377 10359 20226080 3910839216 20182728 2896158
4 15 10369 10354 5802 3930920432 1200990 1200887
8 7 10746 10732 57621 3931453280 1205863 1205232
12 7 10847 10831 8584 3932156278 1201254 1201121
13 5 10244 10229 173641 3933529632 1232954 1214959
5 12 10670 10657 1288465 3933694026 1322709 1308426
7 11 10776 10760 1232753 3933799708 1317486 1303754
13 3 10259 10248 11253286 3932926998 2274588 2143878
8 0 10763 10749 4258 3937235912 1200961 1200759
3 8 10079 10064 189647 3937862246 1218274 1216301
3 10 10466 10457 693 3938392492 1200460 1200459
8 4 10594 10584 6332 3939097426 1201211 1200933
6 10 10654 10641 1976072 3940980768 1757790 1366077
8 2 10307 10294 6787615 3941132350 1886103 1769475
14 5 10609 10592 734279 3942744170 1338645 1261964
11 0 10182 10163 3320 3943827140 1201251 1200680
4 8 10458 10437 720223 3944038092 1332030 1260786
0 13 10522 10513 4211 3944195780 1201350 1200756
14 5 10608 10592 34698911 3940930748 5470983 4109557
14 3 10125 10113 5410614 3945653864 1751663 1654027
3 12 10253 10238 91402 3946533610 1236730 1208065
11 6 10590 10579 517 3954989466 1367927 1200445
11 4 10379 10359 794257 3955137734 1484003 1266993
7 12 10998 10984 4090 3954924336 2660709 1200746
9 6 10654 10639 16839 3957877196 1259781 1201812
9 0 10190 10176 18983 3960854114 1286382 1201991
7 9 10140 10126 21440005 3943936574 21806858 2997933
1 10 10141 10129 174819 3969519672 1317031 1215057
3 12 10254 10238 383068 3970783926 1244077 1232520
6 13 10299 10281 944 3971024712 1208180 1200479
15 4 10729 10712 745 3975202616 1284359 1200463
11 7 10464 10452 16477127 3963159974 15086600 2581845
7 13 10955 10935 34486786 3945374468 34262559 4091772
9 5 10989 10967 95328390 3953573528 26292410 9192734
11 1 10404 10391 209451 3979880648 1220138 1217962
12 5 10946 10925 11881 3982311830 1201560 1201396
11 1 10405 10391 7551 3982379314 1201158 1201034
7 14 10704 10684 1371251 3983371380 1329350 1315368
11 4 10380 10359 636322 3986530706 1260266 1253751
7 8 10114 10103 34798 3989165470 1203716 1203318
11 5 10568 10552 6010072 3990390974 1765402 1704288
11 3 10831 10819 191308 3994114470 1218434 1216441
5 14 10453 10439 424 3996737942 1200308 1200437
