5 15 10923 10923 90079 2000800838 968014 968035
15 5 10182 10182 509163 2000816460 1003217 1003171
5 9 10686 10686 600 2002075710 960336 960531
10 1 10755 10755 2146 2003720122 960628 960663
2 8 10526 10526 42500 2003732856 964016 964045
10 2 10051 10051 4753 2004380122 960844 960879
6 9 10881 10881 102513 2005441948 969057 969076
6 8 10147 10147 1420331 2006162704 1100474 1079563
1 10 10129 10129 18993065 2004998828 2591576 2552862
10 5 10204 10204 31369 2007251870 965674 963112
10 3 10157 10157 3024908 2007087806 1217175 1214088
1 10 10130 10129 242214 2008728290 981780 980790
12 6 10873 10873 1046 2009403652 960536 960571
8 6 10152 10152 6654 2009680858 1018424 961039
9 0 10176 10176 6646 2010048686 961466 961038
15 5 10183 10182 21300 2010446104 962656 962268
14 1 10546 10546 3643401 2012088998 1400368 1265945
4 10 10930 10930 1920 2015462012 960681 960641
0 14 10952 10952 853340 2015472988 1103815 1032026
13 7 10316 10316 832162 2015655114 1061352 1030251
3 12 10238 10238 119451 2016682656 976139 970496
9 5 10967 10967 488 2017156972 960460 960522
0 11 10628 10628 96478 2017601158 1155845 968570
2 10 10400 10400 2311799 2017604224 1267301 1154302
2 9 10769 10769 230220 2019431218 985637 979784
8 5 10244 10244 38831 2019505118 965549 963736
5 11 10588 10588 53917 2019812242 1131517 965000
10 5 10205 10204 111772 2020582648 975097 969851
0 8 10277 10277 59287 2021256770 1132853 965453
0 12 10364 10364 40809628 2012066622 10540029 4381960
12 5 10925 10925 3350 2023949654 961292 960763
6 10 10641 10641 16427 2023979396 963591 961859
1 12 10998 10998 216762 2024516406 998120 978654
5 14 10439 10439 643 2027272218 1203123 960535
6 14 10787 10786 7335 2029185854 1206103 961097
11 2 10913 10913 377464 2030461546 1269679 992128
5 12 10657 10657 2160 2033352502 1297609 960664
12 1 10629 10628 1854 2035118404 1127468 960636
7 11 10760 10760 196688 2036446786 1343294 976971
2 11 10891 10891 119861 2042472700 1307299 970529
2 12 10283 10283 6055766 2063355232 2686894 1468196
4 14 10639 10639 29090 2066003426 1187717 962922
9 3 10733 10732 8898 2066195474 1073128 961226
13 1 10077 10076 71599 2066194998 3234589 966484
9 4 10657 10656 2588150 2080989638 1454680 1177473
14 2 10722 10719 7559582 2090010986 2978382 1594276
6 14 10788 10786 649348 2093768312 1036857 1014923
14 3 10115 10113 622963 2099323324 1367632 1012709
15 1 10483 10482 454916 2100523456 1039311 998620
0 9 10553 10553 2848 2102481580 1294064 960719
13 2 10650 10649 95377 2109647696 986738 968478
8 2 10295 10294 18096 2112333070 962046 962000
11 3 10819 10819 369474 2113352554 993680 991458
2 15 10923 10919 87981 2114444918 975877 967856
2 12 10285 10283 60 2118012298 972139 960488
11 6 10579 10579 29717 2118382530 1142720 962972
13 1 10080 10076 61575 2120639558 987256 965644
15 7 10040 10040 1696815 2120499102 1473698 1102741
10 3 10158 10157 162448 2123851692 1092882 974101
4 13 10739 10738 158 2124448744 1045114 960496
9 6 10641 10639 19477 2124644072 2333064 962114
9 2 10797 10797 16166640 2123417256 3850764 2315892
13 3 10249 10248 15020 2140471134 1137570 961743
3 9 10021 10020 355 2142737326 1309528 960512
4 9 10932 10931 325996 2147166548 1063746 987811
0 15 10918 10916 482688 2153467884 1048612 1000949
15 3 10304 10304 15542 2154129886 1144776 961784
5 8 10352 10350 793 2162595794 1211582 960547
2 10 10405 10400 6541 2171478676 961664 961030
5 15 10925 10923 1302968 2152398186 20212179 1069720
11 4 10362 10359 15253 2176651570 1056057 961761
8 6 10156 10152 48781 2184139696 966220 964570
5 14 10443 10439 25049 2195677430 1181615 962583
0 15 10921 10916 195695 2202705752 1546906 976888
1 14 10516 10512 26533 2225486582 12609989 962706
2 13 10354 10352 40801 2230817650 8709908 963901
6 11 10437 10431 370633 2242002166 16928791 991555
3 9 10029 10020 272 2640423064 1441105 960505
15 7 10047 10040 1619 2792552654 1516943 960617
