5 15 10923 10923 360316 2003203355 10234321 10230611
15 5 10182 10182 2036655 2003265846 10391892 10371154
5 9 10686 10686 2400 2008302845 10200676 10200603
10 1 10755 10755 8584 2014880491 10201254 10201121
2 8 10526 10526 170001 2014931430 10216436 10214656
10 2 10051 10051 19013 2017520495 10202784 10201997
6 9 10881 10881 410054 2021767795 10239133 10234782
6 8 10147 10147 5681326 2024650826 10734637 10676724
1 10 10129 10129 75972262 2019995316 17342291 16569917
10 5 10204 10204 125479 2029007493 10228068 10210922
10 3 10157 10157 12099632 2028351233 11550704 11214834
1 10 10130 10129 968856 2034913170 10296159 10281629
12 6 10873 10873 4185 2037614610 10200892 10200754
8 6 10152 10152 26616 2038723434 10205421 10202632
9 0 10176 10176 26584 2040194754 10209857 10202630
15 5 10183 10182 85201 2041784431 10216395 10207546
9 6 10639 10639 73645964 2038093516 17127853 16374877
14 2 10719 10719 12373 2049534771 10331394 10201439
2 13 10352 10352 278054 2050303620 10226822 10223715
3 15 10850 10850 16498284 2053523139 11925232 11583618
4 10 10930 10930 7680 2061848055 10248136 10201045
0 14 10952 10952 3413362 2061891954 11009647 10486578
9 4 10656 10656 176028 2063481405 10313670 10215161
9 3 10732 10732 9464 2063746170 10280789 10201195
0 12 10364 10364 163238515 2048266490 26940841 23886318
3 12 10238 10238 477804 2066730631 10319778 10240459
9 1 10240 10240 54248792 2047494729 29976891 14748619
9 5 10967 10967 1952 2068627921 10200629 10200563
0 11 10628 10628 385915 2070404640 10239179 10232755
2 10 10400 10400 9247197 2070416915 11071563 10975688
2 9 10769 10769 920882 2077724891 10287163 10277607
8 5 10244 10244 155324 2078020477 10215097 10213424
5 11 10588 10588 215669 2079248976 10221202 10218482
3 11 10063 10063 2489344 2079299810 10437872 10409109
10 5 10205 10204 447089 2082330607 10261100 10237887
14 1 10546 10546 14573607 2048355996 44493228 11422252
13 7 10316 10316 3328650 2062620459 31092947 10479475
0 8 10277 10277 237150 2085027088 10225337 10220285
12 1 10628 10628 33534076 2086008944 13436276 13011900
0 13 10513 10513 512881 2091709572 10251950 10243400
12 5 10925 10925 13403 2095798627 10202409 10201526
6 10 10641 10641 65710 2095917595 10409953 10205910
3 9 10020 10020 10268 2097534840 10285292 10201263
0 8 10278 10277 255999 2104430153 10391951 10221862
4 13 10738 10738 113834 2130057045 10421563 10209944
3 11 10064 10063 8082 2127351130 20653558 10201081
2 11 10891 10891 479446 2169890828 10350353 10240598
3 11 10065 10063 954 2189693549 10396283 10200480
5 9 10687 10686 10722 2225993237 10369447 10201300
1 10 10131 10129 35088 2322004809 52665367 10203345
8 1 10370 10368 71215 2747571634 10548597 10206373
1 14 10519 10512 6773 3494136115 10541908 10200968
0 13 10517 10513 114 3611095605 10536118 10200412
4 15 10360 10354 15583 3611550355 10548709 10201708
8 0 10755 10749 97286 3673464581 10590432 10208559
