15 11 10637 10637 2036655 2003265846 249221 250994
5 2 10440 10440 2400 2008302845 80378 80443
5 15 10923 10923 360316 2003203355 10230256 10230611
2 0 10612 10612 170001 2014931430 34205 34416
6 3 10910 10910 410054 2021767795 114280 114622
10 2 10051 10051 8584 2014880491 10201061 10201121
6 0 10398 10398 5681326 2024650826 551747 556564
1 5 10242 10242 75972262 2019995316 6385894 6449757
10 4 10999 10999 19013 2017520495 10201928 10201997
10 11 10072 10072 417029 2029007493 89263 55127
8 10 10164 10164 85201 2038723434 27501 27306
10 7 10125 10125 12099632 2028351233 11239235 11214834
2 5 10972 10972 7680 2050303620 80825 80885
14 15 10233 10233 16498284 2048355996 2490232 1403378
15 5 10182 10182 12373 2041784431 10284364 10201439
9 13 10204 10204 3413362 2053003380 646795 366418
3 6 10890 10890 9464 2053787904 80964 81035
8 15 10521 10521 3328650 2053407330 632784 359315
12 9 10743 10743 477804 2055702524 159485 120299
12 3 10747 10747 8140493 2037614610 22108430 10882900
4 2 10375 10375 920882 2061848055 201753 157447
13 10 10074 10074 155324 2062620459 93120 93264
1 6 10137 10137 215669 2063442560 111046 98322
3 10 10457 10457 1952 2058669655 10282781 10200563
9 7 10759 10759 385915 2061516066 10308718 10232755
0 10 10478 10477 447089 2068379785 10240104 10237887
10 11 10073 10072 13403 2082330607 21206 21286
9 8 10093 10093 867048 2088786609 307947 92856
13 14 10510 10510 2486448 2094545379 232640 228625
15 12 10347 10347 8035498 2093080787 1841738 693858
15 13 10184 10184 29342 2097510209 190969 22622
5 4 10829 10829 1509858 2107620107 223596 146747
7 6 10169 10169 22360 2111282793 22530 22037
8 13 10950 10950 2742891 2109632693 1953597 310204
4 6 10531 10531 8082 2113029261 20931 20841
12 13 10497 10497 18945315 2094165551 21406254 1608537
5 4 10830 10829 151003 2115583407 38936 32823
10 6 10889 10889 903 2110505624 10282417 10200476
2 5 10973 10972 12788 2136098725 81265 81312
13 9 10231 10231 73527672 2122693429 17435250 6244801
7 5 10416 10416 807077 2145127571 88086 87828
14 13 10598 10598 382150917 2068871464 86794138 32059693
12 15 10830 10830 214676070 2121205394 34599861 18018605
5 13 10858 10858 197503458 2091969557 64102420 26759092
2 3 10524 10524 117806139 2141596018 14657855 9897030
5 6 10228 10228 479446 2156568138 76703 60358
11 13 10992 10992 3830585 2157186265 1760988 401397
5 3 10880 10880 588594 2159728765 142994 129589
9 11 10078 10078 5436 2165700498 21991 20617
15 14 10609 10609 6966281 2167347748 1767283 604215
12 13 10498 10497 63556 2170181441 33192 25490
10 4 11000 10999 41973 2119108596 51417673 10203919
9 13 10205 10204 206152564 2085928197 86092049 17364072
7 0 10447 10447 47803332 2156847863 15258931 4088073
7 6 10170 10169 221118 2174770686 40937 38701
6 3 10911 10910 38145463 2171984834 9040245 3278357
10 11 10074 10072 2433440 2184071288 256016 224181
12 15 10831 10830 221258 2186846003 93519 38713
7 3 10276 10276 1232983 2187475738 220573 183613
7 6 10172 10169 16551 2188748630 26679 21549
8 9 10793 10793 222860413 2132483204 57669607 18704779
4 7 10039 10039 8064673 2192457834 710958 696303
12 13 10499 10497 814700 2193122561 260770 88465
3 0 10069 10069 2259560 2204612507 246684 209603
14 9 10847 10847 11898567 2190021544 17318656 1077817
13 8 10328 10328 442565 2207966915 134737 117346
8 0 10749 10749 237150 2075038114 133787819 10220285
8 11 10745 10745 52173 2218953068 37514 24537
11 2 10913 10913 10722 2210509442 10283757 10201300
15 11 10638 10637 5881909 2218163321 5118050 573379
10 8 10997 10997 166149 2224236475 33947 34093
13 14 10511 10510 121577 2232144272 35299 30354
15 9 10695 10695 87763147 2201273618 35728062 7438305
9 8 10094 10093 24223064 2235375622 6031630 2051025
4 3 10760 10760 9848187 2239940280 2532385 905915
13 12 10223 10223 116362 2244281864 29837 29918
5 2 10441 10440 286399 2247554577 122208 104254
1 7 10804 10804 35595 2247615316 83280 83225
3 4 10192 10192 130366 2253266277 93097 91172
15 14 10610 10609 5985068 2251484793 2471740 521951
0 7 10768 10768 87892 2258625415 87710 87609
14 9 10848 10847 155996 2262776655 122468 93318
1 5 10243 10242 25903 2265666746 84521 82412
15 8 10413 10413 1157933 2269429983 368573 177321
7 1 10226 10226 7173804 2267373702 3915197 681692
14 12 10344 10344 983737 2274670060 102028 102637
3 5 10663 10663 1307 2276892550 80418 80352
5 7 10893 10893 99185034 2271323512 12126130 8335836
9 13 10206 10204 4063260 2293430204 1212902 420906
3 14 10902 10902 29065781 2222974335 74357038 12637275
1 10 10129 10129 96649698 2219929877 77617265 18303511
15 11 10639 10637 25698549 2290721218 12710112 2234808
12 2 10038 10035 3625 2277069088 30873664 10200705
3 5 10664 10663 2007524 2307988474 309265 248552
12 8 10979 10979 1882835 2308561663 986227 238097
4 7 10040 10039 264163 2310157428 42121 42310
2 5 10974 10972 35088 2311166393 83598 83185
12 14 10163 10163 951358 2323939574 377675 99924
15 11 10640 10637 182390 2324856053 165185 95533
0 3 10798 10798 44619 2328703433 24899 23902
1 6 10138 10137 157611851 2302234649 36288665 13294418
8 11 10746 10745 15989 2344468144 29368 21500
8 6 10152 10152 1613 2334689708 10364713 10200536
11 2 10915 10913 2937 2334820127 10364547 10200646
6 2 10684 10684 41646 2358691766 86743 83732
0 5 10197 10197 30238328 2355296324 5211080 2615424
14 13 10599 10598 622446 2360485801 73665 72348
12 11 10983 10983 142196115 2173359192 197965086 12001965
5 13 10859 10858 2597394 2363858296 10596295 10418167
10 9 10054 10054 1540078363 2244084007 130419252 291313
7 4 10556 10556 3790 2379086361 20504 20478
14 13 10600 10598 40185 2379816669 23651 23532
0 1 10394 10394 7196 2380109796 21118 20766
5 7 10894 10893 9206 2386704940 21107 20934
1 7 10805 10804 2491854 2390769156 347674 289157
0 7 10769 10768 1625 2391024459 112173 80377
2 6 10292 10292 2906415 2389354564 1816178 323916
7 2 10187 10187 131628152 2372416277 23262536 11115947
12 6 10873 10873 2489344 2068271703 327509327 10409109
3 2 10525 10525 7140 2398222729 22231 20761
15 9 10696 10695 1530184 2399621025 924287 208533
0 2 10783 10783 11393 2403598831 21308 21117
5 6 10230 10228 142432246 2361856655 43970790 11961682
4 0 10266 10266 7014226 2416751640 2049369 668315
12 13 10500 10497 52876 2440857290 42433 24593
6 1 10814 10814 1712602 2443525082 1454452 223826
3 14 10903 10902 151189 2456165043 10326321 10213078
15 12 10348 10347 252356 2470044320 166794 41320
0 2 10784 10783 9406 2475873189 21769 20950
4 12 10285 10284 3396735 2466583360 10686202 10485183
12 10 10903 10903 634 2484475729 244385 80294
14 8 10336 10336 54978 2486968111 170841 84849
3 1 10949 10949 32464642 2488225894 11355173 2741996
9 11 10079 10078 1627342 2501062087 714770 156598
15 12 10349 10347 3554974 2504297701 2085671 318209
7 13 10936 10935 12207284 2472200753 35855557 11223861
5 6 10229 10228 593710869 2227443995 281611942 6847206
0 4 10911 10911 93243 2508982947 94503 88060
0 5 10198 10197 470439 2510371223 139011 119683
14 13 10601 10598 113511423 2470061396 44362540 9536959
0 1 10395 10394 9880100 2515230277 3763126 848511
2 1 10296 10296 894105439 2379590185 156776353 32032289
3 6 10892 10890 189446238 2499063628 54377435 15963415
15 13 10185 10184 271998 2555025092 166879 42964
2 3 10525 10524 1423 2559438508 20328 20281
1 5 10244 10242 27471 2559527138 83338 82545
13 1 10076 10076 50785 2519719539 41567914 10204658
1 4 10016 10016 2896532 2563450357 1642357 323087
3 6 10891 10890 491749134 2295566783 270012907 41308490
4 2 10376 10375 3177576 2566578489 1499841 346649
11 8 10687 10687 3877 2584698985 21104 20485
7 1 10227 10226 128770 2591708505 106962 91036
7 2 10188 10187 118702266 2571089722 22149774 10032240
7 2 10189 10187 8754 2593807445 81170 80974
4 3 10761 10760 250125 2613507217 122151 101213
6 0 10399 10398 3174 2621403393 80557 80509
4 7 10041 10039 5498 2626803526 21043 20622
12 13 10501 10497 754134 2629038440 427184 83389
7 5 10417 10416 26164 2661727704 23303 22356
4 15 10354 10354 26503 2657153598 10442601 10202623
13 12 10224 10223 15857338 2668754402 4051012 1349641
0 1 10396 10394 6797763 2693012570 2146972 590085
3 2 10526 10525 64237 2711266279 41554 25548
15 13 10186 10184 195127 2721626330 150035 36522
7 2 10190 10187 71215 2726489313 180198 86213
5 2 10443 10440 6038 2735535750 162954 80749
6 3 10912 10910 68866 2741242874 171559 86014
15 13 10187 10184 100196 2753767432 103901 28563
6 4 10482 10482 144590 2754010283 38856 32284
15 12 10350 10347 21933380 2749274734 17219556 1859056
12 13 10502 10497 18663981 2757879281 12337616 1584948
5 2 10444 10440 65739 2782312678 171098 85752
9 11 10080 10078 97283676 2713633144 69097100 8176424
12 14 10164 10163 782783 2786980785 507071 85789
0 1 10397 10394 29624 2808919582 32260 22645
12 14 10165 10163 2184 2818021789 21308 20346
1 3 10606 10606 377150 2832562775 82721 51783
11 10 10530 10530 1857337 2853270034 1105883 175881
9 12 10070 10069 1305 2860785685 231625 80352
11 10 10531 10530 1314211 2865431903 788831 130346
5 4 10831 10829 84911 2872061243 33536 27279
5 6 10231 10228 4282 2888136551 20615 20521
5 9 10687 10686 708 2878000062 10446738 10200460
6 3 10913 10910 91793 2888919461 172704 87936
0 3 10799 10798 464787 2898167418 213079 59128
8 10 10165 10164 24166124 2917148942 10049930 2046251
15 12 10351 10347 1626 2944383422 21576 20297
10 11 10075 10072 1063335 2964277084 1362896 109312
5 4 10832 10829 2691 2967249119 20699 20386
4 7 10042 10039 15231 2969350303 26698 21439
15 14 10611 10609 34699 2977306891 46005 23070
