5 15 10923 10923 90079 2000800838 969034 968035
15 5 10182 10182 509163 2000816460 1008427 1003171
5 9 10686 10686 600 2002075710 960456 960531
10 1 10755 10755 2146 2003720122 960767 960663
2 8 10526 10526 42500 2003732856 964556 964045
10 2 10051 10051 4753 2004380122 961004 960879
6 9 10881 10881 102513 2005441948 970197 969076
6 8 10147 10147 1420331 2006162704 1160414 1079563
1 10 10129 10129 18993065 2004998828 2933075 2552862
10 5 10204 10204 31369 2007251870 967281 963112
10 3 10157 10157 3024908 2007087806 1279133 1214088
1 10 10130 10129 242214 2008728290 986784 980790
12 6 10873 10873 1046 2009403652 960665 960571
8 6 10152 10152 6654 2009680858 1088148 961039
9 0 10176 10176 6646 2010048686 961711 961038
15 5 10183 10182 21300 2010446104 964459 962268
14 1 10546 10546 3643401 2012088998 1499410 1265945
2 13 10352 10352 69513 2012575902 1135066 966309
3 15 10850 10850 4124571 2013380784 2606122 1306285
4 10 10930 10930 1920 2015462012 960904 960641
0 14 10952 10952 853340 2015472988 1167053 1032026
13 7 10316 10316 832162 2015655114 1058199 1030251
3 12 10238 10238 119451 2016682656 981160 970496
9 5 10967 10967 488 2017156972 960497 960522
0 11 10628 10628 96478 2017601158 1161681 968570
2 10 10400 10400 2311799 2017604224 2310116 1154302
2 9 10769 10769 230220 2019431218 982942 979784
8 5 10244 10244 38831 2019505118 998620 963736
10 5 10205 10204 111772 2020582648 978029 969851
12 5 10925 10925 3350 2023949654 961354 960763
6 10 10641 10641 16427 2023979396 963720 961859
1 12 10998 10998 216762 2024516406 1001432 978654
3 9 10020 10020 2567 2024383706 1297247 960696
0 8 10278 10277 63999 2026107534 2247478 965845
5 14 10439 10439 643 2027272218 1128112 960535
14 7 10451 10450 621612 2026697138 4718031 1012597
12 3 10747 10747 225 2030993408 1127960 960501
4 13 10738 10738 28458 2032514258 1214431 962868
7 11 10760 10760 196688 2036446786 1333646 976971
2 11 10891 10891 119861 2042472700 1307912 970529
8 1 10369 10368 29636 2051459574 6108730 962966
8 0 10749 10749 7500 2044348318 13232690 961110
11 5 10553 10552 13043 2058666474 1004922 961577
8 5 10245 10244 608360 2050064450 10246080 1011487
11 0 10166 10163 47392 2050515014 11242808 964455
8 2 10294 10294 43811 2061250214 2482228 964153
4 12 10285 10284 90180 2062271932 2499304 968043
10 5 10206 10204 90478 2069035280 988331 968067
9 5 10969 10967 56 2071330624 1072157 960488
13 1 10078 10076 906 2072137230 1239569 960556
13 3 10248 10248 66040 2080010372 3621323 966020
7 12 10985 10984 71593 2088065270 1220836 966483
9 0 10177 10176 1799 2097141012 1257973 960631
8 3 10232 10232 21973 2068266004 31374280 962322
15 1 10483 10482 454916 2100523456 1217326 998620
5 9 10689 10686 1785 2101031474 1295772 960630
11 3 10819 10819 369474 2113352554 1184275 991458
2 15 10923 10919 87981 2114444918 1160784 967856
2 12 10285 10283 60 2118012298 1294415 960488
3 8 10065 10064 1476 2122913376 1128265 960605
3 9 10021 10020 355 2142737326 1295268 960512
6 12 10620 10619 31083 2148403650 1454939 963089
4 15 10355 10354 941731 2147474146 2935442 1039435
0 15 10918 10916 482688 2153467884 1349529 1000949
7 11 10763 10760 1804 2154576436 1130310 960632
5 8 10353 10350 943 2167859418 1231759 960559
0 12 10368 10364 12285 2169612036 1162201 961512
12 0 10747 10747 10051 2194729140 1232842 961326
6 8 10150 10147 55949 2205626672 1337277 965170
1 15 10842 10839 546 2211497950 1383259 960527
5 14 10444 10439 2002645 2214639930 1514213 1128383
11 0 10169 10163 28301 2219392440 2330588 962855
5 13 10860 10858 25774 2220581192 1168246 962641
1 14 10516 10512 26533 2225486582 1144339 962706
4 10 10934 10930 21227 2228141548 1340075 962262
1 8 10157 10156 480 2235578170 1132609 960522
13 2 10653 10649 2012 2240774898 3885188 960652
5 11 10595 10588 8883 2248384128 1514724 961225
15 5 10189 10182 22289 2255084308 6768940 962351
5 8 10356 10350 62621 2276860530 1192669 965731
1 14 10517 10512 60985 2278802966 1156684 965593
3 13 10972 10970 58775 2287305606 1219855 965408
6 8 10151 10147 1243 2296495632 1332055 960587
4 12 10288 10284 444043 2298809114 1403941 997712
4 11 10725 10720 944691 2299218626 1335934 1039684
2 11 10894 10891 1362 2312060770 1507489 960596
1 14 10518 10512 110980 2319385054 1317708 969784
0 14 10955 10952 56122 2344031204 1220846 965188
4 10 10936 10930 1524655 2369816780 1416985 1088308
5 15 10928 10923 728 2372883168 1253466 960542
1 14 10519 10512 1693 2373533988 1129611 960623
5 10 10963 10956 307413 2391644162 1321921 986255
12 1 10632 10628 913 2392988688 1245712 960556
0 13 10517 10513 28 2402773850 1254750 960486
4 8 10443 10437 4167393 2406473238 2028529 1309876
10 0 10578 10573 848 2417180866 1223526 960551
4 15 10361 10354 365378 2441750472 1280993 991115
10 6 10894 10889 1616 2441979076 1128611 960616
5 11 10602 10588 77 2442711364 1378580 960490
6 9 10885 10881 5570992 2445105516 4645393 1427552
5 12 10662 10657 414123 2451178152 1334629 995203
2 14 10814 10807 595486 2458832146 1379700 1010407
2 9 10771 10769 435 2461317016 1178136 960518
4 12 10293 10284 165 2463194242 1378702 960497
4 14 10644 10639 633449 2469015684 1355582 1013590
15 5 10193 10182 4777 2471931170 1134817 960881
0 11 10635 10628 271 2477460446 1292879 960505
4 12 10294 10284 1993 2480083026 2438877 960647
3 8 10070 10064 323656 2481667660 1476622 987616
5 11 10605 10588 21230 2506246632 1219681 962262
5 11 10607 10588 35495 2528566308 1146863 963457
2 15 10934 10919 469832 2529268474 1381748 999871
0 12 10373 10364 790 2543440460 1324262 960547
3 15 10861 10850 1813256 2554106720 1795859 1112506
1 8 10166 10156 341 2555539824 1462874 960511
0 15 10925 10916 56119 2562832358 1250162 965188
10 5 10214 10204 328 2574849948 1139258 960510
5 14 10449 10439 164297 2575809326 1171591 974257
7 13 10947 10935 443 2584081204 1253882 960519
14 6 10953 10944 115 2591776822 1129248 960493
0 10 10489 10477 4705 2598513510 1129080 960875
5 11 10608 10588 1847 2613769092 1315502 960635
7 13 10950 10935 1248 2626768832 1303778 960587
7 13 10951 10935 6967 2627129404 1237125 961064
3 9 10028 10020 127457 2630257454 1425723 971168
1 14 10522 10512 187772 2664354220 1413287 976223
6 13 10289 10281 359848 2665439880 1288727 990650
8 1 10377 10368 269 2667551628 1545945 960505
4 9 10942 10931 10977723 2694818094 3516428 1880853
2 12 10294 10283 3634 2735041882 1295790 960786
7 13 10953 10935 161440 2735653564 1189786 974017
2 12 10295 10283 87542 2735960132 1153427 967821
7 10 10508 10495 1984 2736968794 1176437 960646
1 11 10114 10108 20855 2739124736 1439783 962229
4 8 10450 10437 45093 2741640264 1136604 964264
6 13 10291 10281 75540 2742726450 1218885 966815
9 4 10665 10656 844 2755853922 1334095 960551
3 10 10463 10457 91995 2760971424 1204115 968192
15 5 10198 10182 610 2767393962 1213559 960532
7 14 10695 10684 2508 2773310904 1294759 960692
1 15 10857 10839 7397 2778609592 1248407 961102
4 13 10748 10738 230940 2781679372 1255754 979842
2 13 10365 10352 435441 2788331968 1355510 996989
0 11 10642 10628 1374 2790783622 1212122 960597
4 11 10737 10720 29602 2796972414 1293207 962963
6 11 10448 10431 459198 2799931424 1319498 998982
11 0 10179 10163 934 2803370974 1202443 960558
11 2 10923 10913 495 2804554390 1200774 960523
5 10 10966 10956 110653 2808443746 1259198 969758
0 15 10927 10916 7073 2813883412 1411609 961076
3 9 10033 10020 12274 2832363320 2788890 961511
0 11 10640 10628 159553655 2758038910 77184746 14337459
3 15 10870 10850 1016 2870408874 1128888 960568
0 8 10292 10277 988219 2870981956 1628786 1043335
9 1 10252 10240 1945 2875913718 1146515 960643
3 12 10251 10238 8264 2889675770 1294496 961175
5 10 10968 10956 210330 2896579096 1181583 978116
4 12 10301 10284 173372 2902343678 1225240 975017
5 10 10969 10956 8909 2908297812 1195482 961227
2 8 10541 10526 9691 2909792638 1130062 961293
3 8 10078 10064 573 2914720852 1375160 960529
3 15 10872 10850 14093 2917010788 1219545 961665
6 10 10653 10641 1205322 2917706710 1247290 1061536
1 11 10116 10108 677 2922508116 1215988 960538
0 15 10930 10916 22543 2922905174 1390775 962371
6 11 10451 10431 1712339 2930366754 1445149 1104045
0 8 10294 10277 3983 2932525474 1376309 960814
3 15 10873 10850 9064 2933810710 1133276 961243
12 7 10845 10831 1747 2939941052 1217039 960627
8 2 10304 10294 3230 2942232258 2269784 960753
0 13 10521 10513 2557227 2947415426 1537418 1174880
9 5 10988 10967 459 2950128014 1379955 960520
1 10 10141 10129 174819 2984759774 1218406 975137
6 13 10299 10281 944 2985512288 1212245 960559
0 8 10295 10277 573 2993555084 1373430 960529
1 10 10142 10129 591 2993604586 1348390 960531
7 13 10956 10935 11543 3012318354 1133181 961449
13 2 10669 10649 228 3018836800 1461819 960502
2 13 10367 10352 761 3031082328 1648769 960544
3 11 10074 10063 424 3040984110 1301235 960517
6 15 10324 10307 538 3044351370 1630679 960526
7 15 10392 10383 2431 3052578576 1669619 960686
9 5 10992 10967 433 3061410554 1611986 960518
0 9 10567 10553 500046 3070461270 1440765 1002407
0 11 10648 10628 116925 3082814052 1444728 970283
13 6 10711 10700 2635 3103154856 1141713 960702
11 2 10928 10913 4134 3106933560 4612662 960829
1 14 10528 10512 996 3111409618 1378902 960563
3 11 10076 10063 949 3121713964 1358882 960559
4 11 10740 10720 673 3122961566 1239618 960537
7 10 10516 10495 5701 3129475430 1304336 960959
1 12 11014 10998 52817 3132143744 1140940 964908
2 11 10915 10891 872372 3135491718 1415039 1033622
6 13 10301 10281 93236 3142991294 1146994 968299
5 10 10974 10956 530680 3148392474 1466501 1004973
15 7 10055 10040 268 3162589626 1144794 960505
12 6 10897 10873 989 3168896046 1132457 960562
7 13 10957 10935 1997101 3172800732 4202006 1127920
10 3 10168 10157 112 3183646176 1337862 960492
1 12 11015 10998 17738 3198371184 1186599 961968
4 8 10465 10437 427 3198625964 1378587 960518
2 13 10372 10352 403 3202328210 1303927 960516
5 13 10880 10858 468123 3212850562 1446523 999730
7 11 10782 10760 522 3213221478 1373209 960525
0 11 10649 10628 660 3219189888 1211314 960536
8 7 10753 10732 657 3223570410 1214238 960536
6 10 10656 10641 21267 3227677462 1134763 962265
1 11 10121 10108 58267 3229034010 1218587 965367
15 5 10206 10182 1514 3231685798 1215312 960608
2 11 10917 10891 4996 3242026366 1365419 960898
5 15 10941 10923 411 3243849208 1352619 960516
13 6 10712 10700 3 3244717472 1350853 960484
6 13 10304 10281 8604 3251410706 1296471 961202
5 11 10618 10588 39626 3259751474 1408611 963803
3 10 10472 10457 29654 3275494270 1388374 962967
2 14 10826 10807 33495091 3272200346 16532988 3768711
7 8 10125 10103 745979 3292434554 1231089 1023022
4 11 10743 10720 541988 3308757178 1425720 1005920
7 9 10142 10126 1638818 3310985400 1406319 1097879
4 13 10754 10738 10802 3321292994 1385480 961386
5 13 10883 10858 54152 3332135620 1331463 965023
6 14 10810 10786 110297 3332716330 1149712 969730
9 7 10776 10759 1299 3334487460 1384458 960591
3 8 10084 10064 1322596 3350773154 1675551 1071368
3 14 10920 10902 13606 3354547668 1383250 961622
6 8 10165 10147 499657 3356598546 1306947 1002372
5 10 10977 10956 76857 3368897310 1149264 966924
15 1 10503 10482 1001 3367595510 2613990 960567
5 8 10375 10350 8049 3371435196 1128861 961158
7 13 10959 10935 9123 3371628148 1212645 961248
7 14 10714 10684 3002799 3378988582 3982604 1212235
1 13 10245 10218 2720196 3387039402 2058029 1188544
4 8 10469 10437 545 3389395924 1211763 960527
1 15 10871 10839 67589 3391904532 1423974 966148
13 3 10269 10248 677 3392824972 1181808 960538
1 12 11022 10998 1946787 3399021410 3449480 1123699
13 6 10716 10700 244 3410514500 1241631 960503
0 15 10943 10916 32266 3411590790 1221005 963188
4 9 10950 10931 471092 3422747050 1175577 999979
0 15 10945 10916 883586 3426385508 1302200 1034561
5 10 10978 10956 1440 3429059056 1139616 960602
4 14 10658 10639 1022238 3431046414 1440441 1046187
3 12 10266 10238 1853 3435333880 1243694 960635
4 9 10951 10931 14305 3442313980 1389477 961682
3 12 10267 10238 1224970 3442601950 1508719 1063181
1 11 10127 10108 598 3443132882 1211579 960531
0 13 10528 10513 22826039 3429699338 21473226 2874218
5 10 10980 10956 12636139 3448024272 6612548 2019897
7 11 10784 10760 1469067 3459527866 1353524 1083650
7 14 10716 10684 185447 3460525634 1330887 976030
4 9 10952 10931 325 3472760752 1212113 960509
3 14 10924 10902 810779 3497744426 1595891 1028456
5 12 10677 10657 2175123 3501005530 1679949 1142845
1 9 10420 10400 753 3503527548 1237388 960544
7 11 10787 10760 31371 3505081630 1134442 963112
0 15 10948 10916 23903 3505663758 1214118 962484
0 14 10974 10952 392 3525875782 1322916 960515
4 15 10380 10354 1641 3539156504 1360659 960618
3 10 10477 10457 49270 3540102028 1305125 964613
4 10 10955 10930 728 3542355162 1128553 960542
5 12 10678 10657 50673 3543222520 1142915 964729
3 14 10928 10902 557 3548424194 1383787 960528
3 9 10044 10020 2357119 3560025174 1519233 1158104
8 1 10390 10368 5304 3555385062 8572020 960927
6 13 10305 10281 54130 3576522346 1217066 965021
10 0 10600 10573 1929 3578143280 1306644 960642
2 11 10927 10891 1801071 3580235698 1383263 1111485
1 11 10129 10108 209367 3583330946 1398880 978035
2 8 10557 10526 5032062 3584974926 1856675 1382371
3 15 10881 10850 8200 3587430894 1129294 961170
5 10 10982 10956 29279 3593808242 1389510 962937
1 15 10874 10839 259662 3597994242 1261601 982251
5 15 10949 10923 20600117 3593350334 7668023 2687597
5 12 10679 10657 11012 3599942408 1141098 961407
2 8 10558 10526 37145776 3588670454 13404457 4074782
5 8 10380 10350 15 3620834760 1347571 960485
3 11 10080 10063 1487541 3626752320 1491783 1085197
7 12 11011 10984 26516 3634729060 1138201 962704
3 13 10989 10970 94798 3638107832 1287381 968428
0 13 10532 10513 32593 3651901218 2890083 963214
2 12 10312 10283 2240 3667654956 1240979 960670
9 1 10266 10240 927 3686118656 1132437 960558
5 13 10887 10858 30793842 3605189008 82219921 3542236
6 8 10168 10147 177834 3686200576 1321113 975390
5 11 10624 10588 53347 3686598204 1304716 964955
2 15 10954 10919 202970 3689872502 1258601 977497
6 9 10911 10881 996602 3691746080 1388832 1044036
7 14 10720 10684 102699 3703742282 1407118 969091
1 13 10249 10218 1745865 3705282006 1572317 1106853
0 9 10577 10553 29 3720583718 1128234 960486
6 11 10462 10431 75330 3738332272 1399052 966798
1 9 10426 10400 13647 3742469432 1482634 961625
13 7 10347 10316 34 3749698614 1129538 960486
1 12 11023 10998 248120 3783310510 2525167 981285
1 9 10427 10400 27247 3790639982 1132908 962767
5 11 10627 10588 1302 3791301432 1323057 960591
13 3 10276 10248 398 3807366432 1368526 960515
0 14 10977 10952 6925 3810578052 1293108 961060
3 13 10991 10970 608 3820668812 1451446 960532
7 13 10970 10935 545 3832789552 1348003 960527
3 15 10887 10850 1955 3836820794 1514214 960644
1 8 10182 10156 84756 3846805460 1311714 967586
5 14 10465 10439 559557 3848393212 1401053 1007394
2 14 10834 10807 51711 3857580940 1398203 964816
3 8 10093 10064 282 3883226468 1379346 960506
5 11 10631 10588 498 3887697902 1378510 960523
4 13 10766 10738 7777 3900342772 1328509 961132
8 0 10786 10749 782 3905237470 1238416 960546
2 14 10835 10807 364 3915908822 1211630 960512
7 13 10972 10935 3823 3917238298 1305233 960801
3 9 10052 10020 47490 3924081262 1289733 964463
1 9 10429 10400 1414 3933144476 1476556 960600
5 12 10691 10657 851 3942054068 1323515 960551
4 8 10478 10437 55036 3953899964 1377911 965097
0 14 10981 10952 54601511 3869833102 102728702 5538272
1 12 11026 10998 447 3972918184 1132438 960519
13 3 10278 10248 553 3981643498 1380009 960528
5 9 10717 10686 46101 3984583710 1216761 964348
7 8 10140 10103 18742243 3985048804 9883197 2531832
1 12 11027 10998 40187 3994138736 1301304 963852
15 7 10066 10040 969294 3878826034 1069499491 1041748
12 5 10932 10925 6287035 2547796520 2546004649 1487588
12 7 10859 10831 1680440 3678576536 1424881066 1101370
11 1 10414 10391 962376 3621554016 1489743177 1041168
13 0 10904 10888 1463849 3249567222 1864757251 1083209
13 1 10106 10076 1211073 3925513008 1198569960 1062019
13 5 10247 10229 1728426 3422992010 1701715898 1105393
13 7 10317 10316 5840014 2137180874 2992361229 1450110
13 4 10634 10629 3086185 2483404866 2653637531 1219228
13 3 10273 10248 2523164 3701482910 1448276268 1172025
12 4 10850 10833 5284087 3135646404 2015589038 1403501
12 2 10043 10035 5280215 2788865574 2364953561 1403176
12 5 10936 10925 7540286 2602976418 2552953755 1592660
13 4 10655 10629 7752301 3853209718 1309580212 1610435
12 5 10953 10925 9278368 3538564736 1624839454 1738380
11 3 10820 10819 5647035 2215874110 2951522617 1433931
11 5 10585 10552 2694225 3971026920 1197608338 1186366
11 1 10420 10391 3651351 3981667566 1195180514 1266611
11 5 10556 10552 19406942 2170353728 3008371619 2587558
10 1 10759 10755 16498458 2391264458 2806413794 2343712
10 2 10083 10051 7253579 3687330868 1511546877 1568621
11 4 10393 10359 4747713 3874245858 1324924100 1358529
10 7 10140 10125 43578632 2980137592 2235482040 4614113
11 7 10468 10452 12062896 3383991806 1849023164 1971833
9 0 10178 10176 108673772 2199807188 3062811212 10071689
9 0 10183 10176 635228176 2286212116 3052977285 11268340
12 3 10763 10747 1202944839 3286126660 2155263430 15916030
12 1 10640 10628 1020460570 2804800716 2655465295 43566222
