5 15 10923 10923 90079 2001601676 1207827 1207955
15 5 10182 10182 509163 2001632922 1242610 1243091
5 9 10686 10686 600 2004151420 1200270 1200451
10 1 10755 10755 2146 2007440244 1200528 1200583
2 8 10526 10526 42500 2007465714 1203876 1203965
10 2 10051 10051 4753 2008760246 1200743 1200799
6 9 10881 10881 102513 2010883896 1208857 1208996
1 10 10129 10129 18993065 2009997658 2776802 2792782
6 8 10147 10147 1420331 2012325410 1318349 1319483
10 3 10157 10157 3024908 2014175614 1451423 1454008
10 5 10204 10204 31369 2014503744 1202953 1203032
1 10 10130 10129 242214 2017456584 1220583 1220710
12 6 10873 10873 1046 2018807304 1200437 1200491
8 6 10152 10152 6654 2019361716 1201426 1200959
9 0 10176 10176 6646 2020097376 1202283 1200958
9 6 10639 10639 18411491 2019046758 2729068 2744021
15 5 10183 10182 21300 2020892212 1203838 1202188
14 2 10719 10719 3093 2024767384 1280214 1200662
2 13 10352 10352 69513 2025151808 1206275 1206229
14 1 10546 10546 3643401 2024177998 3007305 1505865
3 15 10850 10850 4124571 2026761568 1551378 1546205
9 1 10240 10240 13562198 2023747362 4729140 2337457
0 12 10364 10364 40809628 2024133244 4715091 4621880
4 10 10930 10930 1920 2030924026 1200613 1200561
0 14 10952 10952 853340 2030945976 1273287 1271946
13 7 10316 10316 832162 2031310228 1269459 1270171
9 4 10656 10656 44007 2031740700 1204043 1204093
9 3 10732 10732 2366 2031873082 1200546 1200600
3 12 10238 10238 119451 2033365314 1210463 1210416
9 5 10967 10967 488 2034313956 1200308 1200442
0 11 10628 10628 96478 2035202318 1208797 1208490
2 10 10400 10400 2311799 2035208454 1392416 1394222
2 9 10769 10769 230220 2038862442 1219556 1219704
8 5 10244 10244 38831 2039010236 1203611 1203656
5 11 10588 10588 53917 2039624484 1204931 1204920
3 11 10063 10063 622336 2039649902 1252171 1252579
10 5 10205 10204 111772 2041165300 1209665 1209771
0 8 10277 10277 59287 2042513542 1205804 1205373
12 1 10628 10628 8383519 2043004470 3615752 1903276
0 13 10513 10513 128220 2045854784 1211354 1211152
12 5 10925 10925 3350 2047899310 1200798 1200683
6 10 10641 10641 16427 2047958794 1203226 1201779
3 9 10020 10020 2567 2048767416 1200732 1200616
1 12 10998 10998 216762 2049032818 1218718 1218574
14 0 10280 10280 4558388 2050153968 1756610 1582577
14 7 10450 10450 52727 2051179576 1222047 1204821
0 8 10278 10277 63999 2052215074 1211818 1205765
14 7 10451 10450 621612 2053394286 1336361 1252517
5 14 10439 10439 643 2054544438 1205948 1200455
3 14 10902 10902 4736328 2052596824 3200633 1597496
8 6 10153 10152 5817 2054972696 1201289 1200888
6 14 10787 10786 7335 2058371712 1201890 1201017
14 6 10944 10944 51538141 2048724762 11404739 5521361
6 14 10786 10786 49375864 2050546438 9662137 5340072
11 2 10913 10913 377464 2060923092 1231844 1232048
7 14 10684 10684 685722 2061468322 1314188 1257892
12 3 10747 10747 225 2061986818 1200279 1200421
10 6 10889 10889 11681 2062442306 1201922 1201380
5 11 10589 10588 5590 2062673558 1200850 1200870
3 11 10064 10063 2020 2063675560 1200670 1200573
2 10 10401 10400 37750 2064453044 1205329 1203565
11 5 10552 10552 34202 2064904742 1203464 1203270
4 13 10738 10738 28458 2065028520 1203002 1202788
5 12 10657 10657 2160 2066705008 1200965 1200584
13 6 10700 10700 95537729 2042125620 26666342 9210284
14 7 10452 10450 1235567 2067468310 1336999 1303991
5 15 10924 10923 767344 2068569326 1267278 1264736
12 1 10629 10628 1854 2070236814 1207941 1200556
0 12 10365 10364 18381918 2069426222 2740801 2741540
10 4 10999 10999 13754507 2067941522 4778390 2353579
7 11 10760 10760 196688 2072893576 1233007 1216891
13 6 10701 10700 91568 2073318012 1208168 1208078
14 2 10720 10719 3197 2077753356 1200750 1200671
14 2 10721 10719 201769 2080502002 2501294 1217317
14 6 10945 10944 69521 2080881710 2489306 1206230
7 12 10984 10984 55715103 2073435064 10449307 5871557
2 11 10891 10891 119861 2084945408 1210588 1210449
13 1 10076 10076 29451534 2079739988 7187313 3669618
14 6 10946 10944 957646 2086362146 1280067 1280690
2 14 10807 10807 1078350 2086525720 1322794 1290811
3 8 10064 10064 11950833 2085885358 2225336 2202358
5 8 10350 10350 11510 2087373998 1201523 1201366
14 1 10547 10546 147148 2087401122 1212755 1212740
1 15 10839 10839 602347 2087489762 1250782 1250903
9 6 10640 10639 41481 2087778598 1204038 1203879
12 5 10927 10925 1359 2088187194 1200749 1200516
8 0 10749 10749 7500 2088696638 1201375 1201030
4 15 10354 10354 1741570 2089584094 1346007 1346414
15 0 10675 10675 379033189 2012896136 78124833 32978545
1 13 10218 10218 4068882 2091799438 1538199 1541535
11 0 10164 10163 2039 2092375914 1200808 1200574
11 0 10165 10163 1726565 2092913128 1391670 1345156
6 12 10619 10619 3629075 2093290480 1507242 1504665
3 11 10065 10063 238 2094846768 1200445 1200422
6 8 10148 10147 120712 2095275596 1210449 1210521
1 9 10400 10400 8496 2099725208 1209114 1201114
8 5 10245 10244 608360 2100128904 1272768 1251407
11 0 10166 10163 47392 2101030032 1226617 1204375
1 15 10840 10839 55314 2101169550 1206198 1205040
2 15 10919 10919 87920 2101356324 1209582 1207771
11 0 10163 10163 103842919 2073697798 29313283 9906590
8 1 10368 10368 308245 2102282710 1226167 1226246
8 1 10369 10368 29636 2102919156 1202990 1202886
6 11 10431 10431 4137 2102957528 1231027 1200750
10 4 11000 10999 2974641 2103052814 1453680 1449795
7 11 10761 10760 51806562 2092971454 12202238 5543863
2 11 10892 10891 2016168 2104030206 1450898 1369438
1 14 10512 10512 203675 2104307828 1220532 1217477
7 13 10935 10935 248625 2105031828 1241710 1221246
4 9 10931 10931 117411 2106047432 1213446 1210246
9 7 10759 10759 159063 2107285380 1214382 1213739
4 8 10437 10437 2546682 2107307664 1482235 1413915
11 2 10914 10913 549830 2108929836 1328555 1246498
0 8 10279 10277 564890 2112062964 1251131 1247760
4 12 10284 10284 110641 2112455196 1211427 1209677
5 9 10687 10686 2680 2112996608 1200881 1200625
9 5 10968 10967 1470477 2115730230 1419652 1323686
11 5 10553 10552 13043 2117332952 1201625 1201497
2 15 10920 10919 59246438 2108710120 11796681 6167623
14 7 10453 10450 1402 2121258736 1200724 1200519
0 15 10916 10916 7266445 2121243878 1809806 1809620
13 5 10229 10229 15694 2122466234 1201820 1201716
8 2 10294 10294 43811 2122500440 1204099 1204073
12 6 10874 10873 9032 2123024756 1201390 1201160
15 5 10184 10182 45023506 2110238194 15302860 4975172
4 12 10285 10284 90180 2124543874 1209819 1207963
8 5 10246 10244 24162424 2120847942 6746142 3226179
2 12 10283 10283 6055766 2126710476 1706347 1708116
15 1 10482 10482 2462046 2128546562 1404815 1406821
3 13 10970 10970 19763 2129962760 1202049 1202057
4 14 10639 10639 29090 2132006862 1203595 1202842
9 3 10733 10732 8898 2132390966 1201265 1201146
13 1 10077 10076 71599 2132390000 1206468 1206404
6 13 10281 10281 11467 2132618566 1201355 1201363
14 4 10471 10471 87523 2133448956 1207920 1207739
9 7 10760 10759 83078 2133611568 1207820 1207368
0 10 10477 10477 32591 2136389848 1205103 1203134
8 3 10232 10232 21973 2136532020 1202362 1202242
2 15 10921 10919 684725 2136992280 1259048 1257808
10 5 10206 10204 90478 2138070568 1209896 1207987
2 10 10402 10400 6475 2138352080 1201251 1200944
10 4 11001 10999 289483 2141354872 1228514 1224672
14 0 10281 10280 1793451 2141254066 1352306 1350765
9 7 10761 10759 48984 2142584162 1280017 1204506
9 5 10969 10967 56 2142661270 1281997 1200408
2 10 10403 10400 326 2143546608 1200410 1200429
13 1 10078 10076 906 2144274466 1200510 1200476
2 15 10922 10919 6241 2146973046 1272668 1200926
12 3 10748 10747 922855 2148037330 1302612 1277772
6 11 10432 10431 24796258 2142270062 9199126 3279321
1 14 10513 10512 26149878 2146281090 6550206 3392806
10 0 10573 10573 40680 2152000488 1215372 1203811
11 5 10554 10552 6424637 2150851640 3308951 1739042
15 6 10621 10621 31896146 2148933828 5486255 3874576
12 4 10833 10833 516560 2153537722 1254227 1243710
0 11 10629 10628 277 2153897366 1200407 1200426
0 12 10366 10364 892808 2154520238 1291463 1275253
2 13 10353 10352 20595292 2153226300 4204604 2927112
0 10 10478 10477 501881 2157820244 1251607 1242478
4 12 10286 10284 470708 2159258828 1247546 1239865
13 3 10248 10248 66040 2160020752 1211470 1205940
1 10 10131 10129 8772 2161002396 1201401 1201136
13 6 10702 10700 4036 2161086070 1201068 1200742
14 0 10282 10280 6370219 2161429944 1741847 1734482
9 4 10657 10656 2588150 2161979300 1416563 1417393
4 8 10438 10437 7806 2162894222 1201377 1201055
5 11 10590 10588 39402962 2154616706 9953693 4503944
4 14 10640 10639 90519 2164441804 1216228 1207990
7 13 10936 10935 45597 2165123358 1205920 1204224
5 14 10440 10439 69542892 2157229498 10270583 7030876
11 1 10391 10391 11154 2166371474 1202177 1201338
10 0 10574 10573 48835 2169066630 1211207 1204494
14 3 10113 10113 403 2169472628 1272109 1200436
15 0 10676 10675 4520376 2168737862 3048204 1579390
10 5 10207 10204 1258 2171507966 1200671 1200508
8 0 10750 10749 988 2171571028 1200509 1200482
7 13 10937 10935 27934 2172453238 1203704 1202742
0 10 10479 10477 859683 2174135784 1296520 1272477
15 5 10185 10182 3997 2174727458 1201022 1200735
7 12 10985 10984 71593 2176130550 1209460 1206403
5 13 10858 10858 4511255 2176442438 1585057 1578626
9 4 10658 10656 9206 2177510760 1201537 1201174
11 1 10392 10391 26331 2179667918 1203845 1202610
4 10 10931 10930 7062463 2179699948 2093840 1792518
14 2 10722 10719 7559582 2180021996 3082594 1834196
5 9 10688 10686 10411 2182112536 1201372 1201275
14 3 10114 10113 50161868 2174361846 10154640 5405971
12 6 10875 10873 155611 2183808724 1217738 1213447
6 14 10788 10786 649348 2187536632 1264126 1254843
13 5 10230 10229 168757815 2151192838 37896877 15349055
15 5 10186 10182 2550 2188709540 1200841 1200615
14 1 10548 10546 165112910 2165483504 26670016 15043466
14 7 10454 10450 9559 2192428732 1293160 1201203
1 10 10132 10129 947 2192740622 1200525 1200479
9 0 10177 10176 1799 2194282048 1203282 1200551
7 15 10383 10383 18124607 2187687344 8183764 2719968
4 11 10721 10720 2301 2196549426 1200834 1200595
11 5 10555 10552 58966 2196572272 1209073 1205343
2 10 10404 10400 17825 2197574290 1202796 1201895
6 15 10307 10307 12912 2197624202 1202542 1201482
1 9 10401 10400 32907038 2189405580 9926806 3959329
6 11 10433 10431 726603 2198338482 1291359 1261319
14 3 10115 10113 622963 2198646672 1252281 1252629
9 3 10734 10732 406 2199739378 1200430 1200436
8 7 10732 10732 37086 2200375622 1285619 1203512
15 1 10483 10482 454916 2201046926 1275766 1238540
5 9 10689 10686 1785 2202062964 1200890 1200550
2 12 10284 10283 382546 2202964878 1239378 1232474
7 11 10762 10760 35608061 2186686524 18858865 4185783
0 9 10553 10553 2848 2204963176 1200777 1200639
9 7 10762 10759 520540 2206026564 1244792 1244043
9 5 10970 10967 845544 2209169910 1335506 1271292
13 2 10649 10649 83010 2213317858 1209472 1207363
7 10 10496 10495 64715138 2190263836 25285451 6626120
10 0 10575 10573 1753556 2214404224 1397867 1347419
11 0 10167 10163 2065549 2214479608 1474162 1373577
13 1 10079 10076 7419902 2216809652 1871241 1822484
13 2 10650 10649 95377 2219295406 1210022 1208398
11 4 10359 10359 14721374 2218043798 2800101 2434642
11 7 10452 10452 63857395 2210715510 10449163 6554206
8 2 10295 10294 18096 2224666156 1202171 1201920
11 3 10819 10819 369474 2226705122 1231601 1231378
4 14 10641 10639 13219 2227088292 1202428 1201511
5 8 10351 10350 428150 2227830410 1276539 1236299
2 15 10923 10919 87981 2228889856 1210805 1207776
8 3 10233 10232 2003 2231598888 1223085 1200571
6 15 10308 10307 37797 2232187006 2512671 1203569
6 15 10309 10307 52459 2234227346 1207591 1204800
3 10 10457 10457 9228 2235236518 1201819 1201176
2 12 10285 10283 60 2236024618 1200467 1200408
11 6 10579 10579 29717 2236765076 1203493 1202892
0 14 10953 10952 849183 2237517030 1298427 1271598
15 4 10712 10712 2982 2239304750 1201330 1200650
10 6 10890 10889 7398 2239320084 1201584 1201022
3 14 10903 10902 63089 2239617092 1218593 1205692
13 1 10080 10076 61575 2241279130 1210759 1205564
15 7 10040 10040 1696815 2240998220 1631240 1342661
12 7 10831 10831 459292 2241708532 1332602 1238909
5 14 10441 10439 237680670 2200238658 44356719 21127548
3 8 10065 10064 1476 2245826764 1200627 1200525
4 13 10739 10738 158 2248897510 1200371 1200416
10 3 10158 10157 162448 2247703398 2509561 1214021
5 9 10690 10686 341 2249272838 1200556 1200431
9 6 10641 10639 19477 2249288178 1203859 1202034
15 4 10713 10712 13744 2249451576 1212267 1201553
2 14 10808 10807 22212 2251476404 1202465 1202265
9 2 10797 10797 16166640 2246834544 5882695 2555812
2 8 10527 10526 8116160 2250014702 3520977 1880862
7 10 10498 10495 1184510 2252939722 1348114 1299711
2 15 10924 10919 151444 2255433568 1213492 1213099
5 13 10859 10858 116028 2256956762 1215010 1210131
10 5 10208 10204 406835 2258620416 1249551 1234509
2 8 10528 10526 1856227 2259682950 1425349 1356029
10 6 10891 10889 888743 2259913422 1296068 1274913
4 11 10722 10720 47361559 2255518232 5957049 5171194
1 9 10402 10400 97506586 2237604346 25288935 9375353
3 10 10458 10457 23310 2262381642 1202884 1202356
9 2 10798 10797 117609 2262401016 1211124 1210261
3 12 10239 10238 422241 2263075780 1243916 1235803
6 9 10882 10881 22736672 2261817052 3343267 3106643
8 0 10751 10749 2470025 2266268342 1406835 1407490
15 0 10677 10675 12696 2267772618 1201880 1201465
2 12 10286 10283 2928 2268651934 1200757 1200645
6 8 10149 10147 223526359 2192742014 77794017 19940852
9 5 10971 10967 26116814 2264830542 7089837 3390034
12 6 10877 10873 122579085 2238596520 34996499 11477434
11 7 10453 10452 156404 2274297364 1213905 1213515
13 7 10317 10316 5840014 2274361764 1696434 1690030
12 7 10832 10831 2920912 2275385220 1523843 1445289
14 2 10723 10719 356858 2276027674 1230140 1230319
3 13 10971 10970 121970 2280371520 1210706 1210626
13 3 10249 10248 15020 2280942286 1201771 1201663
6 13 10282 10281 51165 2281691638 1204877 1204692
10 2 10052 10051 64011 2285277116 1205941 1205770
3 9 10021 10020 355 2285474670 1200344 1200432
6 11 10434 10431 4838137 2284244350 3110031 1606032
6 10 10642 10641 6867 2286788620 1201293 1200976
13 2 10651 10649 724133 2287139376 1260674 1261114
2 12 10287 10283 15072377 2283728882 4798189 2464070
0 15 10917 10916 2248308 2287514594 1392603 1388900
6 9 10883 10881 794394 2288750228 1266488 1267004
5 10 10956 10956 11174 2292282172 1201895 1201340
4 9 10932 10931 325996 2294333122 1251603 1227731
4 15 10355 10354 941731 2294948320 1344300 1279355
1 13 10219 10218 3557 2295788498 1201017 1200699
11 4 10360 10359 28328 2296377082 1203422 1202777
6 12 10620 10619 31083 2296807318 1203182 1203009
13 1 10081 10076 29675566 2294187444 7453455 3688401
0 12 10367 10364 969 2302232936 1212860 1200481
3 12 10240 10238 13500293 2301533034 2340723 2332267
12 3 10749 10747 7754 2303298132 1201466 1201051
2 14 10809 10807 50354 2303336098 1204727 1204624
11 0 10168 10163 32192 2303610826 1203310 1203102
13 7 10318 10316 21341 2304496834 1202396 1202191
11 1 10393 10391 2188 2304660296 1200724 1200586
5 15 10925 10923 1302968 2304796394 1312422 1309640
0 15 10918 10916 482688 2306935790 1241777 1240869
4 8 10439 10437 188630 2308173592 1223945 1216216
15 3 10304 10304 15542 2308259790 1205510 1201704
7 11 10763 10760 1804 2309152886 1200897 1200552
15 7 10041 10040 8405043 2307807338 2598379 1905082
15 5 10187 10182 362749433 2194518250 116423372 31613314
5 15 10926 10923 61992 2310467100 1206069 1205597
3 14 10904 10902 30438 2316940306 1203574 1202954
9 1 10241 10240 66101 2319214428 1210131 1205945
7 10 10499 10495 15647112 2316531514 5097282 2512257
13 1 10082 10076 25328633 2315937536 6860615 3323954
7 9 10126 10126 1585750 2323179668 1595266 1333350
5 8 10352 10350 793 2325191614 1200655 1200467
15 1 10484 10482 372126540 2230018082 96503812 32399490
9 3 10735 10732 1374 2326636342 1200648 1200517
1 14 10514 10512 188533 2328446346 1220720 1216208
8 7 10733 10732 691422 2329598658 1290662 1258371
1 9 10403 10400 265317 2330364212 1274731 1222646
1 15 10841 10839 25653 2330950208 1203287 1202552
1 14 10515 10512 4980 2333163200 1201083 1200817
8 6 10154 10152 141969 2334209360 1215335 1212302
15 0 10678 10675 18860237 2329539254 6550730 2781645
12 5 10926 10925 971546448 2066288304 270124922 39705183
5 8 10353 10350 943 2335718862 1200572 1200479
14 6 10947 10944 18708 2336193324 1202122 1201969
0 15 10919 10916 52068 2337695794 1206297 1204768
11 4 10361 10359 46374 2338620424 1204846 1204290
0 12 10368 10364 12285 2339224094 1202034 1201432
8 6 10155 10152 12931 2340811726 1232174 1201484
5 9 10691 10686 14679 2342807996 1279668 1201631
2 10 10405 10400 6541 2342957378 1283552 1200950
9 1 10242 10240 19561 2343486522 1203255 1202041
0 15 10920 10916 10144005 2341938860 4457065 2050877
11 5 10556 10552 19406942 2340707476 6525123 2827478
3 15 10851 10850 10821 2346511820 1212629 1201307
8 5 10247 10244 3389909 2346715750 1495972 1484610
7 8 10103 10103 294889 2347394464 1275837 1225123
9 3 10736 10732 40587174 2339724324 9037808 4603231
5 14 10442 10439 3964334 2345941874 2955817 1532772
5 12 10659 10657 2013704 2347854462 1414742 1369230
8 6 10156 10152 48781 2368279414 1287372 1204490
5 8 10355 10350 1841 2376653372 1282517 1200554
8 1 10371 10368 1509 2379956502 1364674 1200528
14 3 10116 10113 8922 2395423520 1283941 1201148
13 5 10231 10229 9415 2396968284 1365211 1201191
15 7 10042 10040 13928 2401860976 1366036 1201568
13 1 10083 10076 16434 2402239018 1283630 1201780
9 0 10179 10176 7406 2419008210 1283433 1201023
1 15 10842 10839 546 2422995920 1351863 1200447
9 0 10178 10176 108673772 2399614422 26988090 10311609
9 2 10799 10797 41905932 2447484176 5094742 4713793
6 14 10791 10786 10115 2457900318 4095691 1201251
4 11 10723 10720 1070 2461770342 1365039 1200493
1 8 10157 10156 480 2471156364 1282351 1200442
5 9 10692 10686 22948 2465851124 8196207 1202324
15 1 10486 10482 1934 2480222264 1282733 1200562
3 15 10854 10850 2233 2495795236 1282897 1200590
15 0 10679 10675 71 2517002484 1282406 1200409
10 6 10892 10889 6647 2531521700 1364812 1200958
5 10 10959 10956 19853 2519466124 13693846 1202065
10 2 10053 10051 95940 2535986716 1294404 1208443
14 0 10286 10280 1864 2536061910 1282702 1200556
15 3 10306 10304 5659 2560577500 1283168 1200875
15 2 10482 10481 43978 2569888424 1286315 1204087
7 11 10765 10760 705 2581194448 1364923 1200460
9 1 10245 10240 487 2602611032 1282405 1200442
13 0 10892 10888 26004 2631331996 1284764 1202584
10 3 10161 10157 357853 2633232490 1326605 1230402
11 5 10559 10552 380 2651852960 1364408 1200434
1 11 10109 10108 110283 2634996204 23723002 1209648
1 8 10159 10156 22484 2666891184 1290755 1202287
1 13 10222 10218 30347 2686311232 2678523 1202946
8 1 10373 10368 984 2689047954 1282619 1200482
0 9 10557 10553 1098166 2604905508 85652908 1292473
3 14 10906 10902 14553 2726097648 8628200 1201621
10 3 10162 10157 1878 2773904264 1364519 1200557
13 2 10654 10649 917 2819613790 1364710 1200477
11 3 10822 10819 9439 2832592892 1365558 1201193
10 0 10578 10573 848 2834361784 1364690 1200471
1 15 10850 10839 769 2836206806 1362812 1200465
11 3 10823 10819 1369759 2842722234 1478662 1315241
4 12 10292 10284 709 2860706532 1365104 1200460
2 9 10770 10769 988804 2760880748 108860129 1283302
10 2 10058 10051 1455 2880310286 1363675 1200524
10 6 10894 10889 1616 2883958208 1364696 1200536
0 15 10924 10916 1306 2913123190 1341392 1200512
13 1 10087 10076 31989374 2911432716 6418733 3882391
12 3 10754 10747 266322 2918875748 1326758 1222731
3 14 10908 10902 779 2929592338 1282655 1200466
9 7 10765 10759 401824 2930339322 1416118 1234089
15 3 10312 10304 432081 2938079356 1354344 1236629
12 2 10039 10035 1428 2946077656 1283678 1200521
7 13 10945 10935 45952 2930345156 28875276 1204252
4 9 10938 10931 802 2991866960 1365232 1200468
2 15 10932 10919 113638 2975878152 47122340 1209928
11 6 10582 10579 458774 3058940426 1403054 1238864
0 11 10638 10628 3439 3063840642 1295100 1200690
0 14 10960 10952 489615 3042190550 28299438 1241450
2 14 10816 10807 1484 3078271572 1283897 1200526
0 12 10373 10364 790 3086881002 1283198 1200467
10 5 10213 10204 1001 3090214708 1364763 1200487
10 5 10214 10204 328 3149699962 1364503 1200430
1 8 10167 10156 181966 3163052662 4178391 1215656
10 2 10061 10051 661728 3174971204 1447315 1255880
10 6 10897 10889 105257 3177307074 1398387 1209227
14 6 10953 10944 115 3183553712 1364332 1200413
12 4 10840 10833 599 3184782598 1364599 1200451
9 3 10741 10732 15387 3185152980 1284869 1201692
14 5 10600 10592 494073 3186848634 1485636 1241826
0 10 10489 10477 4705 3197027108 2586007 1200795
7 13 10948 10935 878 3199046748 1364635 1200474
2 8 10534 10526 6477 3194148978 6503987 1200945
4 11 10733 10720 12819 3191381988 15082432 1201475
8 3 10238 10232 1205158 3221247066 1382941 1301443
14 0 10291 10280 39947 3253278906 1289198 1203749
7 13 10951 10935 6967 3254258872 2735523 1200984
3 10 10462 10457 636880 3130983124 131325046 1253796
13 0 10896 10888 9165717 3274606362 6521971 1968854
4 8 10447 10437 47531 3265430148 28899712 1204386
6 13 10287 10281 9999 3293441452 4105377 1201238
7 15 10387 10383 90219 3257611488 42535208 1207966
1 15 10853 10839 63939 3304684492 5167471 1205760
1 10 10138 10129 1171 3309502048 1283279 1200501
1 11 10112 10108 9541 3308810378 6424581 1201201
3 11 10070 10063 432 3320795644 1282537 1200438
1 14 10522 10512 187772 3328708514 1462657 1216143
8 1 10377 10368 269 3335103336 1282349 1200425
12 0 10753 10747 83417945 3338124824 8420410 8194160
13 2 10660 10649 1804523 3348663314 1432827 1351693
1 15 10855 10839 341579 3332738330 20843364 1229039
12 3 10756 10747 19430715 3358760520 2981482 2829472
10 7 10131 10125 8170757 3379377046 4756114 1885437
0 9 10560 10553 7970 3425582428 2817357 1201068
1 15 10856 10839 218590 3345055712 83545272 1218728
12 1 10637 10628 187080 3438752276 1298273 1216088
0 8 10288 10277 1415654 3428171248 23125369 1319089
2 12 10294 10283 3634 3470083872 1283810 1200706
2 12 10295 10283 87542 3471920372 3865432 1207741
8 3 10240 10232 4830880 3480532406 2084585 1605421
15 0 10688 10675 1322924 3482481064 1393051 1311314
14 6 10955 10944 53451 3484848020 1377659 1204883
0 10 10491 10477 1853723 3332980312 157111189 1355817
2 12 10296 10283 87660 3484755626 6647152 1207750
10 5 10218 10204 191573 3499586018 1396284 1216463
3 14 10915 10902 9847 3497779806 8989223 1201226
10 2 10067 10051 15782 3506621422 1285127 1201724
9 4 10665 10656 844 3511707960 1364461 1200471
13 2 10662 10649 29091593 3512786232 26083324 3639440
8 3 10241 10232 2829 3547568696 1282954 1200637
9 0 10189 10176 80659 3556646954 1302130 1207163
15 1 10495 10482 2458890 3560340450 1487714 1406553
6 10 10650 10641 1496 3568083506 1365902 1200527
11 0 10178 10163 683851 3583933426 1353670 1257734
14 2 10727 10719 16201 3593257800 1342487 1201761
15 0 10691 10675 43884 3601464782 1289836 1204079
11 1 10400 10391 2749647 3620018186 1532756 1430931
8 3 10242 10232 1575848 3620912110 1513481 1332519
15 2 10493 10481 11811943 3588566594 53728326 2190713
3 15 10866 10850 1034 3647309830 1364818 1200490
10 4 11009 10999 265449410 3582253022 72723744 23455680
11 1 10402 10391 212410 3669756344 1390804 1218210
10 6 10901 10889 1387 3670053478 1440163 1200518
2 8 10537 10526 39906 3640609754 37663566 1203746
15 0 10692 10675 1540537 3697866682 1532670 1329560
10 2 10072 10051 3774874 3702621192 2304573 1516885
9 2 10807 10797 28308 3782483004 1370997 1202776
3 12 10252 10238 3867 3780302788 9564311 1200724
15 2 10495 10481 74536 3793001052 1329557 1206650
15 6 10636 10621 911 3800054354 1364548 1200476
15 3 10320 10304 345 3819123424 1364406 1200431
0 11 10646 10628 610 3821474554 1319576 1200452
2 8 10541 10526 9691 3819585412 3854532 1201213
5 10 10969 10956 8909 3816595738 6930706 1201147
13 0 10901 10888 106005 3829043734 1300660 1209291
6 14 10806 10786 45676 3804199828 30228281 1204230
14 6 10958 10944 5471986 3847864836 2274109 1659171
6 8 10157 10147 857 3853715522 1365812 1200472
9 3 10745 10732 62519141 3808471056 50924243 6442008
0 9 10565 10553 38950 3857856598 7982064 1203665
0 8 10294 10277 3983 3865051080 1284213 1200734
1 15 10862 10839 58597 3865211842 3922983 1205314
7 9 10138 10126 759 3877415314 1365608 1200464
11 4 10376 10359 1317 3890458282 1371802 1200513
9 5 10988 10967 459 3900256168 1364542 1200440
12 7 10846 10831 641455 3900888358 1444381 1254181
13 0 10902 10888 313 3913706162 1282484 1200428
0 9 10563 10553 637315 3778706020 136792414 1253835
0 10 10497 10477 31542 3894204248 27044308 1203046
1 9 10411 10400 917853 3865297672 76207071 1277353
14 1 10557 10546 2809865 3961704002 1636435 1435979
3 15 10869 10850 381954 3734836484 230069202 1232423
11 1 10405 10391 7551 3982379314 1283177 1201034
7 8 10114 10103 34798 3989165470 28870812 1203318
5 13 10872 10858 1084503 3678866346 448350069 1291326
7 12 10994 10984 1043578 3550743178 582972222 1287895
6 15 10310 10307 3545488 2413333162 1720446668 1497655
1 10 10139 10129 1728738 3804532014 338879819 1345338
4 15 10368 10354 630354 3878078772 266182188 1253251
5 11 10610 10588 1002143 3691654122 452736754 1284422
5 14 10452 10439 971585 3717390968 427040657 1281859
6 10 10653 10641 1205322 3835413542 309388781 1301456
1 13 10238 10218 1557291 3746084322 398787963 1330966
4 10 10937 10930 2312473 2742118274 1405212299 1394279
5 12 10670 10657 1288465 3933694026 215367010 1308426
1 11 10115 10108 2802110 3680935336 471002618 1435332
7 10 10513 10495 3136824 3871040316 281015900 1463392
7 11 10776 10760 1232753 3933799708 219677600 1303754
6 9 10893 10881 2278393 3834069000 319719238 1391422
1 9 10410 10400 6660280 3672023396 484469267 1758800
4 14 10650 10639 8843489 3912451100 244373606 1941840
7 14 10692 10684 2859836 3273810274 884525200 1440169
7 10 10502 10495 3891236 2602732970 1557774972 1526644
7 12 10997 10984 3805766 3747186840 414485666 1519476
7 10 10510 10495 2451200 3706097026 455910560 1405911
7 14 10699 10684 2763210 3784446766 378678144 1432070
7 14 10685 10684 6203268 2678129962 1485728884 1720484
4 9 10940 10931 3316031 3331979408 833201966 1478419
4 8 10443 10437 4167393 2812946532 1353613785 1549796
6 13 10297 10281 3006026 3851978024 315288130 1452428
7 12 10987 10984 5637652 2851681746 1321398248 1673062
4 8 10456 10437 5170561 3839716980 336913739 1633901
7 14 10688 10684 2167967 2774609912 1402867304 1382162
1 13 10231 10218 11231314 3514128040 664105824 2142036
5 11 10609 10588 2507778 3286688848 893962716 1410652
6 11 10451 10431 1712339 3860733636 320307072 1343965
6 11 10440 10431 3655912 2924292696 1257973210 1506912
4 8 10449 10437 9501795 3284280204 898018729 1997031
7 11 10772 10760 8367272 3504250868 679619312 1901914
15 7 10051 10040 165854573 3885124094 301103231 15105649
1 13 10239 10218 35601261 3876231194 313359909 4185212
6 10 10654 10641 1976072 3940980768 249965852 1366077
4 9 10942 10931 10977723 3389636282 804721717 2120773
4 9 10941 10931 24621573 3342945428 866023888 3264674
6 9 10886 10881 4623507 3051025828 1160926906 1588036
4 13 10751 10738 20919790 3645233476 567214450 2954316
1 8 10170 10156 36917677 3304292480 909301166 4295579
4 15 10362 10354 25144426 3067427412 1146461796 3308510
6 13 10292 10281 3614999 3501196946 712936754 1503481
5 11 10613 10588 1606459 3812202978 409742492 1335087
4 13 10740 10738 6041531 2485921054 1742287058 1706923
5 13 10873 10858 4111015 3756048202 473462678 1545071
5 10 10967 10956 4141349 3784160602 447934126 1547613
5 8 10359 10350 5781649 2949357364 1286259562 1685134
1 13 10240 10218 65184913 3890274040 347954953 6665503
1 9 10404 10400 57483411 2498393806 1741059766 6019811
7 13 10941 10935 15851537 2838860464 1401213735 2529394
5 11 10598 10588 6881830 2683592894 1557683908 1777373
7 14 10701 10684 12620386 3816645914 426606660 2258495
4 15 10366 10354 4081552 3653307968 600486935 1542599
7 14 10698 10684 17314700 3746292188 518018566 2652065
6 13 10290 10281 5701133 3388255010 876086800 1678386
6 15 10316 10307 7658242 2832551426 1431791986 1842469
7 13 10938 10935 5646156 2542344086 1739235397 1673776
4 12 10295 10284 71439877 2995759820 1286280697 7189919
7 9 10133 10126 19605096 3455481980 827561485 2844094
1 12 11009 10998 91467736 3655508340 636589567 8869056
5 12 10667 10657 10149992 3338632258 966930156 2051375
4 11 10720 10720 892850376 2098647224 2223581379 33107304
4 8 10451 10437 121895603 3668235376 657614772 11420128
4 15 10356 10354 133097313 2459252534 1875822426 12359281
1 10 10140 10129 158774437 3952957542 382774873 14512050
7 14 10702 10684 16481608 3841395630 500493543 2582219
1 12 11006 10998 26171925 3368421300 975137249 3394654
7 9 10140 10126 21440005 3943936574 408426309 2997933
14 1 10555 10546 1775377571 3834388078 518359875 21199038
7 14 10703 10684 31291344 3852388656 501549691 3823868
7 13 10955 10935 34486786 3945374468 410570960 4091772
6 11 10443 10431 14569749 3377111152 981350315 2421928
7 10 10505 10495 42471325 3102979816 1260738390 4761198
5 13 10867 10858 23720693 3284963640 1079382926 3189144
9 4 10666 10656 1788334244 3524038952 841019628 22285327
4 11 10728 10720 172019638 2833389344 1532238449 15622527
6 10 10645 10641 25389660 2863102142 1510345796 3329070
7 10 10504 10495 32959236 2722268718 1654039082 3963705
5 9 10693 10686 5911106 2635149574 1741788442 1695990
5 11 10615 10588 25727893 3913876142 465355140 3357426
7 9 10136 10126 55275995 3539090568 840571143 5834739
5 13 10865 10858 25879871 3221499818 1161436150 3370168
6 14 10800 10786 33003738 3325536758 1059473350 3967434
7 13 10952 10935 61916952 3399920056 986282383 6391517
5 8 10368 10350 45499946 3960473356 430928871 5015115
1 14 10525 10512 3097489 3593690718 805249277 1460095
7 12 10995 10984 83456641 3605699696 794754855 8197406
7 10 10501 10495 88354343 2591962106 1810688047 8608030
7 14 10700 10684 87589987 3786667006 622656994 8543944
7 12 10988 10984 114929648 3023388780 1397983486 10836103
7 15 10390 10383 115439088 3677867572 744947802 10878816
7 8 10111 10103 194334197 3438058466 1018310660 17493382
7 9 10139 10126 206015978 3912071290 549011842 18472779
7 13 10949 10935 208665915 3233460574 1227708126 18694950
7 13 10946 10935 493114918 3080363674 1427924098 42543155
7 11 10773 10760 528671262 3662389388 852165606 2574528
5 15 10930 10923 90237094 2815081114 1705037571 8765881
1 15 10860 10839 1767860685 3796556514 837447561 20568822
5 10 10958 10956 831456135 2495412892 2152089402 27960012
6 11 10442 10431 75858999 3351050680 1343070522 7560418
6 10 10651 10641 88424804 3581978026 1114329577 8613936
5 11 10614 10588 1299087138 3826472726 881701556 24216523
5 11 10591 10588 88508165 2384971188 2716764191 8620927
