5 15 10923 10923 90079 2000800838 968014 968035
15 5 10182 10182 509163 2000816460 1003217 1003171
5 9 10686 10686 600 2002075710 960336 960531
10 1 10755 10755 2146 2003720122 960628 960663
2 8 10526 10526 42500 2003732856 964016 964045
10 2 10051 10051 4753 2004380122 960844 960879
6 9 10881 10881 102513 2005441948 969057 969076
6 8 10147 10147 1420331 2006162704 1100474 1079563
1 10 10129 10129 18993065 2004998828 2591576 2552862
10 5 10204 10204 31369 2007251870 965674 963112
10 3 10157 10157 3024908 2007087806 1217175 1214088
1 10 10130 10129 242214 2008728290 982800 980790
12 6 10873 10873 1046 2009403652 960536 960571
8 6 10152 10152 6654 2009680858 1120432 961039
9 0 10176 10176 6646 2010048686 961452 961038
15 5 10183 10182 21300 2010446104 963942 962268
14 1 10546 10546 3643401 2012088998 1458656 1265945
3 15 10850 10850 4124571 2013380784 1320262 1306285
9 6 10639 10639 18411491 2009523378 6018696 2504101
9 1 10240 10240 13562198 2011873678 4055208 2097537
4 10 10930 10930 1920 2015462012 960691 960641
0 14 10952 10952 853340 2015472988 1123809 1032026
13 7 10316 10316 832162 2015655114 1030349 1030251
9 4 10656 10656 44007 2015870346 984763 964173
9 3 10732 10732 2366 2015936536 981085 960680
0 12 10364 10364 40809628 2012066622 5432833 4381960
3 12 10238 10238 119451 2016682656 970480 970496
9 5 10967 10967 488 2017156972 960354 960522
0 11 10628 10628 96478 2017601158 973506 968570
2 10 10400 10400 2311799 2017604224 1159680 1154302
2 9 10769 10769 230220 2019431218 979786 979784
8 5 10244 10244 38831 2019505118 963706 963736
5 11 10588 10588 53917 2019812242 964973 965000
3 11 10063 10063 622336 2019824950 1012723 1012659
10 5 10205 10204 111772 2020582648 969834 969851
0 8 10277 10277 59287 2021256770 965694 965453
0 13 10513 10513 128220 2022927390 1138150 971232
12 1 10628 10628 8383519 2021502234 2971166 1663356
12 5 10925 10925 3350 2023949654 961032 960763
6 10 10641 10641 16427 2023979396 963628 961859
1 12 10998 10998 216762 2024516406 998108 978654
3 9 10020 10020 2567 2024383706 1152122 960696
14 0 10280 10280 4558388 2025076980 1805606 1342657
14 7 10451 10450 621612 2026697138 1298772 1012597
0 8 10278 10277 63999 2026107534 2379819 965845
6 14 10787 10786 7335 2029185854 1226806 961097
11 2 10913 10913 377464 2030461546 1223504 992128
7 14 10684 10684 685722 2030734160 1075944 1017972
12 3 10747 10747 225 2030993408 975062 960501
2 10 10401 10400 37750 2032226518 967111 963645
4 13 10738 10738 28458 2032514258 963029 962868
5 12 10657 10657 2160 2033352502 961126 960664
5 15 10924 10923 767344 2034284660 1031260 1024816
10 4 10999 10999 13754507 2033970758 2119114 2113659
12 1 10629 10628 1854 2035118404 1127410 960636
14 2 10720 10719 3197 2038876672 3381910 960751
1 13 10218 10218 4068882 2045899716 1469724 1301615
3 11 10065 10063 238 2047423380 1232768 960502
1 9 10400 10400 8496 2049862600 1001545 961194
8 5 10245 10244 608360 2050064450 1061388 1011487
11 0 10166 10163 47392 2050515014 1005895 964455
2 11 10892 10891 2016168 2052015098 1313110 1129518
0 8 10279 10277 564890 2056031478 1007895 1007840
11 5 10553 10552 13043 2058666474 962625 961577
0 15 10916 10916 7266445 2060621934 1581300 1569700
8 2 10294 10294 43811 2061250214 974800 964153
12 6 10874 10873 9032 2061512374 964031 961240
4 12 10285 10284 90180 2062271932 1135317 968043
13 5 10229 10229 15694 2061233116 2424880 961796
13 1 10076 10076 29451534 2039869994 23899637 3429698
2 12 10283 10283 6055766 2063355232 1564497 1468196
3 13 10970 10970 19763 2064981376 962141 962137
4 14 10639 10639 29090 2066003426 962891 962922
8 5 10246 10244 24162424 2060423966 6628275 2986259
9 3 10733 10732 8898 2066195474 961864 961226
13 1 10077 10076 71599 2066194998 967208 966484
6 13 10281 10281 11467 2066309280 961409 961443
14 4 10471 10471 87523 2066724470 967798 967819
9 7 10760 10759 83078 2066805774 967426 967448
0 10 10477 10477 32591 2068194918 963183 963214
8 3 10232 10232 21973 2068266004 962290 962322
2 15 10921 10919 684725 2068496134 1017962 1017888
10 5 10206 10204 90478 2069035280 968046 968067
2 10 10402 10400 6475 2069176034 960990 961024
10 4 11001 10999 289483 2070677432 1012790 984752
14 0 10281 10280 1793451 2070627024 1141396 1110845
9 7 10761 10759 48984 2071292070 970668 964586
9 5 10969 10967 56 2071330624 960124 960488
2 10 10403 10400 326 2071773298 967413 960509
13 1 10078 10076 906 2072137230 966604 960556
6 11 10432 10431 24796258 2071135028 3135167 3039401
2 15 10922 10919 6241 2073486516 1046164 961006
12 3 10748 10747 922855 2074018660 1041640 1037852
1 14 10513 10512 26149878 2073140538 3338506 3152886
10 0 10573 10573 40680 2076000240 1250282 963891
12 4 10833 10833 516560 2076768856 1016862 1003790
0 11 10629 10628 277 2076948676 1063001 960506
11 5 10554 10552 6424637 2075425818 3026451 1499122
0 12 10366 10364 892808 2077260112 1456402 1035333
4 12 10286 10284 470708 2079629408 1263160 999945
13 3 10248 10248 66040 2080010372 1116917 966020
4 8 10438 10437 7806 2081447104 1252724 961135
7 13 10936 10935 45597 2082561674 2498790 964304
2 13 10353 10352 20595292 2076613142 8575458 2687192
14 3 10113 10113 403 2084736304 980048 960516
15 0 10676 10675 4520376 2084368926 1758084 1339470
7 13 10937 10935 27934 2086226614 984858 962822
6 14 10788 10786 649348 2093768312 1237384 1014923
1 10 10132 10129 947 2096370302 1267002 960559
14 2 10722 10719 7559582 2090010986 9032408 1594276
6 15 10307 10307 12912 2098812096 1488284 961562
15 1 10483 10482 454916 2100523456 1104044 998620
2 12 10284 10283 382546 2101482430 1307726 992554
13 2 10650 10649 95377 2109647696 1102018 968478
8 2 10295 10294 18096 2112333070 962040 962000
11 3 10819 10819 369474 2113352554 1018421 991458
5 8 10351 10350 428150 2113915196 1064087 996379
2 15 10923 10919 87981 2114444918 975544 967856
7 15 10383 10383 18124607 2093843666 22407666 2480048
8 3 10233 10232 2003 2115799436 960816 960651
6 15 10308 10307 37797 2116093498 974504 963649
7 11 10762 10760 35608061 2093343256 24669712 3945863
6 15 10309 10307 52459 2117113668 969278 964880
3 10 10457 10457 9228 2117618254 972509 961256
2 12 10285 10283 60 2118012298 966336 960488
11 6 10579 10579 29717 2118382530 965064 962972
0 14 10953 10952 849183 2118758506 1201536 1031678
10 6 10890 10889 7398 2119660036 1133962 961102
3 14 10903 10902 63089 2119808540 1137898 965772
12 7 10831 10831 459292 2120854258 1075916 998989
3 8 10065 10064 1476 2122913376 1017569 960605
15 4 10713 10712 13744 2124725780 1051020 961633
2 14 10808 10807 22212 2125738190 964072 962345
2 8 10527 10526 8116160 2125007340 1709937 1640942
2 15 10924 10919 151444 2127716772 1096033 973179
10 6 10891 10889 888743 2129956702 1614373 1034993
3 10 10458 10457 23310 2131190814 965860 962436
15 0 10677 10675 12696 2133886300 1139087 961545
2 12 10286 10283 2928 2134325954 2589325 960725
3 13 10971 10970 121970 2140185752 1091807 970706
13 3 10249 10248 15020 2140471134 1101787 961743
10 2 10052 10051 64011 2142638548 1135863 965850
6 10 10642 10641 6867 2143394302 1130179 961056
0 12 10367 10364 969 2151116458 960729 960561
12 3 10749 10747 7754 2151649058 1184151 961131
2 14 10809 10807 50354 2151668036 1204995 964704
11 1 10393 10391 2188 2152330138 2167350 960666
4 9 10932 10931 325996 2147166548 7881762 987811
5 15 10926 10923 61992 2155233538 1402726 965677
3 14 10904 10902 30438 2158470144 966241 963034
7 10 10499 10495 15647112 2158265750 3597542 2272337
5 8 10352 10350 793 2162595794 960524 960547
1 14 10514 10512 188533 2164223164 1149541 976288
1 9 10403 10400 265317 2165182096 1006291 982726
1 15 10841 10839 25653 2165475094 1296737 962632
5 8 10353 10350 943 2167859418 1125962 960559
11 4 10361 10359 46374 2169310202 969707 964370
15 0 10678 10675 18860237 2164769618 5718239 2541725
0 12 10368 10364 12285 2169612036 1129011 961512
8 6 10155 10152 12931 2170405852 2374790 961564
9 1 10242 10240 19561 2171743238 3558432 962121
8 5 10247 10244 3389909 2173357864 7619181 1244690
4 10 10933 10930 2673215 2181232648 1361464 1184605
10 1 10756 10755 16059 2183313368 1088077 961830
8 6 10156 10152 48781 2184139696 1135014 964570
8 1 10370 10368 17803 2186892888 1129922 961973
3 10 10459 10457 60200 2193329870 1158623 965530
7 10 10500 10495 36147 2195773518 1153671 963513
5 14 10443 10439 25049 2195677430 1322456 962583
15 5 10188 10182 24320919 2183619768 14706522 2999546
13 2 10652 10649 9602 2198722914 1113912 961286
0 10 10480 10477 576 2198770822 1126565 960529
9 6 10642 10639 4665995 2196466744 10315619 1351677
5 11 10593 10588 76298 2206517338 967246 966879
0 10 10481 10477 11580573 2210466002 1950291 1931396
0 12 10369 10364 26235 2211599460 1131588 962682
11 1 10394 10391 790 2212353924 960527 960547
2 12 10289 10283 15310812 2211441252 2261518 2244139
6 14 10790 10786 293044 2214247628 985064 985052
11 3 10820 10819 5647035 2215874110 2019914 1433931
5 13 10860 10858 25774 2220581192 1097498 962641
3 9 10023 10020 30464 2230567220 1132380 963036
4 11 10723 10720 1070 2230885156 1144888 960573
1 8 10157 10156 480 2235578170 1126512 960522
13 0 10890 10888 23918 2239626116 1190291 962485
6 11 10437 10431 370633 2242002166 1158341 991555
4 13 10740 10738 6041531 2242960512 1476166 1467003
15 2 10481 10481 9518 2243611420 1127022 961279
13 6 10703 10700 61537 2243311266 2272633 965641
0 9 10555 10553 1982061 2244652606 1459727 1126659
0 11 10630 10628 17940038 2244600270 2646310 2464576
3 15 10854 10850 2233 2247897604 1124669 960670
5 11 10595 10588 8883 2248384128 994305 961225
15 5 10189 10182 22289 2255084308 963862 962351
15 3 10305 10304 1547666 2255675968 1164719 1090237
12 5 10928 10925 265833 2257853692 1139224 982768
15 0 10679 10675 71 2258501230 1281832 960489
4 8 10440 10437 189379 2259459678 1081390 976359
1 15 10846 10839 3369 2259459476 1125272 960764
5 10 10959 10956 19853 2259733040 1048044 962145
7 9 10127 10126 88888 2259690298 1256872 967932
5 13 10861 10858 19076669 2256776936 4453661 2559869
10 0 10576 10573 18559 2264837214 962225 962037
14 0 10286 10280 1864 2268030936 967195 960636
0 11 10631 10628 1820 2270011464 1158500 960633
7 9 10128 10126 757799 2274376220 1059248 1024014
2 13 10355 10352 31765 2274900740 967846 963144
5 10 10960 10956 2062 2275195928 1008370 960656
10 2 10054 10051 1842739 2277309064 1602113 1114976
6 13 10283 10281 330950 2284097440 1122778 988227
13 3 10250 10248 127206 2284553752 1324790 971148
15 2 10482 10481 43978 2284944200 1387796 964167
4 10 10935 10930 11460 2285553444 1136052 961442
6 12 10621 10619 154387 2283501750 3835695 973426
6 8 10151 10147 1243 2296495632 1318274 960587
4 12 10289 10284 21838 2315096170 1229667 962311
11 5 10559 10552 380 2325926462 1218854 960514
5 15 10927 10923 2176180 2329097982 1383959 1142934
0 13 10514 10513 1491 2337464898 1293815 960606
7 11 10766 10760 18599495 2336414224 2882881 2519863
0 13 10515 10513 10210 2338221652 1294865 961339
0 14 10955 10952 56122 2344031204 1145062 965188
0 12 10372 10364 5579 2347784404 1264315 960949
5 10 10962 10956 14819 2348739976 1129179 961723
9 0 10184 10176 902 2370245626 1377498 960556
5 11 10600 10588 44244305 2366652310 5262784 4669925
0 13 10517 10513 28 2402773850 1238367 960486
13 2 10654 10649 917 2409806866 1319731 960557
4 9 10937 10931 29950 2410024894 1295050 962991
3 13 10974 10970 66755 2412145392 1303740 966077
1 15 10850 10839 769 2418103378 1150836 960545
3 15 10855 10850 23360 2426679244 1296207 962440
4 11 10729 10720 236497 2428823464 1313794 980309
4 15 10361 10354 365378 2441750472 1172054 991115
1 8 10163 10156 497120 2470047228 1318862 1002161
3 8 10070 10064 323656 2481667660 1253566 987616
2 9 10772 10769 435658 2490016918 1200010 997006
1 13 10227 10218 1588 2538092584 1377019 960614
3 11 10068 10063 3546049 2542401254 1508289 1257784
1 9 10408 10400 6831757 2560538016 3832457 1533255
9 3 10741 10732 15387 2592576440 2271572 961772
13 3 10255 10248 852 2603277928 1211402 960552
4 13 10744 10738 7666 2622570280 1378165 961124
6 13 10286 10281 382080 2629097364 1409761 992517
7 14 10694 10684 738322 2670065302 1334389 1022383
11 0 10175 10163 373 2674627028 1379718 960513
1 13 10229 10218 317309 2712792894 1154251 987085
7 13 10953 10935 161440 2735653564 1224013 974017
13 7 10324 10316 676 2751308460 1378513 960537
8 1 10378 10368 492 2760861238 1210791 960523
15 5 10198 10182 610 2767393962 1128197 960532
6 13 10294 10281 18072 2771511376 1298444 961998
7 12 10994 10984 1043578 2775371542 1215332 1047975
11 2 10923 10913 495 2804554390 1211361 960523
4 13 10749 10738 8804 2814500004 1288716 961218
4 13 10751 10738 20919790 2822616684 3495987 2714396
12 3 10757 10747 434 2841525978 1263514 960518
0 15 10928 10916 980 2842360738 1210705 960562
2 8 10539 10526 66438 2880194922 1225072 966052
4 14 10649 10639 284308 2896219690 1175283 984319
13 3 10258 10248 17142 2916096072 9932847 961920
2 10 10415 10400 2415 2939169018 1294032 960684
2 11 10910 10891 23587 2943210404 1381004 962459
11 6 10590 10579 517 2977494674 1377829 960525
0 11 10647 10628 1244 3005411596 1246594 960587
7 12 11000 10984 26101 3021303844 1215021 962671
5 10 10970 10956 153815 3046418032 1296700 973376
4 8 10462 10437 425808 3054210188 1460023 996180
7 14 10705 10684 153978 3057782898 1313637 973389
15 4 10729 10712 673 3075096366 1316225 960537
5 13 10879 10858 3734 3087483334 1210853 960794
2 13 10369 10352 375578 3121833716 1242244 991970
1 12 11014 10998 52817 3132143744 1218728 964908
4 15 10371 10354 202821 3163075866 1159778 977485
5 15 10940 10923 4655 3184822530 1127996 960871
6 9 10901 10881 5626 3198587918 1294786 960953
8 6 10165 10152 1800 3208841798 1381783 960631
6 12 10633 10619 613892 3209108952 1179449 1011949
6 15 10330 10307 58877 3237186958 1132693 965416
11 6 10598 10579 576 3253401776 1463573 960529
8 7 10755 10732 1899 3253991376 1132737 960639
13 0 10905 10888 790 3254071520 1296679 960547
14 5 10615 10592 760 3273188026 1380715 960544
0 11 10650 10628 96212 3274454388 1136033 968549
9 6 10663 10639 898 3292429208 1379268 960555
5 8 10373 10350 5827172 3296092454 1784261 1449033
10 2 10080 10051 2998 3311848998 2770988 960731
0 14 10969 10952 52534 3335370244 1382020 964886
4 15 10376 10354 15970782 3376722178 2769318 2299471
1 12 11022 10998 1946787 3399021410 1623192 1123699
1 9 10419 10400 2609345 3423852506 1347419 1179250
4 13 10755 10738 2006792 3428219888 1380444 1128730
2 15 10950 10919 2328389 3469768048 1572792 1155694
4 9 10952 10931 325 3472760752 1127286 960509
5 12 10676 10657 2707527 3499474930 1831951 1187480
2 11 10926 10891 212675 3529146424 1413746 978311
0 8 10304 10277 1079725 3579730218 1301557 1051005
1 15 10874 10839 259662 3597994242 1149618 982251
7 10 10524 10495 8281378 3600954998 2074624 1654793
0 10 10511 10477 490 3640221768 1127416 960523
6 12 10639 10619 1059066 3640378414 1466103 1049275
0 11 10657 10628 94888 3655032846 1218677 968435
5 8 10382 10350 58387 3661863820 1132033 965377
0 8 10307 10277 944 3663855306 1294157 960559
11 7 10474 10452 3976 3710971524 2777289 960813
1 14 10540 10512 433031 3724136902 1413641 996789
12 2 10060 10035 748 3741705332 1321526 960543
6 12 10643 10619 32058264 3748782528 7854704 3648247
0 11 10659 10628 90342 3772887974 1301990 968056
6 13 10312 10281 3469383 3793221550 1502716 1251355
1 11 10130 10108 6613 3815566934 1377265 961035
2 12 10315 10283 406 3832870428 1210192 960516
3 8 10092 10064 11342 3834687476 1209317 961433
5 10 10986 10956 1198 3841342396 1222354 960583
12 5 10962 10925 686 3852498534 1299382 960538
1 10 10154 10129 43759 3860103174 1298052 964149
5 11 10630 10588 178015 3860664432 1392223 975408
6 9 10913 10881 50947 3883293612 1136338 964751
7 11 10794 10760 39260 3886722678 1130910 963774
7 15 10409 10383 7519 3902795534 1377743 961112
5 12 10691 10657 851 3942054068 1375654 960551
15 7 10067 10040 621 3961053640 1141714 960533
3 11 10087 10063 4048 3966331712 1128112 960823
7 11 10797 10760 16146038 3987349638 4317660 2314167
11 6 10604 10579 1549851 3754558596 1509119402 1090420
9 5 10995 10967 2023183 3242497572 2081741472 1130106
9 5 10976 10967 3987591 2407660220 3247139377 1294801
9 5 11002 10967 2813561 3709563772 2025836282 1196370
8 4 10615 10584 2745923 3959901436 1888286593 1190698
