5 15 10923 10923 360316 2003203355 10230625 10230611
15 5 10182 10182 2036655 2003265846 10371436 10371154
5 9 10686 10686 2400 2008302845 10200560 10200603
10 1 10755 10755 8584 2014880491 10201079 10201121
2 8 10526 10526 170001 2014931430 10214640 10214656
10 2 10051 10051 19013 2017520495 10202378 10201997
6 9 10881 10881 410054 2021767795 10234931 10234782
6 8 10147 10147 5681326 2024650826 10677712 10676724
1 10 10129 10129 75972262 2019995316 16582338 16569917
10 5 10204 10204 125479 2029007493 10222429 10210922
10 3 10157 10157 12099632 2028351233 11278631 11214834
1 10 10130 10129 968856 2034913170 10284934 10281629
12 6 10873 10873 4185 2037614610 10200747 10200754
8 6 10152 10152 26616 2038723434 10204789 10202632
9 0 10176 10176 26584 2040194754 10210009 10202630
15 5 10183 10182 85201 2041784431 10217670 10207546
9 6 10639 10639 73645964 2038093516 16392006 16374877
2 13 10352 10352 278054 2050303620 10223970 10223715
3 15 10850 10850 16498284 2053523139 11664669 11583618
14 2 10719 10719 12373 2049534771 20515945 10201439
4 10 10930 10930 7680 2061848055 10201155 10201045
0 14 10952 10952 3413362 2061891954 10939310 10486578
9 5 10967 10967 1952 2068627921 10200541 10200563
0 11 10628 10628 385915 2070404640 10316247 10232755
2 10 10400 10400 9247197 2070416915 11060344 10975688
13 7 10316 10316 3328650 2062620459 20847445 10479475
9 4 10656 10656 176028 2063481405 20596947 10215161
9 1 10240 10240 54248792 2047494729 39728038 14748619
2 9 10769 10769 920882 2077724891 10277891 10277607
8 5 10244 10244 155324 2078020477 10213415 10213424
5 11 10588 10588 215669 2079248976 10219070 10218482
3 11 10063 10063 2489344 2079299810 10415012 10409109
10 5 10205 10204 447089 2082330607 10256664 10237887
14 1 10546 10546 14573607 2048355996 44700964 11422252
0 8 10277 10277 237150 2085027088 10226842 10220285
0 13 10513 10513 512881 2091709572 10336446 10243400
3 9 10020 10020 10268 2097534840 10267094 10201263
1 12 10998 10998 867048 2098065641 10442067 10273096
0 8 10278 10277 255999 2104430153 10337191 10221862
5 14 10439 10439 2572 2109088887 10533671 10200617
6 14 10787 10786 29342 2116743433 10513129 10202862
14 0 10280 10280 18233555 2100307941 34567433 11729102
3 11 10064 10063 8082 2127351130 10284198 10201081
2 10 10401 10400 151003 2128906097 10308967 10213063
11 5 10552 10552 136809 2129809485 10295437 10211870
7 11 10760 10760 786753 2145787159 10415826 10266362
5 8 10350 10350 46040 2174748014 10414265 10204263
11 2 10913 10913 1509858 2121846185 72292602 10326987
9 4 10657 10656 10352601 2323958626 55352494 11068363
13 1 10080 10076 246301 2482558278 10449879 10221052
5 9 10690 10686 1366 2498545714 10283941 10200516
3 15 10851 10850 43287 2693023669 10373012 10204031
6 11 10437 10431 1482533 2968008764 10463889 10324697
15 0 10679 10675 286 3034005013 10457475 10200426
1 15 10846 10839 13476 3037838004 10442610 10201531
7 9 10127 10126 355552 3038761269 10370745 10230211
15 2 10482 10481 175914 3139776900 20830439 10215148
13 3 10250 10248 508827 3138215149 31998693 10243060
7 10 10501 10495 353417374 3183924260 41656455 39830915
9 1 10245 10240 1951 3205222143 20721148 10200563
13 1 10085 10076 21484 3257763459 10385138 10202203
15 0 10681 10675 693618 3259415980 10949266 10258554
4 11 10730 10720 15366 3726152656 10349111 10201690
14 0 10288 10280 269846 3747814597 10616528 10223024
12 6 10884 10873 4929 3847501015 10451340 10200813
12 3 10755 10747 366984 3848719576 10567849 10231168
1 11 10111 10108 118749 3850821128 10659692 10210356
15 2 10488 10481 5714 3891389395 10373157 10200880
15 6 10625 10621 2533799 3876158799 36307201 10412834
12 1 10635 10628 83333921 3777185430 143918355 17187116
