5 15 10923 10923 90079 2000800838 967918 968035
5 9 10686 10686 600 2002075710 960329 960531
10 1 10755 10755 2146 2003720122 960619 960663
2 8 10526 10526 42500 2003732856 963967 964045
10 2 10051 10051 4753 2004380122 960834 960879
6 9 10881 10881 102513 2005441948 968948 969076
6 8 10147 10147 1420331 2006162704 2178653 1079563
1 10 10129 10129 18993065 2004998828 4169945 2552862
10 3 10157 10157 3024908 2007087806 2270755 1214088
1 10 10130 10129 242214 2008728290 982548 980790
12 6 10873 10873 1046 2009403652 960528 960571
8 6 10152 10152 6654 2009680858 1120386 961039
9 0 10176 10176 6646 2010048686 961696 961038
14 2 10719 10719 3093 2012383690 2253795 960742
4 10 10930 10930 1920 2015462012 960613 960641
9 4 10656 10656 44007 2015870346 966791 964173
9 3 10732 10732 2366 2015936536 960919 960680
3 15 10850 10850 4124571 2013380784 3697645 1306285
3 12 10238 10238 119451 2016682656 974590 970496
0 11 10628 10628 96478 2017601158 979098 968570
2 10 10400 10400 2311799 2017604224 2300948 1154302
9 1 10240 10240 13562198 2011873678 8403006 2097537
2 9 10769 10769 230220 2019431218 986286 979784
5 11 10588 10588 53917 2019812242 964914 965000
0 8 10277 10277 59287 2021256770 1021197 965453
12 5 10925 10925 3350 2023949654 961247 960763
6 10 10641 10641 16427 2023979396 964038 961859
1 12 10998 10998 216762 2024516406 997749 978654
3 9 10020 10020 2567 2024383706 1293033 960696
7 14 10684 10684 685722 2030734160 1090486 1017972
12 3 10747 10747 225 2030993408 1129890 960501
14 0 10280 10280 4558388 2025076980 7873409 1342657
4 13 10738 10738 28458 2032514258 962887 962868
5 12 10657 10657 2160 2033352502 1156620 960664
12 1 10629 10628 1854 2035118404 1124962 960636
7 11 10760 10760 196688 2036446786 1164506 976971
14 6 10945 10944 69521 2040440848 1217571 966310
2 11 10891 10891 119861 2042472700 1138792 970529
2 14 10807 10807 1078350 2043262856 1252353 1050891
5 8 10350 10350 11510 2043686996 1075530 961446
12 5 10927 10925 1359 2044093594 1181740 960596
8 0 10749 10749 7500 2044348318 961649 961110
1 15 10839 10839 602347 2043744878 2134364 1010983
8 1 10368 10368 308245 2051141352 1327047 986326
8 1 10369 10368 29636 2051459574 1129704 962966
2 15 10919 10919 87920 2050678158 3492385 967851
7 13 10935 10935 248625 2052515910 2235491 981326
9 5 10968 10967 1470477 2057865106 1428435 1083766
11 5 10553 10552 13043 2058666474 962446 961577
3 13 10970 10970 19763 2064981376 2436673 962137
10 5 10206 10204 90478 2069035280 1100755 968067
8 3 10232 10232 21973 2068266004 3504797 962322
9 5 10969 10967 56 2071330624 1203605 960488
13 1 10078 10076 906 2072137230 1147640 960556
0 8 10279 10277 564890 2056031478 17678053 1007840
4 12 10286 10284 470708 2079629408 1239899 999945
11 5 10554 10552 6424637 2075425818 6891247 1499122
15 0 10676 10675 4520376 2084368926 1807013 1339470
7 13 10937 10935 27934 2086226614 3959780 962822
4 8 10438 10437 7806 2081447104 10443872 961135
9 0 10177 10176 1799 2097141012 1348048 960631
6 15 10307 10307 12912 2098812096 1489532 961562
2 10 10404 10400 17825 2098787136 2452306 961975
0 9 10553 10553 2848 2102481580 1237783 960719
11 3 10819 10819 369474 2113352554 1293292 991458
15 4 10712 10712 2982 2119652368 1321512 960730
11 4 10359 10359 14721374 2109021892 16337406 2194722
11 2 10913 10913 377464 2030461546 97489377 992128
10 6 10891 10889 888743 2129956702 1408605 1034993
13 1 10076 10076 29451534 2039869994 101610776 3429698
9 5 10971 10967 26116814 2132415252 13093619 3150114
2 15 10923 10919 87981 2114444918 34545926 967856
0 12 10367 10364 969 2151116458 1288795 960561
12 3 10749 10747 7754 2151649058 1159055 961131
6 12 10620 10619 31083 2148403650 10884622 963089
1 14 10515 10512 4980 2166581590 1272631 960897
4 8 10439 10437 188630 2154086782 14492072 976296
9 1 10242 10240 19561 2171743238 1290258 962121
2 10 10405 10400 6541 2171478676 3617465 961030
11 4 10362 10359 15253 2176651570 1291402 961761
15 0 10678 10675 18860237 2164769618 15776134 2541725
14 7 10455 10450 916 2181725644 1434187 960557
9 3 10734 10732 406 2099869676 91094474 960516
12 0 10747 10747 10051 2194729140 1395719 961326
0 10 10480 10477 576 2198770822 1167610 960529
14 1 10549 10546 30914 2202304568 1205704 963072
1 15 10842 10839 546 2211497950 1258039 960527
15 5 10188 10182 24320919 2183619768 32704354 2999546
5 13 10860 10858 25774 2220581192 1133198 962641
14 0 10284 10280 57221 2221497114 1134708 965280
8 4 10585 10584 2253 2230257090 1237260 960671
1 8 10157 10156 480 2235578170 1126260 960522
12 2 10036 10035 25412066 2217761016 19477954 3091031
9 3 10736 10732 40587174 2169862140 68052388 4363311
15 5 10189 10182 22289 2255084308 1133656 962351
15 0 10679 10675 71 2258501230 1252875 960489
11 7 10452 10452 63857395 2105357750 157775989 6314286
9 2 10799 10797 41905932 2223742064 44173505 4473873
14 0 10286 10280 1864 2268030936 1127427 960636
10 2 10053 10051 95940 2267993346 1303099 968523
4 15 10357 10354 1618 2268522976 1292685 960617
0 11 10631 10628 1820 2270011464 1292714 960633
8 7 10735 10732 2028 2290679120 1293244 960653
13 4 10632 10629 1478 2310770844 1338283 960605
8 2 10298 10294 111878 2314789020 1468643 969860
13 0 10892 10888 26004 2315665974 1401479 962664
15 6 10622 10621 1600753 2324730976 1451392 1094688
11 5 10559 10552 380 2325926462 1213410 960514
10 6 10893 10889 270769 2325462312 2539023 983182
5 8 10358 10350 21980 2328935970 1300716 962322
15 0 10682 10675 12222 2332637264 1163021 961507
9 6 10647 10639 22683 2336376382 1131231 962382
0 13 10514 10513 1491 2337464898 1348386 960606
14 4 10473 10471 30380 2338495252 1132047 963029
8 1 10373 10368 984 2344523954 1452707 960562
2 13 10358 10352 194 2352996018 1473837 960499
12 1 10631 10628 11438 2360167016 2835781 961441
8 5 10251 10244 11977247 2340738684 29880482 1964655
15 2 10485 10481 412 2370560478 1343003 960516
12 7 10836 10831 14268 2371918432 1129381 961679
15 2 10486 10481 244919 2384238048 1333608 981014
11 4 10363 10359 1837842 2387741402 1416222 1114565
12 1 10632 10628 913 2392988688 1454899 960556
4 12 10290 10284 477 2409869352 1205158 960522
4 10 10940 10930 2752 2411530068 1228945 960711
15 3 10310 10304 1158 2418696514 1230997 960580
2 11 10899 10891 9305 2422173106 1239577 961262
5 12 10661 10657 14580 2428234050 1269473 961704
5 11 10602 10588 77 2442711364 1292861 960490
7 11 10768 10760 830 2446362316 1357264 960550
6 12 10622 10619 66729 2448701198 1306894 966075
12 3 10755 10747 91746 2462179844 1167911 968172
1 11 10111 10108 29687 2462705234 2274979 962970
7 13 10945 10935 45952 2465172556 7573738 964332
5 8 10360 10350 55065 2479467484 2958175 965100
2 11 10900 10891 4816 2492785632 1286472 960884
14 3 10114 10113 50161868 2087180912 408269065 5166051
4 13 10742 10738 4911 2505832238 1173494 960892
6 14 10796 10786 54569 2519114560 1258819 965056
3 10 10461 10457 3521 2521298092 1174927 960777
1 9 10407 10400 2307 2524311570 1349553 960676
7 12 10989 10984 151094 2522291250 5016878 973151
12 7 10839 10831 3154 2532014104 1239460 960747
12 7 10840 10831 3883 2552320052 1296596 960806
13 7 10323 10316 845221 2562738798 2555128 1031346
11 3 10826 10819 75072 2567003648 1304322 966777
11 6 10584 10579 36836 2576848548 1297720 963568
11 5 10564 10552 237 2606057464 1403156 960502
14 5 10601 10592 169601 2615230648 1264691 974700
3 11 10070 10063 432 2660397788 1554135 960518
6 13 10288 10281 14131 2662410500 1340630 961668
7 15 10388 10383 10871 2665100312 1216261 961391
7 11 10771 10760 27945 2690689592 3973887 962823
15 4 10721 10712 20576 2696974264 1296424 962206
7 12 10993 10984 902 2718002022 1267161 960556
12 6 10888 10873 45670 2731087970 1190365 964310
7 10 10508 10495 1984 2736968794 1128895 960646
8 3 10239 10232 3969 2737439514 1144834 960812
11 6 10588 10579 642160 2743192350 1310157 1014321
14 6 10956 10944 7851 2744695860 1283864 961138
9 3 10743 10732 6884694 2742152540 5588975 1537693
14 0 10294 10280 102414 2748841122 1144248 969068
3 14 10915 10902 9847 2748889864 1128684 961306
9 3 10742 10732 11391704 2714074260 38317820 1915561
12 5 10938 10925 598 2751458860 1126702 960531
11 2 10921 10913 156681 2753625506 1155512 973617
6 13 10291 10281 75540 2742726450 21383821 966815
3 10 10463 10457 91995 2760971424 6346342 968192
14 6 10957 10944 11884 2782364388 1229499 961476
3 9 10032 10020 52754 2787078764 2818224 964903
5 8 10362 10350 9024 2791613260 5468489 961240
2 10 10413 10400 11726 2806693256 4100073 961464
0 9 10562 10553 598629 2770129184 43475020 1010670
8 1 10379 10368 3866 2813306272 1237651 960804
9 5 10984 10967 565 2826709310 1292597 960529
8 5 10269 10244 15874 2841196490 1165119 961811
1 13 10236 10218 56841 2840993446 5401335 965246
6 14 10803 10786 2675 2847828504 1409337 960705
12 5 10941 10925 934 2849797024 1292650 960558
9 6 10648 10639 62965638 2423537992 432739426 6239520
15 7 10049 10040 157498 2861944684 1340531 973686
13 7 10327 10316 174 2882675060 1347855 960497
10 0 10591 10573 874 2886568806 1131572 960553
12 3 10760 10747 2894 2897357322 1243861 960723
8 5 10260 10244 30815387 2623831742 275546690 3544044
4 8 10455 10437 58841 2899297198 1275307 965413
2 8 10540 10526 1952 2901099484 1425342 960643
0 9 10564 10553 3419 2901145684 1402691 960768
6 14 10806 10786 45676 2902099856 3620424 964310
7 13 10954 10935 3760 2904914206 1293541 960796
15 3 10320 10304 345 2909561650 1467720 960511
10 0 10592 10573 261257 2921004458 1433080 982386
14 6 10959 10944 29394 2927388540 1132639 962946
11 3 10830 10819 2005 2932787362 1387242 960651
4 15 10367 10354 13569 2932751080 2900481 961619
0 8 10294 10277 3983 2932525474 4072556 960814
7 9 10138 10126 759 2938707598 1577199 960544
9 5 10988 10967 459 2950128014 1238249 960520
8 0 10763 10749 4258 2968617898 1248878 960839
3 10 10466 10457 693 2969196196 1236478 960539
8 4 10594 10584 6332 2969548654 1233071 961013
10 1 10767 10755 142006 2977669096 1371358 972389
14 3 10126 10113 400659 2977798458 1312152 994072
2 10 10416 10400 2914 2992485088 1461068 960724
1 10 10142 10129 591 2993604586 1295513 960531
7 8 10114 10103 34798 2991685628 5408799 963398
4 8 10459 10437 11908 2997895080 3398988 961478
0 9 10566 10553 323 3010003598 1127249 960509
1 13 10243 10218 194884 3016943138 10211462 976819
2 11 10911 10891 504 3032190058 1227173 960524
4 8 10463 10437 181091 3055226002 19915889 975666
3 9 10034 10020 2089 3085603982 1237512 960658
5 13 10879 10858 3734 3087483334 1249405 960794
13 3 10261 10248 321202 3095833306 1296639 987412
12 4 10849 10833 127237 3096513020 1270529 971150
12 5 10947 10925 530265 3098175138 1420342 1004940
1 14 10528 10512 996 3111409618 1289810 960563
3 11 10076 10063 949 3121713964 1536040 960559
8 4 10598 10584 32347 3146719070 1348227 963194
12 5 10948 10925 764577 3147334848 1390144 1024583
15 2 10502 10481 958548 3149612136 1271017 1040846
15 2 10503 10481 2892 3169929648 1127451 960722
11 6 10595 10579 14705902 3143395276 30665319 2193423
10 4 11015 10999 550 3176999484 1397140 960527
5 15 10940 10923 4655 3184822530 1239857 960871
13 3 10264 10248 25445 3187590106 1307740 962615
12 2 10050 10035 640 3191725954 1390764 960535
1 12 11015 10998 17738 3198371184 1240935 961968
4 8 10465 10437 427 3198625964 1391904 960518
14 3 10130 10113 7818 3206529830 1186110 961136
5 8 10371 10350 37693 3208803458 1332844 963641
11 0 10183 10163 363097 3211489900 1259334 990925
3 12 10259 10238 116307 3198676478 17109518 970233
14 7 10472 10450 44716 3226395552 1245965 964230
11 3 10833 10819 1796 3227617160 1250901 960631
14 2 10733 10719 52236220 3163214772 66063671 5339967
10 5 10223 10204 407278 3226972326 2538977 994628
5 10 10976 10956 281 3232919806 1363824 960506
11 4 10382 10359 59868 3237298626 1336325 965499
14 3 10132 10113 180018 3239124292 1198245 975576
2 11 10917 10891 4996 3242026366 1268844 960898
6 15 10330 10307 58877 3237186958 12209001 965416
7 14 10711 10684 5750 3247884500 2864567 960963
9 1 10256 10240 15436668 3211629544 39249043 2254691
10 2 10078 10051 67565 3250177306 1178551 966146
9 5 10987 10967 23890212 2878708908 378446907 2963438
8 4 10602 10584 197296 3261272556 1487241 977024
2 13 10374 10352 20689 3259305754 4956453 962215
2 10 10422 10400 1455 3292460308 1149910 960604
13 7 10334 10316 2317 3306057108 1273322 960676
10 2 10080 10051 2998 3311848998 1505609 960731
14 4 10483 10471 2971 3319487262 1362217 960729
0 13 10527 10513 9663 3319381152 2324850 961291
8 1 10388 10368 317175 3333613368 1272478 987075
4 11 10744 10720 660 3334217228 1234761 960536
3 10 10474 10457 29818 3323561014 11931888 962980
10 7 10149 10125 34494 3337165144 1427939 963373
3 8 10085 10064 627 3362621616 1392109 960534
1 12 11019 10998 283746 3357740882 14097876 984270
6 15 10332 10307 29135 3380663284 3738680 962926
6 15 10333 10307 4891 3395562966 2707059 960890
9 7 10778 10759 1047 3415979748 1292935 960571
2 12 10306 10283 743 3417388956 1227165 960543
15 0 10709 10675 21397522 3403587714 23740763 2754450
4 15 10378 10354 3567 3428249388 1452024 960780
11 3 10841 10819 20576663 3372369600 66498760 2685628
3 8 10086 10064 714 3438742300 1402940 960540
14 1 10568 10546 1992 3439585484 1403442 960647
13 3 10254 10248 35013211 2598133954 844277594 3895990
1 14 10535 10512 3806 3444238096 2475211 960799
9 4 10676 10656 1477734 3464780886 1587678 1084374
11 0 10189 10163 449 3469741676 1494130 960519
0 14 10972 10952 960 3471909052 1281075 960560
15 1 10510 10482 7166 3477334842 1313060 961084
10 7 10152 10125 107957 3480595706 1372846 969531
1 9 10420 10400 753 3503527548 1237385 960544
0 14 10974 10952 392 3525875782 1576959 960515
4 10 10955 10930 728 3542355162 1212336 960542
6 14 10814 10786 174192 3591164718 5596671 975087
0 15 10952 10916 3063 3608068652 2740700 960740
11 6 10603 10579 14383 3610278690 1156281 961688
9 1 10263 10240 6002 3612371982 1404240 960987
2 12 10311 10283 3845 3631597640 1148426 960802
8 4 10608 10584 2541 3632026842 1189335 960694
8 6 10173 10152 205610 3635416684 1167444 977719
0 10 10511 10477 490 3640221768 1239850 960523
8 4 10609 10584 684 3643754634 1424328 960538
9 5 11001 10967 765 3648681254 1183258 960545
15 2 10513 10481 42972 3650555098 1320015 964082
3 12 10270 10238 2003 3655345720 1367920 960651
8 6 10174 10152 124101 3657421280 1369645 970888
0 11 10657 10628 94888 3655032846 7314578 968435
12 6 10902 10873 34319919 3592336226 83739328 3837862
3 9 10048 10020 619 3676294330 1326269 960533
13 5 10252 10229 129756 3681097638 1352600 971359
5 9 10710 10686 575 3681193516 1512883 960529
4 9 10956 10931 3933 3697748662 1349386 960810
14 6 10968 10944 372911 3701740322 1334843 991745
10 0 10607 10573 577085 3711936212 1484007 1008866
7 10 10529 10495 176585 3694570424 38582785 975286
15 2 10515 10481 50266 3733629638 1292015 964697
4 15 10382 10354 19770 3726374604 9374573 962138
13 7 10347 10316 34 3749698614 1316184 960486
2 13 10380 10352 3000 3762508954 1292711 960731
15 6 10652 10621 151590 3779492758 1154596 973190
11 7 10475 10452 55776 3783413758 1144639 965157
4 14 10661 10639 6732 3788656822 1312605 961045
12 5 10957 10925 15098413 3750329766 46381443 2226333
15 5 10211 10182 34201003 3506813670 290947703 3827895
6 10 10662 10641 670 3822988392 1237264 960537
2 11 10933 10891 21657 3833219184 3674516 962297
3 15 10887 10850 1955 3836820794 1347619 960644
1 15 10879 10839 327 3861030026 1211033 960510
14 1 10577 10546 1586 3882485128 1175004 960614
7 14 10722 10684 6943 3881846578 3910680 961062
11 6 10607 10579 38184 3888702212 1139894 963684
6 9 10913 10881 50947 3883293612 10409825 964751
9 1 10270 10240 35439 3894585114 1461436 963453
2 14 10835 10807 364 3915908822 1271261 960512
5 12 10691 10657 851 3942054068 1440407 960551
15 7 10067 10040 621 3961053640 1567588 960533
15 4 10731 10712 32503262 3381096642 609113247 3685556
10 2 10064 10051 46848608 2701013566 1313764455 4888268
14 7 10471 10450 57188674 3195620312 819323727 5755179
11 7 10476 10452 58806570 3929451158 89187069 5890824
1 14 10547 10512 78567 3988036752 31997971 967068
11 2 10938 10913 46198027 3565241002 459328835 4833726
13 6 10707 10700 50365773 2411164954 1613957435 5183147
12 4 10860 10833 44110298 3959104560 85087465 4658690
15 2 10508 10481 115706370 3407002184 641775532 10661304
10 5 10233 10204 33542753 3831251010 225187402 3772705
14 1 10580 10546 60651717 3913189960 155516294 6045521
0 10 10498 10477 1930420 3045938774 1027908685 1122328
8 4 10611 10584 32148931 3750837710 326755139 3655846
12 6 10903 10873 65175940 3770442532 316121977 6424831
14 5 10608 10592 34698911 2970465312 1119386628 3869637
9 4 10677 10656 36428683 3468871766 663688025 4014662
10 4 11013 10999 37362578 2898251248 1239599338 4092960
5 11 10609 10588 2507778 2643344380 1519981757 1170732
11 6 10602 10579 31787739 3481470242 737915639 3625565
7 9 10142 10126 1638818 3310985400 917617771 1097879
7 14 10710 10684 2238174 3207125152 1032473565 1148131
7 14 10692 10684 2859836 2636905104 1619319086 1200249
7 14 10691 10684 2866674 2619376050 1648754238 1200823
1 13 10234 10218 2591449 2797216998 1476441886 1177749
0 10 10495 10477 3009645 2916280210 1368094998 1212810
0 12 10383 10364 2145647 3236868492 1120578045 1140372
10 7 10140 10125 43578632 2980137592 1388105761 4614113
12 0 10753 10747 83417945 2669062368 1720647600 7954240
7 15 10396 10383 2590685 3144241076 1260346698 1177684
2 14 10828 10807 2373097 3454564938 954945097 1159443
6 13 10297 10281 3006026 2925988950 1483560312 1212508
6 9 10910 10881 1900801 3664658600 785929563 1119843
11 0 10163 10163 103842919 2036848898 2415096825 9666670
7 9 10144 10126 2352940 3405971238 1058925239 1157750
8 7 10768 10732 355828358 3962121812 547719407 30793132
3 9 10044 10020 2357119 3560025174 956619153 1158104
5 12 10676 10657 2707527 3499474930 1022598119 1187480
1 12 11005 10998 3252825 2659124206 1877399957 1233197
1 10 10136 10129 3619320 2550871698 1988717447 1263926
1 8 10172 10156 3498708 2796000414 1752506988 1253812
2 15 10950 10919 2328389 3469768048 1126394958 1155694
0 10 10486 10477 3901835 2381763132 2238287339 1287610
4 8 10443 10437 4167393 2406473238 2230497413 1309876
3 15 10868 10850 3229621 2865186168 1781583579 1231252
9 3 10746 10732 115320611 2960536726 1741634768 10628961
1 8 10179 10156 3529092 3747307076 975500738 1256362
5 13 10882 10858 2839920 3286418954 1449432804 1198579
0 9 10575 10553 3278835 3412536246 1332604967 1235378
7 12 11010 10984 3673859 3614626180 1145586163 1268496
6 12 10636 10619 3072462 3438023644 1331263080 1218077
2 12 10314 10283 3291128 3830338324 955167764 1236411
2 11 10901 10891 4334454 2496877836 2314234540 1323882
4 10 10941 10930 3982914 2444544888 2368946461 1294407
6 13 10312 10281 3469383 3793221550 1064651009 1251355
4 13 10767 10738 2961079 3944256362 928083936 1208740
2 9 10781 10769 3590184 3317348016 1568977142 1261484
9 4 10672 10656 104507164 3192038344 1701577147 9722363
11 2 10917 10913 66480013 2400182304 2517176864 6534168
2 8 10543 10526 3908087 2961029054 1969206671 1288137
10 0 10609 10573 164948720 3773298288 1165350723 14789781
3 14 10912 10902 4142018 2537731408 2403914813 1307750
1 14 10545 10512 3358496 3911801978 1047922969 1242058
6 9 10909 10881 3982382 3563280790 1408054993 1294365
5 14 10466 10439 3929780 3893407966 1088460951 1289953
7 12 11007 10984 4059871 3414401530 1584453776 1300860
10 1 10773 10755 56241963 3485696440 1517115599 5675806
2 15 10961 10919 2734912 3916605590 1086726056 1189775
4 10 10957 10930 3324400 3598527170 1420572257 1239200
0 12 10391 10364 3149682 3649165536 1375300997 1224550
3 8 10064 10064 11950833 2042942676 2999569688 1962438
14 6 10962 10944 159195750 3400624694 1684038347 14307452
14 6 10961 10944 119343961 3069528428 2019551839 10966277
8 3 10264 10232 215126626 3876455066 1257850067 18996697
4 15 10366 10354 4081552 2826653930 2337637944 1302679
1 14 10533 10512 5020445 3400925978 1776601910 1381396
5 9 10693 10686 5911106 2317574762 2891683438 1456070
5 13 10873 10858 4111015 2878024048 2340803935 1305151
0 14 10968 10952 4155865 3173679214 2062036728 1308908
2 8 10548 10526 4747972 3150071798 2102496551 1358550
7 14 10685 10684 6203268 2339064966 2947587455 1480564
3 14 10927 10902 5536189 3542487728 1781932963 1424637
1 11 10113 10108 5556390 2699294978 2633545999 1426330
5 11 10632 10588 4476928 3895290280 1450141015 1335825
3 14 10936 10902 6326150 3988504198 1363061571 1490867
4 8 10456 10437 5170561 2919858432 2431784129 1393981
1 14 10537 10512 3984519 3573938992 1793938949 1294543
13 6 10717 10700 148224402 3625354964 1750114271 13387616
0 15 10916 10916 7266445 2060621934 3350444096 1569700
5 11 10633 10588 6083883 3898912600 1516031784 1470553
10 0 10603 10573 102536084 3619587870 1807162619 9557108
5 8 10373 10350 5827172 3296092454 2139353858 1449033
14 1 10578 10546 377865269 3890770064 1548412377 32640706
6 11 10460 10431 4350856 3655752560 1791061337 1325256
0 10 10494 10477 4302962 2831540402 2621844414 1321240
10 4 11006 10999 93256731 2662878164 2792650346 8779125
0 13 10531 10513 5636315 3648002188 1859961451 1433031
2 15 10940 10919 5737429 2860891360 2651381057 1441508
4 14 10646 10639 4947033 2675160808 2858162939 1375242
4 15 10375 10354 5514515 3355978202 2186096230 1422818
4 15 10385 10354 6354006 3963166030 1586854466 1493203
2 11 10920 10891 6021578 3345928340 2207553698 1465330
6 9 10905 10881 5797931 3367854848 2207881685 1446578
11 5 10558 10552 153013476 2201164084 3392904617 13789131
3 11 10084 10063 4834177 3797445244 1797671793 1365780
7 10 10515 10495 7449345 3009673938 2600554095 1585035
5 8 10359 10350 5781649 2474678644 3140317289 1445214
1 12 11013 10998 4937558 2999016344 2616697360 1374446
6 14 10811 10786 5274452 3360814884 2295305698 1402692
7 12 11014 10984 7336364 3777611468 1882666726 1575563
13 5 10248 10229 76131430 3520318000 2151127796 7343341
2 9 10788 10769 5610600 3966988306 1726220047 1430874
2 9 10773 10769 6726849 2495437062 3201052658 1524459
7 10 10524 10495 8281378 3600954998 2137790437 1654793
7 8 10128 10103 8163601 3488729692 2250157437 1644917
14 7 10458 10450 160816839 2333345500 3408218223 14443364
1 9 10424 10400 5783202 3690065642 2060170207 1445346
15 5 10209 10182 117477790 3389436230 2379113054 10809818
2 15 10920 10919 59246438 2054355054 3731548799 5927703
2 11 10906 10891 5699110 2864302878 2925718873 1438296
5 9 10702 10686 7735301 3123541308 2668622525 1609010
7 11 10772 10760 8367272 2752125388 3071982258 1661994
0 12 10390 10364 7611306 3623234122 2234540009 1598614
3 15 10867 10850 7879418 2855940834 3007769602 1621092
5 10 10972 10956 7556474 3098355782 2772253630 1594016
6 15 10316 10307 7658242 2416275690 3504057383 1602549
4 11 10747 10720 6159079 3757580802 2181946927 1476860
0 10 10485 10477 8120126 2371143152 3573809524 1641274
3 8 10091 10064 10900516 3824521994 2136187804 1874381
0 15 10942 10916 7561746 3409061144 2553274347 1594457
