                 474
5 15 3 360316 2.003203355
15 11 3 2036655 2.003265846
5 2 3 2400 2.008302845
10 2 3 8584 2.014880491
2 0 3 170001 2.014931430
10 4 3 19013 2.017520495
1 5 3 75972262 2.019995316
6 3 3 410054 2.021767795
6 0 3 5681326 2.024650826
15 0 3 1516132757 2.025792276
10 7 3 12099632 2.028351233
10 11 3 417029 2.029007493
1 13 3 4185 2.034913170
12 3 3 8140493 2.037614610
9 6 3 81859409 2.038093516
8 10 3 85201 2.038723434
12 2 3 54248792 2.039715848
8 1 3 23265291 2.039781866
15 5 3 12373 2.041784431
0 10 3 278054 2.048266490
14 15 3 16498284 2.048355996
2 5 3 7680 2.050303620
9 13 3 3413362 2.053003380
8 15 3 3328650 2.053407330
3 9 3 176028 2.053523139
3 6 3 9464 2.053787904
12 9 3 477804 2.055702524
3 10 3 1952 2.058669655
9 7 3 385915 2.061516066
14 4 3 9247197 2.061563488
4 2 3 920882 2.061848055
13 10 3 155324 2.062620459
1 6 3 215669 2.063442560
12 6 3 2489344 2.068271703
0 10 3 447089 2.068379785
14 13 3 382150917 2.068871464
8 0 3 237150 2.075038114
9 3 3 33534076 2.076138514
5 11 3 512881 2.079248976
8 4 3 6353561084 2.081720598
10 11 3 13403 2.082330607
15 5 3 65710 2.085854282
9 13 3 206152564 2.085928197
12 2 3 10268 2.086506733
9 8 3 867048 2.088786609
15 0 3 18233555 2.091029570
5 13 3 197503458 2.091969557
15 12 3 8035498 2.093080787
1 13 3 3591643 2.093282471
12 13 3 18945315 2.094165551
13 14 3 2486448 2.094545379
7 12 3 2572 2.095024553
6 12 3 23271 2.095917595
15 13 3 29342 2.097510209
5 4 3 1509858 2.107620107
8 13 3 2742891 2.109632693
10 6 3 903 2.110505624
0 13 3 46725 2.110933800
7 6 3 22360 2.111282793
4 6 3 8082 2.113029261
5 4 3 151003 2.115583407
2 10 3 136809 2.118512610
10 4 3 41973 2.119108596
7 9 3 10799 2.119345696
12 15 3 214676070 2.121205394
11 1 3 85931 2.121846185
0 14 3 3069378 2.121932232
13 9 3 73527672 2.122693429
14 3 3 7416 2.131256249
12 6 3 786753 2.131742230
7 13 3 366274 2.132283616
8 9 3 222860413 2.132483204
12 1 3 415371677 2.132825209
2 5 3 12788 2.136098725
2 3 3 117806139 2.141596018
7 5 3 807077 2.145127571
7 12 3 278086 2.145886989
5 6 3 479446 2.156568138
7 0 3 47803332 2.156847863
11 13 3 3830585 2.157186265
4 12 3 4313400 2.157448857
11 0 3 46040 2.159264219
5 3 3 588594 2.159728765
6 15 3 2409389 2.163365479
3 12 3 165927 2.165598941
9 11 3 5436 2.165700498
14 1 3 30002 2.167157011
15 14 3 6966281 2.167347748
10 1 3 225966 2.168219747
12 13 3 63556 2.170181441
8 1 3 6906262 2.171555987
6 3 3 38145463 2.171984834
12 11 3 142196115 2.173359192
7 6 3 221118 2.174770686
0 15 3 2868068 2.181635487
7 6 3 3571401506 2.183140880
12 2 3 33984 2.183957319
10 11 3 2433440 2.184071288
15 1 3 189569 2.185474009
12 15 3 221258 2.186846003
4 14 3 351683 2.187110067
7 3 3 1232983 2.187475738
10 3 3 118544 2.188378900
7 6 3 16551 2.188748630
14 9 3 11898567 2.190021544
4 7 3 8064673 2.192457834
12 13 3 814700 2.193122561
6 11 3 994502 2.196105582
8 3 3 469645 2.199626371
15 9 3 87763147 2.201273618
4 14 3 236985752 2.201817665
8 5 3 2199320 2.202146835
4 11 3 180094026 2.203323542
3 0 3 2259560 2.204612507
13 8 3 442565 2.207966915
11 2 3 10722 2.210509442
15 11 3 5881909 2.218163321
8 11 3 52173 2.218953068
1 10 3 96649698 2.219929877
3 14 3 29065781 2.222974335
1 15 3 5611 2.223234876
10 8 3 166149 2.224236475
2 11 3 25643544 2.227048510
5 6 3 593710869 2.227443995
13 14 3 121577 2.232144272
9 8 3 24223064 2.235375622
4 3 3 9848187 2.239940280
10 9 3 1540078363 2.244084007
13 12 3 116362 2.244281864
5 2 3 286399 2.247554577
1 7 3 35595 2.247615316
7 11 3 45870 2.248070707
1 8 3 350092 2.250056523
15 14 3 5985068 2.251484793
3 4 3 130366 2.253266277
0 7 3 87892 2.258625415
14 6 3 236662 2.260057054
14 9 3 155996 2.262776655
1 5 3 25903 2.265666746
7 1 3 7173804 2.267373702
15 8 3 1157933 2.269429983
5 7 3 99185034 2.271323512
14 12 3 983737 2.274670060
14 0 3 13116 2.274824279
3 5 3 1307 2.276892550
12 2 3 3625 2.277069088
4 13 3 104599513 2.280714814
3 15 3 24965 2.283060272
8 7 3 3691420 2.285990444
11 13 3 127584585 2.287233809
15 11 3 25698549 2.290721218
12 11 3 675031263 2.290905832
9 13 3 4063260 2.293430204
3 6 3 491749134 2.295566783
3 12 3 75027218 2.296450140
8 1 3 6232242 2.296991228
9 6 3 2017 2.299946037
9 5 3 131794958 2.300301309
1 6 3 157611851 2.302234649
7 12 3 278171571 2.307725460
3 5 3 2007524 2.307988474
12 8 3 1882835 2.308561663
4 7 3 264163 2.310157428
2 5 3 35088 2.311166393
4 13 3 16144 2.312288064
12 0 3 25480879 2.315832454
6 9 3 10352601 2.316288645
15 0 3 31226 2.321760888
12 14 3 951358 2.323939574
15 11 3 182390 2.324856053
11 2 3 660451641 2.326841879
0 3 3 44619 2.328703433
15 1 3 18081505 2.331841395
9 0 3 195342 2.333145448
8 6 3 1613 2.334689708
11 2 3 2937 2.334820127
9 1 3 3954 2.338028123
3 10 3 111736 2.340619557
13 4 3 3438734 2.343042810
15 7 3 200647474 2.343820588
8 11 3 15989 2.344468144
7 8 3 286372 2.346151341
6 10 3 18045021 2.347351568
3 9 3 36827 2.347974184
12 2 3 105325 2.354455864
15 5 3 28249852 2.355140891
0 5 3 30238328 2.355296324
6 2 3 41646 2.358691766
14 13 3 622446 2.360485801
5 6 3 142432246 2.361856655
5 13 3 2597394 2.363858296
7 15 3 72498430 2.367263292
2 11 3 10200 2.367972763
7 2 3 131628152 2.372416277
8 4 3 258860553 2.372432309
5 14 3 38236 2.374269060
7 4 3 3790 2.379086361
2 1 3 894105439 2.379590185
14 13 3 40185 2.379816669
0 1 3 7196 2.380109796
3 10 3 1450997732 2.381516762
5 7 3 9206 2.386704940
12 11 3 235867 2.388264575
15 4 3 71302 2.388839849
1 15 3 51648 2.389340596
2 6 3 2906415 2.389354564
1 7 3 2491854 2.390769156
0 7 3 1625 2.391024459
3 12 3 950722681 2.394574114
6 14 3 148347 2.394944011
3 2 3 7140 2.398222729
15 9 3 1530184 2.399621025
0 2 3 11393 2.403598831
9 14 3 2082160 2.404016886
13 10 3 3382178 2.404697597
9 15 3 255429583 2.410303578
12 4 3 332042 2.416551052
4 0 3 7014226 2.416751640
9 0 3 8262199 2.417831774
11 2 3 29679609 2.420612645
12 8 3 58885498 2.423534641
9 5 3 381509 2.424960157
11 4 3 72387 2.425584155
11 6 3 1477896 2.439449619
12 13 3 52876 2.440857290
6 1 3 1712602 2.443525082
5 14 3 351925 2.447782673
15 2 3 1488506161 2.451470982
8 4 3 2361074685 2.453827951
10 6 3 8014 2.454631525
3 14 3 151189 2.456165043
2 14 3 209836 2.457051613
11 5 3 36912 2.459569530
3 8 3 241 2.460245725
5 12 3 118871 2.462052198
4 12 3 3396735 2.466583360
11 2 3 390026346 2.468330679
0 13 3 490316343 2.468706539
7 9 3 11929 2.468813810
9 12 3 29593 2.468927607
15 12 3 252356 2.470044320
14 13 3 113511423 2.470061396
7 13 3 12207284 2.472200753
0 15 3 1837170 2.474930564
0 2 3 9406 2.475873189
13 4 3 64666563 2.480026868
15 7 3 649794 2.482463665
12 10 3 634 2.484475729
9 3 3 1366 2.485694238
6 12 3 77909 2.486409941
14 8 3 54978 2.486968111
3 1 3 32464642 2.488225894
3 13 3 88851 2.491149298
12 4 3 4738041 2.497717176
8 15 3 605776 2.497784084
3 6 3 189446238 2.499063628
7 10 3 464114 2.500438900
9 11 3 1627342 2.501062087
9 0 3 7424911 2.503648102
15 12 3 3554974 2.504297701
8 3 3 90946688 2.506282849
0 4 3 93243 2.508982947
0 5 3 470439 2.510371223
2 9 3 1688965 2.512231025
6 11 3 104467258 2.512635618
0 1 3 9880100 2.515230277
13 1 3 50785 2.519719539
9 3 3 12274378 2.521586071
14 11 3 7469445 2.523610196
14 3 3 341762 2.523714228
10 2 3 1337958 2.523970433
5 9 3 40703 2.537116774
1 8 3 117996 2.545531162
8 6 3 60081 2.546032022
2 10 3 204662 2.546822507
9 4 3 8003501 2.551739969
2 4 3 6602658269 2.551927931
15 13 3 271998 2.555025092
2 3 3 1423 2.559438508
1 5 3 27471 2.559527138
1 4 3 2896532 2.563450357
5 14 3 8993234 2.563492736
4 2 3 3177576 2.566578489
10 4 3 44698 2.570661655
7 2 3 118702266 2.571089722
14 2 3 1303986 2.571779049
14 11 3 14231 2.573009448
3 9 3 113312 2.576693409
1 9 3 124334 2.577546496
4 8 3 54001174 2.582692670
11 8 3 3877 2.584698985
9 6 3 31016 2.590954402
3 12 3 201418 2.591160899
7 1 3 128770 2.591708505
5 14 3 85365 2.592929423
7 2 3 8754 2.593807445
8 14 3 5211873 2.593934542
11 15 3 1930755 2.594104694
10 15 3 33620172 2.595690099
10 1 3 754520 2.596595005
14 6 3 62170 2.599459993
13 6 3 7217 2.599788981
8 14 3 247969 2.605275956
12 3 3 101314535 2.610143505
4 3 3 250125 2.613507217
13 5 3 8343 2.614546239
5 12 3 4489 2.615810828
6 0 3 3174 2.621403393
6 1 3 1041424278 2.623612072
4 7 3 5498 2.626803526
12 13 3 754134 2.629038440
12 1 3 75440951 2.632874175
8 15 3 2765689 2.634724984
15 2 3 1061268 2.635579011
15 10 3 6393 2.636751006
15 5 3 1724052 2.641176992
0 15 3 106610 2.641890910
14 1 3 28873 2.642018922
14 9 3 295504 2.642910242
8 14 3 208273 2.643946388
4 8 3 185496 2.652979491
5 8 3 49143 2.653540512
11 6 3 162348698 2.655624704
2 11 3 77627769 2.655820570
13 8 3 986498068 2.656946351
4 15 3 26503 2.657153598
5 2 3 58716 2.658970046
7 5 3 26164 2.661727704
11 2 3 78245 2.663149101
15 4 3 484659726 2.665943574
13 12 3 15857338 2.668754402
10 15 3 43287 2.669878006
3 11 3 13559639 2.670403462
13 0 3 1179559 2.672579578
14 8 3 8054816 2.677186942
2 13 3 1124449202 2.681011941
7 9 3 4165256544 2.681200197
7 9 3 61015 2.683646061
4 0 3 92274 2.686611500
2 12 3 108474537 2.689896363
0 1 3 6797763 2.693012570
14 4 3 10692862 2.699028537
15 1 3 3694359 2.701244038
12 9 3 3278358 2.708274780
3 2 3 64237 2.711266279
10 6 3 1068 2.713217306
9 11 3 97283676 2.713633144
10 2 3 3019179712 2.715481821
15 13 3 195127 2.721626330
1 12 3 56382 2.724796787
8 1 3 196037 2.724858653
7 2 3 71215 2.726489313
0 10 3 15870382 2.728768798
10 7 3 37749074 2.731689716
15 0 3 7365 2.732639102
5 2 3 6038 2.735535750
7 15 3 51660637 2.738830720
6 3 3 68866 2.741242874
1 13 3 90427955 2.743998473
15 12 3 21933380 2.749274734
8 13 3 6379328 2.752228163
10 1 3 40206 2.752438417
15 13 3 100196 2.753767432
6 4 3 144590 2.754010283
8 15 3 21338 2.756194017
12 13 3 18663981 2.757879281
13 8 3 838359 2.760884754
15 6 3 788792745 2.761322637
11 6 3 69915 2.762043127
10 7 3 35691 2.762613237
14 10 3 37661 2.762916101
14 4 3 38409 2.763871245
12 5 3 2305 2.771241060
14 1 3 434695091 2.773457569
4 14 3 1831640 2.774455677
10 14 3 55715 2.780984540
5 2 3 65739 2.782312678
9 11 3 612053906 2.782875984
2 5 3 35758 2.783795080
0 4 3 2466539 2.783975610
9 2 3 123659 2.784015496
12 14 3 782783 2.786980785
0 11 3 30469460 2.797162530
11 0 3 223796 2.797847561
1 7 3 305192 2.800072396
7 15 3 14181953 2.801270843
11 3 3 25201539 2.802007157
6 14 3 705559 2.807146271
0 1 3 29624 2.808919582
14 4 3 46322294 2.812245145
14 8 3 61243249 2.816778983
12 14 3 2184 2.818021789
4 8 3 104941 2.818488918
12 3 3 3163 2.822963541
14 9 3 1647319 2.824507788
1 6 3 562795 2.825997866
2 6 3 486 2.827414934
7 13 3 1172178 2.831595081
4 13 3 266511755 2.831896571
2 13 3 8010583 2.832474362
1 3 3 377150 2.832562775
14 1 3 87830353 2.837042384
12 7 3 22588141 2.837044285
11 5 3 958608 2.838006145
15 8 3 1556125 2.840932828
2 5 3 32708 2.840975527
2 5 3 101648265 2.843318035
11 10 3 1857337 2.853270034
9 12 3 1305 2.860785685
9 1 3 1947561 2.863624560
11 10 3 1314211 2.865431903
0 6 3 910635 2.865871515
4 9 3 1581586786 2.870703104
0 7 3 192979 2.871095930
8 13 3 106133 2.871445557
6 9 3 124604 2.871790873
5 4 3 84911 2.872061243
4 1 3 105542303 2.872476504
0 12 3 40462 2.872637256
6 0 3 115440 2.872884480
2 13 3 17279 2.873547870
14 0 3 119367098 2.875520573
5 9 3 708 2.878000062
13 14 3 600442105 2.884632797
13 11 3 163206 2.886646289
5 6 3 4282 2.888136551
6 3 3 91793 2.888919461
15 7 3 14161 2.894328360
0 5 3 36748 2.894664284
10 14 3 47769064 2.895341468
8 0 3 911 2.897178300
0 3 3 464787 2.898167418
14 11 3 439609674 2.908249076
9 4 3 262741519 2.909448453
14 11 3 186654 2.911047446
14 8 3 142767 2.911242607
14 5 3 8050 2.914282883
2 7 3 1482533 2.915913520
8 10 3 24166124 2.917148942
4 13 3 246149 2.917713923
3 4 3 38072 2.920053769
0 14 3 42484 2.920286253
11 7 3 71760152 2.924180823
14 0 3 831490878 2.924428360
2 10 3 12732 2.924879294
9 6 3 8858 2.934546159
4 8 3 8588600438 2.934584355
3 4 3 3325824541 2.935154574
0 12 3 1520719 2.936128310
5 8 3 3554 2.936437977
3 6 3 249628 2.937865388
0 15 3 50472161 2.939469811
10 3 3 229933644 2.942562045
15 12 3 1626 2.944383422
10 6 3 4524 2.949167420
1 4 3 8525 2.951158372
5 10 3 89157 2.953058061
0 7 3 6190664 2.955121270
5 11 3 76306677 2.955424703
14 15 3 397693320 2.963446152
10 11 3 1063335 2.964277084
10 5 3 6345 2.964631907
0 4 3 111992 2.966422325
5 4 3 2691 2.967249119
14 8 3 6320 2.967292039
4 7 3 15231 2.969350303
5 1 3 13273 2.971542337
9 0 3 466870 2.973974650
1 9 3 10560 2.975939691
9 10 3 1208695056 2.976073622
15 14 3 34699 2.977306891
9 5 3 4745819 2.981478819
9 12 3 54074 2.982748447
15 7 3 12314925 2.984127870
