5 15 10923 10923 90079 2001601676 1208922 1207955
15 5 10182 10182 509163 2001632922 1248315 1243091
5 9 10686 10686 600 2004151420 1200376 1200451
10 1 10755 10755 2146 2007440244 1200655 1200583
2 8 10526 10526 42500 2007465714 1204444 1203965
10 2 10051 10051 4753 2008760246 1200892 1200799
6 9 10881 10881 102513 2010883896 1210126 1208996
1 10 10129 10129 18993065 2009997658 3016903 2792782
6 8 10147 10147 1420331 2012325410 1334091 1319483
10 3 10157 10157 3024908 2014175614 1484830 1454008
10 5 10204 10204 31369 2014503744 1203445 1203032
1 10 10130 10129 242214 2017456584 1223373 1220710
12 6 10873 10873 1046 2018807304 1200553 1200491
8 6 10152 10152 6654 2019361716 1201718 1200959
9 0 10176 10176 6646 2020097376 1202186 1200958
9 6 10639 10639 18411491 2019046758 2960022 2744021
15 5 10183 10182 21300 2020892212 1204425 1202188
14 1 10546 10546 3643401 2024177998 1740365 1505865
14 2 10719 10719 3093 2024767384 1277176 1200662
2 13 10352 10352 69513 2025151808 1208050 1206229
9 1 10240 10240 13562198 2023747362 4425934 2337457
3 15 10850 10850 4124571 2026761568 1605510 1546205
0 12 10364 10364 40809628 2024133244 5284582 4621880
4 10 10930 10930 1920 2030924026 1200764 1200561
0 14 10952 10952 853340 2030945976 1289877 1271946
13 7 10316 10316 832162 2031310228 1278723 1270171
9 4 10656 10656 44007 2031740700 1204639 1204093
9 3 10732 10732 2366 2031873082 1200685 1200600
3 12 10238 10238 119451 2033365314 1211893 1210416
9 5 10967 10967 488 2034313956 1200431 1200442
0 11 10628 10628 96478 2035202318 1210763 1208490
2 10 10400 10400 2311799 2035208454 1417957 1394222
2 9 10769 10769 230220 2038862442 1222251 1219704
8 5 10244 10244 38831 2039010236 1204139 1203656
5 11 10588 10588 53917 2039624484 1205625 1204920
3 11 10063 10063 622336 2039649902 1259150 1252579
10 5 10205 10204 111772 2041165300 1210998 1209771
0 8 10277 10277 59287 2042513542 1207594 1205373
0 13 10513 10513 128220 2045854784 1296838 1211152
12 5 10925 10925 3350 2047899310 1285297 1200683
6 10 10641 10641 16427 2047958794 1237628 1201779
3 14 10902 10902 4736328 2052596824 4913239 1597496
6 14 10787 10786 7335 2058371712 1369393 1201017
7 14 10684 10684 685722 2061468322 1496791 1257892
12 3 10747 10747 225 2061986818 1367822 1200421
5 11 10589 10588 5590 2062673558 1284776 1200870
12 1 10629 10628 1854 2070236814 1368592 1200556
11 5 10552 10552 34202 2064904742 15422274 1203270
6 8 10148 10147 120712 2095275596 1295985 1210521
7 11 10761 10760 51806562 2092971454 13087558 5543863
7 13 10935 10935 248625 2105031828 1414698 1221246
4 8 10437 10437 2546682 2107307664 1554345 1413915
0 8 10279 10277 564890 2112062964 1368031 1247760
5 9 10687 10686 2680 2112996608 1284550 1200625
0 10 10477 10477 32591 2136389848 1373391 1203134
5 11 10590 10588 39402962 2154616706 11080058 4503944
14 3 10113 10113 403 2169472628 1367944 1200436
8 0 10750 10749 988 2171571028 1368050 1200482
8 1 10368 10368 308245 2102282710 81248673 1226246
1 10 10132 10129 947 2192740622 1368209 1200479
4 11 10721 10720 2301 2196549426 1368279 1200595
9 3 10734 10732 406 2199739378 1367400 1200436
0 9 10553 10553 2848 2204963176 1346184 1200639
3 10 10457 10457 9228 2235236518 1368812 1201176
2 12 10285 10283 60 2236024618 1367691 1200408
1 9 10402 10400 97506586 2237604346 11190095 9375353
4 13 10739 10738 158 2248897510 1367746 1200416
2 8 10527 10526 8116160 2250014702 2130918 1880862
2 15 10924 10919 151444 2255433568 1382241 1213099
2 8 10528 10526 1856227 2259682950 1542484 1356029
6 11 10434 10431 4838137 2284244350 1844849 1606032
2 12 10287 10283 15072377 2283728882 2732093 2464070
3 9 10021 10020 355 2285474670 1367812 1200432
13 3 10249 10248 15020 2280942286 9407787 1201663
4 15 10355 10354 941731 2294948320 1456632 1279355
13 7 10317 10316 5840014 2274361764 25675892 1690030
0 12 10367 10364 969 2302232936 1291544 1200481
15 0 10676 10675 4520376 2168737862 137039548 1579390
11 1 10393 10391 2188 2304660296 2737520 1200586
15 3 10304 10304 15542 2308259790 1289112 1201704
5 15 10926 10923 61992 2310467100 1290260 1205597
15 7 10041 10040 8405043 2307807338 7403862 1905082
3 14 10904 10902 30438 2316940306 1287188 1202954
5 8 10352 10350 793 2325191614 1368218 1200467
9 1 10241 10240 66101 2319214428 15137172 1205945
5 8 10353 10350 943 2335718862 1367992 1200479
9 3 10735 10732 1374 2326636342 10944586 1200517
0 15 10920 10916 10144005 2341938860 2238205 2050877
3 15 10851 10850 10821 2346511820 1285288 1201307
5 12 10659 10657 2013704 2347854462 1473875 1369230
11 4 10361 10359 46374 2338620424 11019064 1204290
0 8 10280 10277 23068 2353619582 1372340 1202337
14 7 10455 10450 916 2363451316 1457147 1200477
12 4 10834 10833 819589 2364637502 2733034 1269115
8 6 10156 10152 48781 2368279414 4120248 1204490
5 8 10355 10350 1841 2376653372 1377628 1200554
1 15 10842 10839 546 2422995920 1400612 1200447
2 14 10810 10807 27118634 2353916556 71575790 3474027
5 11 10594 10588 140698 2425997444 1433083 1212197
2 11 10893 10891 121 2426746936 1506314 1200413
1 14 10516 10512 26533 2450973188 1421777 1202626
6 14 10791 10786 10115 2457900318 1421656 1201251
6 15 10310 10307 3545488 2413333162 52666349 1497655
6 15 10311 10307 10621 2488487246 1369828 1201291
5 11 10596 10588 149072 2497577476 1396002 1212901
12 6 10880 10873 406 2499245678 1368065 1200436
5 10 10959 10956 19853 2519466124 1386161 1202065
1 15 10844 10839 99423330 2514059966 19120894 9536054
8 4 10586 10584 616050 2543674702 19858411 1252053
7 15 10385 10383 2469220 2560436716 4248254 1407422
5 11 10597 10588 107413 2563468070 1389049 1209407
0 12 10370 10364 17179190 2564600326 3697969 2640706
15 2 10482 10481 43978 2569888424 2745446 1204087
3 9 10024 10020 943006 2590545730 1502806 1279465
15 5 10190 10182 29258 2597358870 1459873 1202855
12 2 10038 10035 183374 2598335738 1436724 1215776
5 8 10357 10350 31067 2608696190 1370861 1203008
10 1 10757 10755 7460 2608410192 5480568 1201027
0 12 10371 10364 255336 2614451504 1392152 1221809
8 2 10298 10294 111878 2629578076 2787015 1209780
1 15 10847 10839 879438 2641534056 1533170 1274134
6 15 10313 10307 404 2644695996 1367875 1200436
8 5 10250 10244 266 2669830206 1372026 1200425
0 13 10515 10513 10210 2676443352 1368910 1201259
14 4 10473 10471 30380 2676990552 11005010 1202949
13 3 10251 10248 182239 2687677092 4271848 1215681
15 4 10714 10712 1158323 2644300492 50008966 1297516
8 5 10252 10244 1008268 2686864600 9620856 1284936
0 10 10483 10477 8533261 2697981308 2170331 1915831
2 13 10358 10352 194 2705992094 1367714 1200419
2 13 10359 10352 13884 2717117308 1398407 1201564
9 0 10184 10176 902 2740491324 1368092 1200476
11 6 10581 10579 501861 2736444874 10020211 1242476
5 15 10928 10923 728 2745766396 1368062 1200462
8 5 10254 10244 203908 2749410718 1336775 1217496
5 11 10600 10588 44244305 2733304678 19846356 4909845
0 8 10282 10277 1358129 2753401126 1544333 1314268
1 13 10223 10218 2859139 2777897044 1694664 1440113
5 9 10694 10686 19210 2781653418 1286193 1202013
3 11 10067 10063 101605 2809218030 1378537 1208920
4 10 10940 10930 2752 2823060194 1368407 1200631
6 15 10315 10307 124662 2827855852 1390130 1210852
15 1 10490 10482 124611 2827430216 18092581 1210848
9 0 10185 10176 1157 2844241910 1368741 1200500
4 12 10292 10284 709 2860706532 1368063 1200460
4 11 10728 10720 172019638 2833389344 39922351 15622527
10 0 10579 10573 14697 2859393992 17806183 1201633
5 11 10603 10588 225772 2887883548 1389292 1219329
4 10 10941 10930 3982914 2889089842 1742672 1534327
4 12 10293 10284 165 2926388550 1367876 1200417
3 15 10857 10850 241 2950525890 1367898 1200423
0 11 10635 10628 271 2954920962 1367823 1200425
3 9 10027 10020 4416 2962844150 1426534 1200772
12 3 10754 10747 266322 2918875748 46898098 1222731
12 2 10041 10035 21971 2965693878 1376219 1202242
2 9 10773 10769 6726849 2990874210 2000567 1764379
2 10 10408 10400 6608 3000408178 1452171 1200955
14 5 10598 10592 3645 3002323836 1400415 1200706
7 8 10108 10103 24900 3006290274 1458148 1202488
4 13 10742 10738 4911 3011664548 1376203 1200812
8 1 10375 10368 1843026 2913741776 109445011 1354923
6 14 10796 10786 54569 3038229172 1384013 1204976
0 13 10519 10513 153497 3043353874 1382492 1213271
7 12 10989 10984 151094 3044582554 1396395 1213071
0 11 10637 10628 195053 3053793270 1393197 1216756
2 15 10934 10919 469832 3058537036 1456120 1239791
1 13 10227 10218 1588 3076185226 1368162 1200534
2 14 10816 10807 1484 3078271572 1424635 1200526
11 7 10459 10452 3 3079135194 1367571 1200404
13 5 10237 10229 31164 3070995268 9666499 1203016
0 14 10961 10952 18389305 3070363840 11619522 2742162
10 0 10580 10573 2626287 3063034152 21235181 1420590
1 8 10165 10156 213048 3106031464 1410808 1218265
2 15 10936 10919 20868 3152104192 1366246 1202150
1 8 10167 10156 181966 3163052662 1322943 1215656
12 4 10840 10833 599 3184782598 1368351 1200451
0 10 10489 10477 4705 3197027108 1368420 1200795
7 13 10948 10935 878 3199046748 1367992 1200474
0 14 10962 10952 201957 3204502866 1401379 1217332
5 13 10864 10858 3579 3216468394 1368435 1200701
5 11 10608 10588 1847 3227538270 1368287 1200555
5 12 10666 10657 401742 3228402954 1444553 1234083
4 13 10744 10738 7666 3245140648 1369970 1201044
3 8 10072 10064 771135 3246274962 1504815 1265055
7 13 10951 10935 6967 3254258872 1369289 1200984
6 13 10286 10281 382080 3258194796 1436702 1232437
4 8 10447 10437 47531 3265430148 1372397 1204386
3 9 10029 10020 272 3280846192 1367859 1200425
1 11 10112 10108 9541 3308810378 1369737 1201201
5 13 10870 10858 25452 3309080430 1375227 1202536
6 10 10649 10641 435201 3317908102 1410142 1236890
6 13 10289 10281 359848 3330879838 1424794 1230570
7 8 10109 10103 599870 3337739354 1425345 1250693
7 14 10694 10684 738322 3340130674 1473326 1262303
4 10 10943 10930 51057 3344341812 1356811 1204684
1 15 10856 10839 218590 3345055712 1388535 1218728
4 9 10941 10931 24621573 3342945428 8864381 3264674
6 11 10443 10431 14569749 3377111152 2833322 2421928
5 13 10871 10858 42879 3379661334 1372046 1203995
1 12 11006 10998 26171925 3368421300 14529004 3394654
6 13 10290 10281 5701133 3388255010 1943368 1678386
9 1 10250 10240 984411 3424779880 5810542 1282935
12 0 10750 10747 7665007 2966857948 464274657 1843038
8 0 10760 10749 2097918 3385569148 47001146 1376289
11 5 10566 10552 1552070 3435119154 2097277 1330529
7 12 10993 10984 902 3436004124 1284341 1200476
10 4 11008 10999 860 3449673022 1369106 1200472
2 10 10411 10400 48222 3460312886 1373045 1204445
7 13 10953 10935 161440 3471307214 1314605 1213937
14 0 10293 10280 1042050 3454451778 25019122 1287769
4 8 10450 10437 45093 3483280630 1372193 1204184
3 12 10247 10238 24954015 3467441928 24819677 3292548
6 13 10292 10281 3614999 3501196946 1630098 1503481
13 2 10661 10649 5447 3502337346 1291235 1200858
13 7 10324 10316 676 3502617018 1284263 1200457
11 4 10371 10359 1808 3505579028 1368452 1200552
13 1 10092 10076 148096 3503055580 7789957 1212819
10 0 10588 10573 849 3511137420 1367999 1200471
11 4 10372 10359 9076 3509863950 2741508 1201164
8 6 10159 10152 4563294 3383026726 132084545 1582989
2 15 10938 10919 38282 3515459906 1287894 1203612
12 1 10638 10628 83129 3516217878 1300951 1207372
9 2 10804 10797 520 3528552988 1368723 1200445
9 6 10652 10639 115626 3526220798 5538129 1210095
0 9 10562 10553 598629 3540258472 1523095 1250590
3 13 10977 10970 13765 3545430970 1285826 1201554
8 3 10241 10232 2829 3547568696 1340717 1200637
2 9 10776 10769 40524 3547770014 1371796 1203799
14 6 10957 10944 11884 3564728868 1371265 1201396
1 13 10233 10218 7592 3575778896 1368738 1201038
2 14 10820 10807 47780991 3568521704 13545614 5206358
0 11 10642 10628 1374 3581567350 1368127 1200517
15 0 10691 10675 43884 3601464782 1380308 1204079
7 14 10697 10684 1120 3602754188 1368263 1200497
0 12 10376 10364 2042449 3604114666 1560043 1371641
11 2 10923 10913 495 3609108878 1368146 1200443
3 14 10916 10902 194264 3613662248 1404285 1216689
14 4 10479 10471 100391 3616710238 2755842 1208819
4 13 10750 10738 80064 3629207404 1375550 1207116
3 8 10075 10064 516536 3643789476 1416487 1243708
0 10 10493 10477 348 3645815022 1374246 1200431
5 14 10451 10439 25895342 3639717718 11880767 3371468
11 4 10373 10359 15943 3672922320 2719613 1201736
0 15 10928 10916 980 3684721592 1479265 1200482
6 14 10803 10786 2675 3695657120 1368309 1200625
2 9 10777 10769 395630 3705629756 1405531 1233571
9 5 10985 10967 68814 3719407932 1399983 1206170
1 13 10238 10218 1557291 3746084322 1520390 1330966
3 15 10871 10850 3924628 3747953970 2105928 1529442
9 5 10986 10967 6815 3750868492 2624921 1200972
9 7 10774 10759 128922 3750630436 4029028 1211209
11 7 10463 10452 144113 3746048546 9082830 1212485
15 4 10726 10712 2506 3755255712 1368630 1200612
5 11 10611 10588 27519 3756665956 1287087 1202709
5 13 10874 10858 23 3761701808 1367715 1200405
13 2 10667 10649 1824048 3702582366 61271908 1353331
14 2 10729 10719 2819 3762911896 1369293 1200637
10 1 10763 10755 2591219 3565567946 200151436 1417650
13 7 10327 10316 174 3765350234 1367641 1200417
2 12 10299 10283 1417971 3765886576 1510394 1319282
6 14 10804 10786 15343 3769331750 1203323 1201688
11 0 10180 10163 90792 3769968948 1283788 1208012
15 2 10493 10481 11811943 3588566594 183195539 2190713
6 10 10652 10641 287680 3770956454 1233342 1224520
7 9 10137 10126 45751 3771451510 1206550 1204236
5 11 10612 10588 3029 3772004098 1201067 1200657
10 5 10219 10204 2082318 3698373196 75835034 1374984
10 4 11012 10999 1486496 3762679382 11695014 1325029
10 0 10591 10573 874 3773137736 1257042 1200473
14 5 10605 10592 22542592 3553626008 220962100 3090372
14 5 10607 10592 7807 3774819866 1254521 1201055
14 1 10554 10546 332471 3774284090 2630883 1228276
9 6 10653 10639 6563 3774619346 2487562 1200951
13 3 10257 10248 3068167 3776224322 1780825 1457638
0 9 10563 10553 637315 3778706020 1261064 1253835
2 15 10941 10919 6444 3778778846 1201290 1200942
3 12 10251 10238 8264 3779351634 1201763 1201095
3 13 10978 10970 75842 3780293490 1207947 1206759
3 12 10252 10238 3867 3780302788 1201133 1200724
14 0 10297 10280 21786197 3669917022 112266369 3026957
11 3 10829 10819 2458 3781665332 1200799 1200608
9 2 10807 10797 28308 3782483004 1204175 1202776
14 5 10606 10592 29874222 3715547896 68658095 3705057
1 12 11012 10998 253088 3783093454 1262413 1221622
13 0 10898 10888 32946627 3681223470 103885769 3962646
5 10 10967 10956 4141349 3784160602 1604004 1547613
7 14 10699 10684 2763210 3784446766 1504949 1432070
10 2 10072 10051 3774874 3702621192 83683018 1516885
14 3 10122 10113 36762726 3571536738 214813756 4282588
6 14 10805 10786 81061 3788308632 1258739 1207199
12 4 10844 10833 2031375 3786997692 3160145 1370712
13 2 10668 10649 1168 3789311554 1200563 1200501
4 8 10453 10437 63921 3789453722 1206999 1205759
12 3 10759 10747 5089 3789583830 1202259 1200830
0 13 10520 10513 2957 3789953572 1201106 1200648
12 5 10942 10925 57897 3790221302 1206165 1205254
9 4 10667 10656 47060 3790284990 1205149 1204349
7 10 10512 10495 1141 3791407888 1201006 1200498
4 14 10649 10639 284308 3792439490 1387094 1224239
15 2 10495 10481 74536 3793001052 1213882 1206650
5 12 10669 10657 1496 3793091972 1200782 1200527
5 10 10968 10956 210330 3793158304 1222639 1218036
10 2 10073 10051 58061 3793367294 1215773 1205271
2 11 10907 10891 658934 3793348972 1275232 1255645
4 8 10454 10437 1997 3794383904 1200898 1200567
15 0 10694 10675 15224 3794629870 1202669 1201679
12 3 10760 10747 2894 3794714766 1200823 1200643
15 4 10727 10712 26100 3795551398 1203422 1202591
4 8 10455 10437 58841 3798594508 1207452 1205333
5 13 10875 10858 382519 3798998246 1236721 1232472
15 6 10636 10621 911 3800054354 1209985 1200476
13 4 10637 10629 102316 3801796084 1391079 1208980
15 2 10496 10481 2916519 3802583050 1671096 1444922
6 14 10806 10786 45676 3804199828 1205686 1204230
4 12 10301 10284 173372 3804687468 1217353 1214937
1 10 10139 10129 1728738 3804532014 1525976 1345338
10 1 10764 10755 7315133 3645555096 160534573 1813704
9 4 10668 10656 218529 3806149496 1259198 1218723
8 7 10743 10732 436162 3806155500 1298237 1236971
14 2 10730 10719 116607056 3778814700 28694101 10976739
10 3 10164 10157 15302655 3685256180 122304438 2483375
6 13 10296 10281 21223 3806617386 1216567 1202182
0 11 10645 10628 5267600 3806540098 1801404 1642037
10 4 11011 10999 22421593 3692426122 116115458 3080227
15 3 10319 10304 26343 3808408168 1205036 1202611
7 13 10954 10935 3760 3809828522 1201185 1200716
15 7 10050 10040 31032 3812079932 1204219 1203005
5 11 10613 10588 1606459 3812202978 1361685 1335087
15 4 10728 10712 24414 3814127720 2567513 1202449
6 9 10892 10881 358777 3815935656 1234491 1230480
5 10 10969 10956 8909 3816595738 1201280 1201147
10 7 10138 10125 9917 3814140068 4277132 1201231
7 14 10701 10684 12620386 3816645914 2478716 2258495
15 3 10320 10304 345 3819123424 1314358 1200431
7 11 10775 10760 20088 3821106228 1202607 1202087
0 11 10646 10628 610 3821474554 1200472 1200452
10 7 10139 10125 366919 3822455668 1237903 1231162
13 4 10638 10629 30587 3822647716 1213237 1202966
8 1 10380 10368 3122 3825601686 1221087 1200665
11 4 10374 10359 3945 3826269154 1201534 1200730
8 5 10270 10244 28653254 3818061594 10408249 3602691
11 1 10401 10391 20282747 3626772056 202246322 2900906
13 0 10901 10888 106005 3829043734 1210648 1209291
3 8 10078 10064 573 3829441800 1200441 1200449
15 3 10317 10304 17129900 3081896472 748830499 2636571
13 3 10258 10248 17142 3832192262 1202439 1201840
0 10 10495 10477 3009645 3832560544 1483660 1452730
3 15 10872 10850 14093 3834021672 1202553 1201585
4 11 10738 10720 108171 3834260386 1216488 1209472
6 9 10893 10881 2278393 3834069000 1420547 1391422
15 5 10201 10182 11899 3834384938 1201925 1201398
6 10 10653 10641 1205322 3835413542 1373865 1301456
1 15 10861 10839 10202 3837878604 1202531 1201258
6 8 10156 10147 1001826 3838246936 1295730 1284393
10 0 10592 10573 261257 3842009046 1261831 1222306
11 4 10375 10359 823368 3842838880 1278159 1269433
1 11 10116 10108 677 3845016346 1327538 1200458
0 15 10930 10916 22543 3845810474 1203807 1202291
15 2 10497 10481 3575 3844723618 2497590 1200701
4 8 10456 10437 5170561 3839716980 7693432 1633901
0 8 10293 10277 260813 3846554664 1225277 1222267
7 14 10702 10684 16481608 3841395630 7113510 2582219
14 6 10958 10944 5471986 3847864836 2241828 1659171
12 7 10843 10831 1769 3850787794 1217689 1200549
12 5 10943 10925 537 3851662904 1200406 1200446
6 13 10297 10281 3006026 3851978024 1483296 1452428
14 7 10467 10450 14691589 3850137392 4044646 2432144
6 8 10157 10147 857 3853715522 1200644 1200472
5 13 10876 10858 308054 3854288836 1229741 1226230
14 6 10959 10944 29394 3854777198 1206656 1202866
4 11 10739 10720 96647 3855463196 1209731 1208504
0 12 10378 10364 588 3856024344 1200521 1200450
7 14 10703 10684 31291344 3852388656 5435309 3823868
6 12 10628 10619 27096 3856712656 1203204 1202675
0 10 10496 10477 5779 3857084970 1201267 1200885
0 9 10565 10553 38950 3857856598 1204573 1203665
8 7 10744 10732 48611 3859438174 1218197 1204477
4 8 10457 10437 112901 3860250650 1233676 1209866
14 7 10468 10450 143595 3860862532 1250820 1212440
6 11 10451 10431 1712339 3860733636 1400876 1343965
2 11 10908 10891 2310 3864535432 1200931 1200596
0 8 10294 10277 3983 3865051080 1231286 1200734
1 15 10862 10839 58597 3865211842 1268100 1205314
4 15 10367 10354 13569 3865502280 1285685 1201539
11 3 10830 10819 2005 3865574836 1224057 1200571
7 10 10513 10495 3136824 3871040316 1579212 1463392
7 9 10138 10126 759 3877415314 1284326 1200464
2 10 10415 10400 2415 3878338172 1284790 1200604
12 7 10845 10831 1747 3879882228 1368302 1200547
8 1 10381 10368 280 3884872936 1293175 1200426
2 11 10910 10891 23587 3886420946 1342980 1202379
15 6 10637 10621 571338 3871193708 18052930 1248303
11 2 10925 10913 65369 3882096954 7791638 1205882
8 1 10382 10368 73986 3890751688 1305121 1206603
6 14 10807 10786 623 3891363528 1359149 1200453
11 4 10376 10359 1317 3890458282 2568674 1200513
2 15 10942 10919 2043 3896440164 1368131 1200574
9 5 10988 10967 459 3900256168 1284325 1200440
1 13 10240 10218 65184913 3890274040 14298577 6665503
8 7 10745 10732 595923 3903285950 2694754 1250362
13 6 10710 10700 266062 3868430948 37710718 1222710
14 2 10731 10719 76484 3892740226 13695202 1206814
12 7 10846 10831 641455 3900888358 7142148 1254181
15 7 10052 10040 3885154 3886831288 22114964 1526134
15 0 10696 10675 3222967 3892326758 17878263 1470613
15 0 10698 10675 3295185 3901043476 12272925 1476671
10 1 10766 10755 2087 3912487598 1301608 1200578
13 0 10902 10888 313 3913706162 1344213 1200428
5 11 10615 10588 25727893 3913876142 6900430 3357426
2 8 10543 10526 3908087 3922058250 1661132 1528057
4 15 10369 10354 5802 3930920432 1371112 1200887
12 7 10847 10831 8584 3932156278 1372929 1201121
7 11 10776 10760 1232753 3933799708 1516031 1303754
3 10 10466 10457 693 3938392492 1284164 1200459
8 0 10763 10749 4258 3937235912 3854135 1200759
6 10 10654 10641 1976072 3940980768 2027201 1366077
11 4 10378 10359 27981 3914540132 34740852 1202746
11 6 10590 10579 517 3954989466 1284247 1200445
14 3 10126 10113 400659 3955597046 9916646 1233992
1 10 10141 10129 174819 3969519672 1418211 1215057
6 13 10299 10281 944 3971024712 1405849 1200479
15 4 10729 10712 745 3975202616 1368139 1200463
6 9 10894 10881 124786758 3934908510 65896746 11662522
13 5 10244 10229 173641 3933529632 272027155 1214959
11 4 10380 10359 636322 3986530706 222108748 1253751
11 5 10568 10552 6010072 3990390974 278578892 1704288
14 1 10557 10546 2809865 3961704002 340241385 1435979
14 3 10125 10113 5410614 3945653864 357708341 1654027
11 7 10464 10452 16477127 3963159974 341890522 2581845
13 3 10259 10248 11253286 3932926998 373089572 2143878
14 5 10608 10592 34698911 3940930748 373544541 4109557
13 4 10639 10629 238449978 3889025948 465617081 21192046
12 6 10890 10873 28882317 3884195768 539506654 3621896
12 5 10944 10925 78129712 3876072648 559873840 7750796
6 13 10298 10281 1769408835 3936659436 515992664 20698618
