5 15 10923 10923 90079 2000800838 967918 968035
15 5 10182 10182 509163 2000816460 1002701 1003171
5 9 10686 10686 600 2002075710 960329 960531
10 1 10755 10755 2146 2003720122 960619 960663
2 8 10526 10526 42500 2003732856 963967 964045
10 2 10051 10051 4753 2004380122 960834 960879
6 9 10881 10881 102513 2005441948 968948 969076
6 8 10147 10147 1420331 2006162704 1099162 1079563
1 10 10129 10129 18993065 2004998828 2572025 2552862
10 5 10204 10204 31369 2007251870 965561 963112
10 3 10157 10157 3024908 2007087806 1214112 1214088
1 10 10130 10129 242214 2008728290 980544 980790
12 6 10873 10873 1046 2009403652 960528 960571
8 6 10152 10152 6654 2009680858 961627 961039
9 0 10176 10176 6646 2010048686 961488 961038
15 5 10183 10182 21300 2010446104 963096 962268
14 2 10719 10719 3093 2012383690 961744 960742
2 13 10352 10352 69513 2012575902 1095362 966309
4 10 10930 10930 1920 2015462012 960598 960641
0 14 10952 10952 853340 2015472988 1033140 1032026
13 7 10316 10316 832162 2015655114 1063581 1030251
9 4 10656 10656 44007 2015870346 966075 964173
9 3 10732 10732 2366 2015936536 960765 960680
9 1 10240 10240 13562198 2011873678 5058522 2097537
3 15 10850 10850 4124571 2013380784 3565557 1306285
9 6 10639 10639 18411491 2009523378 7956053 2504101
3 12 10238 10238 119451 2016682656 975563 970496
9 5 10967 10967 488 2017156972 960310 960522
0 11 10628 10628 96478 2017601158 989647 968570
2 10 10400 10400 2311799 2017604224 1305570 1154302
2 9 10769 10769 230220 2019431218 980277 979784
8 5 10244 10244 38831 2019505118 965302 963736
5 11 10588 10588 53917 2019812242 964922 965000
3 11 10063 10063 622336 2019824950 1013481 1012659
10 5 10205 10204 111772 2020582648 974807 969851
0 12 10364 10364 40809628 2012066622 9782141 4381960
0 8 10277 10277 59287 2021256770 1100374 965453
0 13 10513 10513 128220 2022927390 971083 971232
12 5 10925 10925 3350 2023949654 960837 960763
6 10 10641 10641 16427 2023979396 963132 961859
1 12 10998 10998 216762 2024516406 996838 978654
14 7 10451 10450 621612 2026697138 1063576 1012597
5 14 10439 10439 643 2027272218 1058496 960535
14 0 10280 10280 4558388 2025076980 3378747 1342657
8 6 10153 10152 5817 2027486348 1049712 960968
12 1 10628 10628 8383519 2021502234 7469606 1663356
3 14 10902 10902 4736328 2026298410 3314778 1357576
6 14 10787 10786 7335 2029185854 961636 961097
11 2 10913 10913 377464 2030461546 991769 992128
7 14 10684 10684 685722 2030734160 1017626 1017972
12 3 10747 10747 225 2030993408 960363 960501
10 6 10889 10889 11681 2031221150 962325 961460
5 11 10589 10588 5590 2031336778 1061918 960950
2 10 10401 10400 37750 2032226518 1095480 963645
11 5 10552 10552 34202 2032452370 966107 963350
4 13 10738 10738 28458 2032514258 962933 962868
5 12 10657 10657 2160 2033352502 962033 960664
12 1 10629 10628 1854 2035118404 1129383 960636
7 11 10760 10760 196688 2036446786 980528 976971
13 6 10701 10700 91568 2036659006 1066038 968158
14 2 10720 10719 3197 2038876672 960789 960751
14 2 10721 10719 201769 2040250994 1168742 977397
14 6 10945 10944 69521 2040440848 1128350 966310
2 11 10891 10891 119861 2042472700 970840 970529
14 6 10946 10944 957646 2043181066 1152248 1040770
10 4 10999 10999 13754507 2033970758 10430731 2113659
2 14 10807 10807 1078350 2043262856 1171328 1050891
14 1 10547 10546 147148 2043700554 1016141 972820
1 15 10839 10839 602347 2043744878 1099539 1010983
9 6 10640 10639 41481 2043889292 1131232 963959
3 8 10064 10064 11950833 2042942676 2184296 1962438
8 0 10749 10749 7500 2044348318 1056025 961110
4 15 10354 10354 1741570 2044792044 1207416 1106494
11 0 10164 10163 2039 2046187956 984117 960654
1 13 10218 10218 4068882 2045899716 1415539 1301615
11 0 10165 10163 1726565 2046456562 1193625 1105236
3 11 10065 10063 238 2047423380 1220376 960502
6 12 10619 10619 3629075 2046645238 3588994 1264745
8 5 10245 10244 608360 2050064450 1030014 1011487
11 0 10166 10163 47392 2050515014 966225 964455
2 15 10919 10919 87920 2050678158 967928 967851
8 1 10368 10368 308245 2051141352 1080699 986326
8 1 10369 10368 29636 2051459574 964563 962966
1 15 10840 10839 55314 2050584770 2094214 965120
1 14 10512 10512 203675 2052153908 1024779 977557
2 11 10892 10891 2016168 2052015098 1173741 1129518
7 13 10935 10935 248625 2052515910 1037543 981326
4 9 10931 10931 117411 2053023712 980683 970326
9 7 10759 10759 159063 2053642682 988117 973819
10 4 11000 10999 2974641 2051526404 3273501 1209875
4 8 10437 10437 2546682 2053653828 1394509 1173995
11 2 10914 10913 549830 2054464916 1171868 1006578
0 8 10279 10277 564890 2056031478 1073230 1007840
4 12 10284 10284 110641 2056227594 988405 969757
5 9 10687 10686 2680 2056498300 1048682 960705
9 5 10968 10967 1470477 2057865106 1116925 1083766
11 5 10553 10552 13043 2058666474 962854 961577
7 12 10984 10984 55715103 2036717530 23552229 5631637
14 7 10453 10450 1402 2060629360 1216858 960599
13 5 10229 10229 15694 2061233116 1131764 961796
12 6 10874 10873 9032 2061512374 1025453 961240
4 12 10285 10284 90180 2062271932 1092112 968043
15 1 10482 10482 2462046 2064273278 1221494 1166901
3 13 10970 10970 19763 2064981376 964162 962137
4 14 10639 10639 29090 2066003426 999601 962922
0 15 10916 10916 7266445 2060621934 6440353 1569700
2 12 10283 10283 6055766 2063355232 3805458 1468196
9 3 10733 10732 8898 2066195474 986805 961226
6 13 10281 10281 11467 2066309280 962206 961443
13 1 10077 10076 71599 2066194998 1144064 966484
14 4 10471 10471 87523 2066724470 967761 967819
9 7 10760 10759 83078 2066805774 967436 967448
0 10 10477 10477 32591 2068194918 992146 963214
8 3 10232 10232 21973 2068266004 964886 962322
2 15 10921 10919 684725 2068496134 1183221 1017888
0 12 10365 10364 18381918 2034713108 35163915 2501620
10 5 10206 10204 90478 2069035280 1012585 968067
2 10 10402 10400 6475 2069176034 961334 961024
10 4 11001 10999 289483 2070677432 1040135 984752
14 0 10281 10280 1793451 2070627024 1202315 1110845
9 7 10761 10759 48984 2071292070 1017566 964586
9 5 10969 10967 56 2071330624 1086840 960488
2 10 10403 10400 326 2071773298 1014083 960509
8 5 10246 10244 24162424 2060423966 12383790 2986259
13 1 10078 10076 906 2072137230 960481 960556
2 15 10922 10919 6241 2073486516 968998 961006
12 3 10748 10747 922855 2074018660 1262792 1037852
5 12 10658 10657 200569 2075679390 1164608 977297
0 11 10629 10628 277 2076948676 984143 960506
12 4 10833 10833 516560 2076768856 1236992 1003790
0 12 10366 10364 892808 2077260112 2525528 1035333
0 10 10478 10477 501881 2078910114 1184986 1002558
4 12 10286 10284 470708 2079629408 1165882 999945
6 11 10432 10431 24796258 2071135028 10132258 3039401
1 10 10131 10129 8772 2080501190 962002 961216
13 3 10248 10248 66040 2080010372 2268015 966020
4 8 10438 10437 7806 2081447104 961834 961135
13 6 10702 10700 4036 2080543030 2364060 960822
11 5 10554 10552 6424637 2075425818 8884082 1499122
9 4 10657 10656 2588150 2080989638 3466537 1177473
7 13 10936 10935 45597 2082561674 2328660 964304
10 0 10574 10573 48835 2084533310 997589 964574
14 3 10113 10113 403 2084736304 1076099 960516
15 0 10676 10675 4520376 2084368926 1593303 1339470
14 0 10282 10280 6370219 2080714962 5320188 1494562
2 13 10353 10352 20595292 2076613142 9749360 2687192
8 0 10750 10749 988 2085785508 960602 960562
10 5 10207 10204 1258 2085753978 1126806 960588
0 10 10479 10477 859683 2087067884 1250408 1032557
7 13 10937 10935 27934 2086226614 2168287 962822
7 12 10985 10984 71593 2088065270 1095015 966483
1 14 10513 10512 26149878 2073140538 16296085 3152886
15 5 10185 10182 3997 2087363724 2279157 960815
9 4 10658 10656 9206 2088755368 961427 961254
5 13 10858 10858 4511255 2088221214 1918433 1338706
5 11 10590 10588 39402962 2077308348 12971565 4264024
11 1 10392 10391 26331 2089833956 963690 962690
14 2 10722 10719 7559582 2090010986 2479007 1594276
12 6 10875 10873 155611 2091904356 1132822 973527
4 10 10931 10930 7062463 2089849966 4089469 1552598
6 14 10788 10786 649348 2093768312 1051826 1014923
15 5 10186 10182 2550 2094354764 1040311 960695
1 10 10132 10129 947 2096370302 960497 960559
14 7 10454 10450 9559 2096214354 1127646 961283
12 6 10876 10873 10046 2096737072 1123531 961325
9 0 10177 10176 1799 2097141012 1031742 960631
4 11 10721 10720 2301 2098274704 1106411 960675
2 10 10404 10400 17825 2098787136 962665 961975
6 15 10307 10307 12912 2098812096 962254 961562
6 11 10433 10431 726603 2099169236 1053432 1021399
14 3 10115 10113 622963 2099323324 1014432 1012709
11 5 10555 10552 58966 2098286132 2092435 965423
9 3 10734 10732 406 2099869676 960461 960516
8 7 10732 10732 37086 2100187804 963997 963592
15 1 10483 10482 454916 2100523456 1029480 998620
5 9 10689 10686 1785 2101031474 1016917 960630
2 12 10284 10283 382546 2101482430 1113875 992554
0 9 10553 10553 2848 2102481580 960912 960719
9 7 10762 10759 520540 2103013268 1010084 1004123
13 1 10076 10076 29451534 2039869994 65959491 3429698
13 2 10649 10649 83010 2106658924 983684 967443
10 0 10575 10573 1753556 2107202106 1283586 1107499
11 0 10167 10163 2065549 2107239798 1272770 1133657
13 2 10650 10649 95377 2109647696 1135233 968478
8 2 10295 10294 18096 2112333070 963230 962000
6 14 10786 10786 49375864 2025273218 88328851 5100152
11 3 10819 10819 369474 2113352554 1028630 991458
2 15 10923 10919 87981 2114444918 1052157 967856
6 15 10308 10307 37797 2116093498 969631 963649
2 12 10285 10283 60 2118012298 1054820 960488
13 1 10080 10076 61575 2120639558 1077882 965644
12 7 10831 10831 459292 2120854258 1024889 998989
15 7 10040 10040 1696815 2120499102 1425068 1102741
3 8 10065 10064 1476 2122913376 1056484 960605
4 13 10739 10738 158 2124448744 1092464 960496
5 9 10690 10686 341 2124636410 1076248 960511
10 3 10158 10157 162448 2123851692 2374488 974101
9 6 10641 10639 19477 2124644072 2152753 962114
2 8 10527 10526 8116160 2125007340 4113194 1640942
2 8 10528 10526 1856227 2129841462 1286135 1116109
10 6 10891 10889 888743 2129956702 1174057 1034993
10 5 10208 10204 406835 2129310200 2377596 994589
2 12 10286 10283 2928 2134325954 975228 960725
14 2 10723 10719 356858 2138013824 1227132 990399
11 7 10453 10452 156404 2137148674 2347931 973595
6 9 10882 10881 22736672 2130908520 9349141 2866723
13 3 10249 10248 15020 2140471134 1128947 961743
6 13 10282 10281 51165 2140845812 1232544 964772
9 2 10797 10797 16166640 2123417256 18999082 2315892
3 9 10021 10020 355 2142737326 1353453 960512
13 2 10651 10649 724133 2143569678 1063445 1021194
0 15 10917 10916 2248308 2143757288 1247778 1148980
6 9 10883 10881 794394 2144375106 1078081 1027084
4 9 10932 10931 325996 2147166548 1001119 987811
4 15 10355 10354 941731 2147474146 1245952 1039435
1 13 10219 10218 3557 2147894240 1120055 960779
6 12 10620 10619 31083 2148403650 968016 963089
2 12 10287 10283 15072377 2141864428 7900302 2224150
3 13 10971 10970 121970 2140185752 9785079 970706
11 4 10360 10359 28328 2148188532 2092313 962857
0 12 10367 10364 969 2151116458 1126705 960561
5 15 10925 10923 1302968 2152398186 1272367 1069720
13 7 10318 10316 21341 2152248406 2090066 962271
0 15 10918 10916 482688 2153467884 1020927 1000949
15 3 10304 10304 15542 2154129886 964031 961784
7 11 10763 10760 1804 2154576436 1243974 960632
5 15 10926 10923 61992 2155233538 973331 965677
3 12 10240 10238 13500293 2150766508 9450400 2092347
9 1 10241 10240 66101 2159607194 1459195 966025
4 11 10722 10720 47361559 2127759104 33895190 4931274
15 6 10621 10621 31896146 2074466910 87458087 3634656
5 8 10352 10350 793 2162595794 960566 960547
1 15 10841 10839 25653 2165475094 966151 962632
5 8 10353 10350 943 2167859418 1111681 960559
14 6 10947 10944 18708 2168096648 1078700 962049
0 15 10919 10916 52068 2168847886 967996 964848
0 12 10368 10364 12285 2169612036 1003745 961512
6 8 10149 10147 223526359 2096371002 74626175 19700932
5 9 10691 10686 14679 2171403984 1033642 961711
2 10 10405 10400 6541 2171478676 975607 961030
15 0 10678 10675 18860237 2164769618 8224085 2541725
3 15 10851 10850 10821 2173255900 990807 961387
5 12 10659 10657 2013704 2173927216 1304871 1129310
11 4 10362 10359 15253 2176651570 969174 961761
0 8 10280 10277 23068 2176809778 967152 962417
11 7 10452 10452 63857395 2105357750 73175310 6314286
9 3 10736 10732 40587174 2169862140 11337414 4363311
4 10 10933 10930 2673215 2181232648 1381979 1184605
14 7 10455 10450 916 2181725644 1008379 960557
10 1 10756 10755 16059 2183313368 963011 961830
8 6 10156 10152 48781 2184139696 967620 964570
6 14 10789 10786 14095 2185216222 1077663 961665
2 14 10810 10807 27118634 2176958264 9634513 3234107
5 8 10355 10350 1841 2188326670 1292935 960634
11 5 10557 10552 3967595 2187362382 3512302 1293124
8 1 10371 10368 1509 2189978238 960741 960608
6 11 10435 10431 11300 2190016642 962134 961430
3 11 10066 10063 9437268 2188142696 4735703 1751703
12 0 10747 10747 10051 2194729140 962104 961326
12 6 10878 10873 1594832 2193737678 2399354 1094191
5 14 10443 10439 25049 2195677430 967296 962583
5 11 10592 10588 17478 2197566230 1131430 961947
14 3 10116 10113 8922 2197711744 1119028 961228
0 10 10480 10477 576 2198770822 1292657 960529
13 2 10652 10649 9602 2198722914 2092318 961286
15 7 10042 10040 13928 2200930478 963488 961648
11 2 10915 10913 8939 2201448962 1128545 961229
0 15 10921 10916 195695 2202705752 1181632 976888
6 8 10150 10147 55949 2205626672 1305444 965170
1 15 10842 10839 546 2211497950 1126492 960527
5 14 10444 10439 2002645 2214639930 1667442 1128383
5 13 10860 10858 25774 2220581192 1134024 962641
7 8 10104 10103 348995 2225218664 1456043 989739
1 14 10516 10512 26533 2225486582 1300513 962706
15 0 10679 10675 71 2258501230 1242233 960489
1 15 10846 10839 3369 2259459476 1293225 960764
4 15 10357 10354 1618 2268522976 1126274 960617
12 0 10748 10747 2684 2331770076 1596692 960706
13 2 10654 10649 917 2409806866 1678902 960557
1 8 10166 10156 341 2555539824 1526542 960511
9 2 10804 10797 520 2764276434 1623678 960525
7 9 10138 10126 759 2938707598 1670323 960544
5 8 10369 10350 1961 3063044104 1708489 960644
11 3 10831 10819 656 3116962736 1595364 960536
2 13 10372 10352 403 3202328210 1514686 960516
