5 15 10923 10923 90079 2001601676 1207926 1207955
15 5 10182 10182 509163 2001632922 1243129 1243091
5 9 10686 10686 600 2004151420 1200280 1200451
10 1 10755 10755 2146 2007440244 1200540 1200583
2 8 10526 10526 42500 2007465714 1203928 1203965
10 2 10051 10051 4753 2008760246 1200756 1200799
6 9 10881 10881 102513 2010883896 1208973 1208996
1 10 10129 10129 18993065 2009997658 2795799 2792782
6 8 10147 10147 1420331 2012325410 1319796 1319483
10 3 10157 10157 3024908 2014175614 1454449 1454008
10 5 10204 10204 31369 2014503744 1203020 1203032
1 10 10130 10129 242214 2017456584 1220850 1220710
12 6 10873 10873 1046 2018807304 1200486 1200491
8 6 10152 10152 6654 2019361716 1201462 1200959
9 0 10176 10176 6646 2020097376 1202300 1200958
9 6 10639 10639 18411491 2019046758 2747777 2744021
15 5 10183 10182 21300 2020892212 1203880 1202188
2 13 10352 10352 69513 2025151808 1206343 1206229
3 15 10850 10850 4124571 2026761568 1547064 1546205
0 12 10364 10364 40809628 2024133244 4711334 4621880
9 1 10240 10240 13562198 2023747362 5246118 2337457
4 10 10930 10930 1920 2030924026 1200664 1200561
0 14 10952 10952 853340 2030945976 1278181 1271946
13 7 10316 10316 832162 2031310228 1270300 1270171
9 4 10656 10656 44007 2031740700 1204070 1204093
9 3 10732 10732 2366 2031873082 1200576 1200600
3 12 10238 10238 119451 2033365314 1210595 1210416
9 5 10967 10967 488 2034313956 1200274 1200442
0 11 10628 10628 96478 2035202318 1209537 1208490
2 10 10400 10400 2311799 2035208454 1394711 1394222
2 9 10769 10769 230220 2038862442 1219835 1219704
8 5 10244 10244 38831 2039010236 1203618 1203656
5 11 10588 10588 53917 2039624484 1205013 1204920
3 11 10063 10063 622336 2039649902 1252803 1252579
10 5 10205 10204 111772 2041165300 1209779 1209771
0 8 10277 10277 59287 2042513542 1205923 1205373
12 1 10628 10628 8383519 2043004470 1988065 1903276
0 13 10513 10513 128220 2045854784 1211382 1211152
12 5 10925 10925 3350 2047899310 1200860 1200683
6 10 10641 10641 16427 2047958794 1203326 1201779
3 9 10020 10020 2567 2048767416 1216068 1200616
14 0 10280 10280 4558388 2050153968 1639090 1582577
14 7 10450 10450 52727 2051179576 1223794 1204821
0 8 10278 10277 63999 2052215074 1222710 1205765
5 14 10439 10439 643 2054544438 1200290 1200455
8 6 10153 10152 5817 2054972696 1201108 1200888
3 14 10902 10902 4736328 2052596824 4217829 1597496
14 7 10451 10450 621612 2053394286 3508144 1252517
15 0 10675 10675 379033189 2012896136 44551544 32978545
6 14 10786 10786 49375864 2050546438 8721684 5340072
11 2 10913 10913 377464 2060923092 1232258 1232048
7 14 10684 10684 685722 2061468322 1315756 1257892
12 3 10747 10747 225 2061986818 1200366 1200421
10 6 10889 10889 11681 2062442306 1273948 1201380
5 11 10589 10588 5590 2062673558 1201024 1200870
3 11 10064 10063 2020 2063675560 1200536 1200573
2 10 10401 10400 37750 2064453044 1206706 1203565
11 5 10552 10552 34202 2064904742 1203416 1203270
4 13 10738 10738 28458 2065028520 1203065 1202788
5 12 10657 10657 2160 2066705008 1238707 1200584
5 15 10924 10923 767344 2068569326 1265776 1264736
14 7 10452 10450 1235567 2067468310 3646842 1303991
12 1 10629 10628 1854 2070236814 1208180 1200556
0 12 10365 10364 18381918 2069426222 2796441 2741540
14 6 10944 10944 51538141 2048724762 24415784 5521361
10 4 10999 10999 13754507 2067941522 5351966 2353579
13 6 10700 10700 95537729 2042125620 31529829 9210284
7 11 10760 10760 196688 2072893576 1233348 1216891
13 6 10701 10700 91568 2073318012 1208290 1208078
14 2 10720 10719 3197 2077753356 1200802 1200671
7 12 10984 10984 55715103 2073435064 9548576 5871557
14 2 10721 10719 201769 2080502002 2513988 1217317
14 6 10945 10944 69521 2080881710 2490352 1206230
2 11 10891 10891 119861 2084945408 1210969 1210449
14 6 10946 10944 957646 2086362146 1281037 1280690
2 14 10807 10807 1078350 2086525720 1336441 1290811
3 8 10064 10064 11950833 2085885358 2249797 2202358
5 8 10350 10350 11510 2087373998 1201473 1201366
14 1 10547 10546 147148 2087401122 1218513 1212740
1 15 10839 10839 602347 2087489762 1251103 1250903
13 1 10076 10076 29451534 2079739988 9071358 3669618
9 6 10640 10639 41481 2087778598 1203921 1203879
11 0 10163 10163 103842919 2073697798 15669283 9906590
12 5 10927 10925 1359 2088187194 1200557 1200516
8 0 10749 10749 7500 2088696638 1201026 1201030
4 15 10354 10354 1741570 2089584094 1346748 1346414
1 13 10218 10218 4068882 2091799438 1542337 1541535
11 0 10164 10163 2039 2092375914 1200730 1200574
11 0 10165 10163 1726565 2092913128 1345596 1345156
6 12 10619 10619 3629075 2093290480 1512397 1504665
3 11 10065 10063 238 2094846768 1200282 1200422
6 8 10148 10147 120712 2095275596 1210674 1210521
1 9 10400 10400 8496 2099725208 1201458 1201114
8 5 10245 10244 608360 2100128904 1276454 1251407
11 0 10166 10163 47392 2101030032 1204574 1204375
1 15 10840 10839 55314 2101169550 1205115 1205040
2 15 10919 10919 87920 2101356324 1208049 1207771
8 1 10368 10368 308245 2102282710 1226476 1226246
8 1 10369 10368 29636 2102919156 1203044 1202886
6 11 10431 10431 4137 2102957528 1274860 1200750
10 4 11000 10999 2974641 2103052814 1456904 1449795
1 14 10512 10512 203675 2104307828 1217791 1217477
7 13 10935 10935 248625 2105031828 1242238 1221246
2 11 10892 10891 2016168 2104030206 2900872 1369438
4 9 10931 10931 117411 2106047432 1210428 1210246
9 7 10759 10759 159063 2107285380 1214619 1213739
7 11 10761 10760 51806562 2092971454 15816560 5543863
4 8 10437 10437 2546682 2107307664 1633293 1413915
0 8 10279 10277 564890 2112062964 1270992 1247760
4 12 10284 10284 110641 2112455196 1237175 1209677
5 9 10687 10686 2680 2112996608 1276099 1200625
11 5 10553 10552 13043 2117332952 1285518 1201497
14 7 10453 10450 1402 2121258736 1284139 1200519
13 5 10229 10229 15694 2122466234 1201790 1201716
8 2 10294 10294 43811 2122500440 1204223 1204073
12 6 10874 10873 9032 2123024756 1201328 1201160
15 5 10184 10182 45023506 2110238194 14732677 4975172
4 12 10285 10284 90180 2124543874 1214136 1207963
0 15 10916 10916 7266445 2121243878 4989925 1809620
2 15 10920 10919 59246438 2108710120 18709720 6167623
2 12 10283 10283 6055766 2126710476 1738663 1708116
8 5 10246 10244 24162424 2120847942 7790865 3226179
15 1 10482 10482 2462046 2128546562 1407274 1406821
3 13 10970 10970 19763 2129962760 1202149 1202057
4 14 10639 10639 29090 2132006862 1205281 1202842
9 3 10733 10732 8898 2132390966 1201320 1201146
13 1 10077 10076 71599 2132390000 1206577 1206404
6 13 10281 10281 11467 2132618566 1201410 1201363
14 4 10471 10471 87523 2133448956 1208149 1207739
9 7 10760 10759 83078 2133611568 1207722 1207368
0 10 10477 10477 32591 2136389848 1204479 1203134
8 3 10232 10232 21973 2136532020 1202418 1202242
2 15 10921 10919 684725 2136992280 1262512 1257808
10 5 10206 10204 90478 2138070568 1209807 1207987
2 10 10402 10400 6475 2138352080 1201096 1200944
10 4 11001 10999 289483 2141354872 1228670 1224672
14 0 10281 10280 1793451 2141254066 1354321 1350765
9 7 10761 10759 48984 2142584162 1282143 1204506
9 5 10969 10967 56 2142661270 1283667 1200408
2 10 10403 10400 326 2143546608 1200365 1200429
13 1 10078 10076 906 2144274466 1200400 1200476
12 3 10748 10747 922855 2148037330 1297232 1277772
2 15 10922 10919 6241 2146973046 2484982 1200926
10 0 10573 10573 40680 2152000488 1204152 1203811
11 5 10554 10552 6424637 2150851640 4251077 1739042
15 6 10621 10621 31896146 2148933828 6514875 3874576
0 12 10366 10364 892808 2154520238 3503394 1275253
1 14 10513 10512 26149878 2146281090 11835524 3392806
2 13 10353 10352 20595292 2153226300 5854154 2927112
0 10 10478 10477 501881 2157820244 1273823 1242478
6 11 10432 10431 24796258 2142270062 17707741 3279321
4 12 10286 10284 470708 2159258828 1245607 1239865
13 3 10248 10248 66040 2160020752 1206110 1205940
1 10 10131 10129 8772 2161002396 1201466 1201136
13 6 10702 10700 4036 2161086070 1201313 1200742
14 0 10282 10280 6370219 2161429944 1753694 1734482
9 4 10657 10656 2588150 2161979300 1431454 1417393
4 8 10438 10437 7806 2162894222 1201297 1201055
4 14 10640 10639 90519 2164441804 1211769 1207990
5 11 10590 10588 39402962 2154616706 11520620 4503944
7 13 10936 10935 45597 2165123358 1205792 1204224
11 1 10391 10391 11154 2166371474 1202346 1201338
5 14 10440 10439 69542892 2157229498 10530874 7030876
10 0 10574 10573 48835 2169066630 1213074 1204494
14 3 10113 10113 403 2169472628 1294496 1200436
10 5 10207 10204 1258 2171507966 1200584 1200508
15 0 10676 10675 4520376 2168737862 4024718 1579390
8 0 10750 10749 988 2171571028 1200532 1200482
7 13 10937 10935 27934 2172453238 1203775 1202742
0 10 10479 10477 859683 2174135784 1300883 1272477
15 5 10185 10182 3997 2174727458 1221347 1200735
7 12 10985 10984 71593 2176130550 1294477 1206403
5 13 10858 10858 4511255 2176442438 1598252 1578626
9 4 10658 10656 9206 2177510760 1201226 1201174
11 1 10392 10391 26331 2179667918 1203823 1202610
14 2 10722 10719 7559582 2180021996 3105364 1834196
5 9 10688 10686 10411 2182112536 1204274 1201275
13 5 10230 10229 168757815 2151192838 33518701 15349055
12 6 10875 10873 155611 2183808724 1216963 1213447
14 3 10114 10113 50161868 2174361846 12491082 5405971
6 14 10788 10786 649348 2187536632 1257780 1254843
15 5 10186 10182 2550 2188709540 1200764 1200615
4 10 10931 10930 7062463 2179699948 10382526 1792518
14 1 10548 10546 165112910 2165483504 25222110 15043466
1 9 10401 10400 32907038 2189405580 4013107 3959329
7 15 10383 10383 18124607 2187687344 5890742 2719968
14 7 10454 10450 9559 2192428732 1203030 1201203
1 10 10132 10129 947 2192740622 1200509 1200479
12 6 10876 10873 10046 2193474158 1209040 1201245
9 0 10177 10176 1799 2194282048 1200712 1200551
7 11 10762 10760 35608061 2186686524 9055942 4185783
4 11 10721 10720 2301 2196549426 1231300 1200595
11 5 10555 10552 58966 2196572272 1236450 1205343
2 10 10404 10400 17825 2197574290 1203448 1201895
6 15 10307 10307 12912 2197624202 1234384 1201482
6 11 10433 10431 726603 2198338482 1354284 1261319
14 3 10115 10113 622963 2198646672 1254907 1252629
9 3 10734 10732 406 2199739378 1200416 1200436
8 7 10732 10732 37086 2200375622 1203980 1203512
15 1 10483 10482 454916 2201046926 1276894 1238540
5 9 10689 10686 1785 2202062964 1203922 1200550
2 12 10284 10283 382546 2202964878 1248574 1232474
0 9 10553 10553 2848 2204963176 1200738 1200639
7 10 10496 10495 64715138 2190263836 16405030 6626120
9 7 10762 10759 520540 2206026564 1245998 1244043
9 5 10970 10967 845544 2209169910 1275259 1271292
13 2 10649 10649 83010 2213317858 2490673 1207363
10 0 10575 10573 1753556 2214404224 1419511 1347419
11 0 10167 10163 2065549 2214479608 1445815 1373577
13 2 10650 10649 95377 2219295406 1219918 1208398
13 1 10079 10076 7419902 2216809652 4453090 1822484
11 4 10359 10359 14721374 2218043798 4459296 2434642
11 7 10452 10452 63857395 2210715510 12915039 6554206
8 2 10295 10294 18096 2224666156 1202114 1201920
11 3 10819 10819 369474 2226705122 1232463 1231378
6 8 10149 10147 223526359 2192742014 35216390 19940852
4 14 10641 10639 13219 2227088292 1202540 1201511
5 8 10351 10350 428150 2227830410 1340151 1236299
2 15 10923 10919 87981 2228889856 1208716 1207776
5 14 10441 10439 237680670 2200238658 30784610 21127548
8 3 10233 10232 2003 2231598888 1200686 1200571
6 15 10308 10307 37797 2232187006 1203946 1203569
6 15 10309 10307 52459 2234227346 1205310 1204800
3 10 10457 10457 9228 2235236518 1202210 1201176
2 12 10285 10283 60 2236024618 1200394 1200408
11 6 10579 10579 29717 2236765076 1203434 1202892
0 14 10953 10952 849183 2237517030 1273914 1271598
15 4 10712 10712 2982 2239304750 1289229 1200650
10 6 10890 10889 7398 2239320084 1291029 1201022
3 14 10903 10902 63089 2239617092 1327515 1205692
15 7 10040 10040 1696815 2240998220 1349449 1342661
13 1 10080 10076 61575 2241279130 1205750 1205564
12 7 10831 10831 459292 2241708532 1238939 1238909
3 8 10065 10064 1476 2245826764 1230198 1200525
4 13 10739 10738 158 2248897510 1220466 1200416
1 9 10402 10400 97506586 2237604346 12611202 9375353
10 3 10158 10157 162448 2247703398 2533957 1214021
9 6 10641 10639 19477 2249288178 1212480 1202034
5 9 10690 10686 341 2249272838 1234874 1200431
15 4 10713 10712 13744 2249451576 1223368 1201553
2 8 10527 10526 8116160 2250014702 1969628 1880862
2 14 10808 10807 22212 2251476404 1202225 1202265
2 15 10924 10919 151444 2255433568 1213304 1213099
9 2 10797 10797 16166640 2246834544 10449441 2555812
5 13 10859 10858 116028 2256956762 1229124 1210131
10 5 10208 10204 406835 2258620416 1332024 1234509
2 8 10528 10526 1856227 2259682950 1356434 1356029
10 6 10891 10889 888743 2259913422 1327829 1274913
3 10 10458 10457 23310 2262381642 1204066 1202356
9 2 10798 10797 117609 2262401016 1214822 1210261
3 12 10239 10238 422241 2263075780 1252160 1235803
12 6 10877 10873 122579085 2238596520 26199976 11477434
6 9 10882 10881 22736672 2261817052 3182634 3106643
8 0 10751 10749 2470025 2266268342 1408075 1407490
15 0 10677 10675 12696 2267772618 1201548 1201465
4 11 10722 10720 47361559 2255518232 13761648 5171194
2 12 10286 10283 2928 2268651934 1200861 1200645
9 5 10971 10967 26116814 2264830542 10521532 3390034
11 7 10453 10452 156404 2274297364 1214598 1213515
13 7 10317 10316 5840014 2274361764 1722798 1690030
12 7 10832 10831 2920912 2275385220 1457450 1445289
14 2 10723 10719 356858 2276027674 1230548 1230319
3 13 10971 10970 121970 2280371520 1211030 1210626
15 5 10187 10182 362749433 2194518250 87543768 31613314
13 3 10249 10248 15020 2280942286 1201802 1201663
6 13 10282 10281 51165 2281691638 1204958 1204692
10 2 10052 10051 64011 2285277116 1205846 1205770
3 9 10021 10020 355 2285474670 1200436 1200432
6 10 10642 10641 6867 2286788620 1201871 1200976
6 11 10434 10431 4838137 2284244350 4078785 1606032
13 2 10651 10649 724133 2287139376 1275369 1261114
2 12 10287 10283 15072377 2283728882 5238734 2464070
0 15 10917 10916 2248308 2287514594 1453847 1388900
6 9 10883 10881 794394 2288750228 1267232 1267004
5 10 10956 10956 11174 2292282172 1202279 1201340
4 9 10932 10931 325996 2294333122 1227935 1227731
15 1 10484 10482 372126540 2230018082 65614455 32399490
4 15 10355 10354 941731 2294948320 1281287 1279355
1 13 10219 10218 3557 2295788498 1200775 1200699
11 4 10360 10359 28328 2296377082 1202947 1202777
6 12 10620 10619 31083 2296807318 1203023 1203009
13 1 10081 10076 29675566 2294187444 6591700 3688401
0 12 10367 10364 969 2302232936 1205526 1200481
3 12 10240 10238 13500293 2301533034 2342595 2332267
12 3 10749 10747 7754 2303298132 1201204 1201051
2 14 10809 10807 50354 2303336098 1204706 1204624
11 0 10168 10163 32192 2303610826 1203242 1203102
13 7 10318 10316 21341 2304496834 1202430 1202191
11 1 10393 10391 2188 2304660296 1200668 1200586
5 15 10925 10923 1302968 2304796394 1310818 1309640
0 15 10918 10916 482688 2306935790 1241013 1240869
7 10 10497 10495 590268671 2230961656 78370385 7738853
4 8 10439 10437 188630 2308173592 1216242 1216216
15 3 10304 10304 15542 2308259790 1202899 1201704
15 7 10041 10040 8405043 2307807338 1938592 1905082
7 11 10763 10760 1804 2309152886 1200590 1200552
5 15 10926 10923 61992 2310467100 1205800 1205597
3 14 10904 10902 30438 2316940306 1203152 1202954
13 1 10082 10076 25328633 2315937536 3328007 3323954
7 10 10499 10495 15647112 2316531514 2953154 2512257
9 1 10241 10240 66101 2319214428 1206137 1205945
7 9 10126 10126 1585750 2323179668 1377912 1333350
5 8 10352 10350 793 2325191614 1200502 1200467
9 3 10735 10732 1374 2326636342 1200676 1200517
1 14 10514 10512 188533 2328446346 1216438 1216208
8 7 10733 10732 691422 2329598658 1288557 1258371
1 9 10403 10400 265317 2330364212 1222835 1222646
1 15 10841 10839 25653 2330950208 1202547 1202552
1 14 10515 10512 4980 2333163200 1200990 1200817
8 6 10154 10152 141969 2334209360 1216231 1212302
5 8 10353 10350 943 2335718862 1200624 1200479
14 6 10947 10944 18708 2336193324 1202040 1201969
0 15 10919 10916 52068 2337695794 1329242 1204768
11 4 10361 10359 46374 2338620424 1205241 1204290
0 12 10368 10364 12285 2339224094 1201628 1201432
8 6 10155 10152 12931 2340811726 1219526 1201484
15 0 10678 10675 18860237 2329539254 14212530 2781645
0 15 10920 10916 10144005 2341938860 2052717 2050877
5 9 10691 10686 14679 2342807996 1201891 1201631
2 10 10405 10400 6541 2342957378 1201239 1200950
9 1 10242 10240 19561 2343486522 1202252 1202041
11 5 10556 10552 19406942 2340707476 6555680 2827478
5 14 10442 10439 3964334 2345941874 1628368 1532772
3 15 10851 10850 10821 2346511820 1201466 1201307
9 3 10736 10732 40587174 2339724324 8122275 4603231
8 5 10247 10244 3389909 2346715750 1548501 1484610
7 8 10103 10103 294889 2347394464 1226134 1225123
5 12 10659 10657 2013704 2347854462 1371230 1369230
0 8 10280 10277 23068 2353619582 2486810 1202337
5 8 10354 10350 1699440 2358775258 1390462 1342883
2 14 10810 10807 27118634 2353916556 9373248 3474027
14 7 10455 10450 916 2363451316 1200439 1200477
12 4 10834 10833 819589 2364637502 1286723 1269115
10 1 10756 10755 16059 2366626758 1201960 1201750
8 3 10234 10232 267 2367147158 1200447 1200425
8 6 10156 10152 48781 2368279414 1289467 1204490
6 14 10789 10786 14095 2370432462 1201808 1201585
13 0 10888 10888 260356069 2325385002 47219170 23028656
15 5 10188 10182 24320919 2367239556 6391075 3239466
14 0 10283 10280 49009 2373642462 1204480 1204512
8 1 10370 10368 17803 2373785800 1202004 1201893
11 5 10557 10552 3967595 2374724786 1603227 1533044
5 8 10355 10350 1841 2376653372 1213171 1200554
8 1 10371 10368 1509 2379956502 1200574 1200528
6 11 10435 10431 11300 2380033304 1201785 1201350
3 11 10066 10063 9437268 2376285416 5069223 1991623
13 7 10319 10316 12915159 2384200402 2371743 2283210
3 10 10459 10457 60200 2386659766 1206014 1205450
12 6 10878 10873 1594832 2387475374 1504238 1334111
14 6 10948 10944 5483345 2387327216 1812208 1660126
12 0 10747 10747 10051 2389458300 1284886 1201246
5 14 10443 10439 25049 2391354892 1202653 1202503
7 10 10500 10495 36147 2391547052 1267750 1203433
3 15 10852 10850 5334 2391705770 1200999 1200849
9 6 10642 10639 4665995 2392933534 1600170 1591597
4 12 10287 10284 209589 2394409106 1243623 1217973
14 3 10116 10113 8922 2395423520 1201661 1201148
5 11 10592 10588 17478 2395132494 2486227 1201867
13 5 10231 10229 9415 2396968284 1201599 1201191
13 2 10652 10649 9602 2397445856 1201309 1201206
0 10 10480 10477 576 2397541670 1200495 1200449
15 7 10042 10040 13928 2401860976 1224968 1201568
13 1 10083 10076 16434 2402239018 1201996 1201780
2 15 10925 10919 457910 2400865914 2622990 1238791
11 2 10915 10913 8939 2402897948 1228655 1201149
8 2 10296 10294 616634 2403344966 1261369 1252100
14 1 10549 10546 30914 2404609170 1203726 1202992
0 15 10921 10916 195695 2405411532 1291815 1216808
5 11 10591 10588 88508165 2384971188 23830572 8620927
6 8 10150 10147 55949 2411253364 1205611 1205090
5 11 10593 10588 76298 2413034710 1213421 1206799
8 5 10248 10244 7617365 2409938426 4620707 1839042
6 15 10310 10307 3545488 2413333162 1556640 1497655
7 15 10384 10383 176389 2418115046 1218215 1215190
8 1 10372 10368 6300384 2415816952 4241224 1728626
9 0 10179 10176 7406 2419008210 1201573 1201023
0 10 10481 10477 11580573 2420932034 2564032 2171316
9 0 10178 10176 108673772 2399614422 24281465 10311609
1 15 10842 10839 546 2422995920 1200598 1200447
0 12 10369 10364 26235 2423198952 1215164 1202602
11 1 10394 10391 790 2424707874 1200591 1200467
2 12 10289 10283 15310812 2422882534 3188215 2484059
1 12 10999 10998 411829 2425466796 1236361 1234928
5 11 10594 10588 140698 2425997444 1213025 1212197
2 11 10893 10891 121 2426746936 1200414 1200413
6 14 10790 10786 293044 2428495280 1232484 1224972
5 14 10444 10439 2002645 2429279898 1537024 1368303
0 9 10554 10553 94287 2429902778 1294546 1208307
12 3 10750 10747 197198186 2394545710 39117740 17733499
11 3 10820 10819 5647035 2431748246 2213996 1673851
5 10 10957 10956 239652 2433530480 1262734 1220493
1 8 10156 10156 21957588 2431734094 3163653 3041325
8 4 10584 10584 389031 2433816446 1245822 1233020
12 2 10035 10035 8177 2434350804 1201336 1201088
11 5 10558 10552 153013476 2402328192 33471282 14029051
12 2 10036 10035 25412066 2435522058 3767570 3330951
11 0 10169 10163 28301 2438784908 1203056 1202775
5 13 10860 10858 25774 2441162424 1203193 1202561
14 0 10284 10280 57221 2442994264 1205774 1205200
2 14 10811 10807 66627938 2429276650 15943039 6786486
2 10 10406 10400 514997 2448679916 1253176 1243577
3 8 10066 10064 134842 2449331540 1217272 1211705
7 8 10104 10103 348995 2450437346 1232480 1229659
12 6 10879 10873 365638 2450636974 1231602 1231056
1 14 10516 10512 26533 2450973188 1203263 1202626
9 2 10799 10797 41905932 2447484176 7789226 4713793
13 4 10629 10629 31151 2456086758 1203084 1203014
4 10 10934 10930 21227 2456283126 1202488 1202182
6 14 10791 10786 10115 2457900318 1201454 1201251
14 0 10285 10280 28860 2458275604 1204106 1202820
0 14 10954 10952 281112300 2349177372 110715716 24768857
15 1 10485 10482 922199 2459039440 1289034 1277720
4 10 10932 10930 121164931 2344815092 115799369 11358868
13 5 10232 10229 66865137 2447113300 13971016 6806376
13 0 10889 10888 26385575 2456633560 4724884 3412568
8 4 10585 10584 2253 2460514212 1200862 1200591
3 9 10023 10020 30464 2461134468 1204892 1202956
2 13 10354 10352 40801 2461635336 1285130 1203821
5 9 10692 10686 22948 2465851124 1202920 1202324
2 14 10812 10807 2428 2466658154 1200631 1200605
14 4 10472 10471 7203482 2466293094 1805808 1804341
6 11 10436 10431 32277 2468913832 1203114 1203108
10 7 10125 10125 124591 2471020502 1258410 1210847
1 8 10157 10156 480 2471156364 1227206 1200442
1 15 10843 10839 155838 2471566772 2729206 1213466
2 15 10926 10919 11942266 2470764688 5718653 2201642
9 3 10737 10732 278011 2475287888 1224780 1223712
13 0 10890 10888 23918 2479252268 1202551 1202405
15 1 10486 10482 1934 2480222264 1200745 1200562
9 4 10659 10656 35691 2480914096 1203806 1203393
13 2 10653 10649 2012 2481549834 1200873 1200572
6 11 10437 10431 370633 2484004360 1238029 1231475
13 6 10703 10700 61537 2486622572 1223875 1205561
15 2 10481 10481 9518 2487222860 1201411 1201199
6 15 10311 10307 10621 2488487246 1201250 1201291
0 9 10555 10553 1982061 2489305250 1561539 1366579
9 6 10643 10639 18605 2493699632 1202155 1201961
8 2 10297 10294 35052 2494074440 1203553 1203342
15 1 10487 10482 3377 2494773262 1200868 1200685
3 15 10854 10850 2233 2495795236 1202920 1200590
0 11 10630 10628 17940038 2489200576 7883512 2704496
5 11 10596 10588 149072 2497577476 1217540 1212901
6 14 10792 10786 119251 2496408274 2502198 1210400
4 13 10740 10738 6041531 2485921054 13168040 1706923
5 11 10595 10588 8883 2496768298 2485672 1201145
12 6 10880 10873 406 2499245678 1283450 1200436
13 1 10084 10076 52902 2505569910 1292574 1204835
12 5 10928 10925 265833 2515707412 1311728 1222688
12 6 10881 10873 678 2515884822 1283648 1200458
1 9 10405 10400 7631 2522877372 2632455 1201041
10 0 10576 10573 18559 2529674452 1305568 1201957
4 8 10440 10437 189379 2518919386 13031746 1216279
4 15 10357 10354 1618 2537045984 1284243 1200537
2 13 10355 10352 31765 2549801522 10378484 1203064
11 7 10457 10452 1825 2593519000 1285771 1200553
15 5 10190 10182 29258 2597358870 1419203 1202855
2 8 10529 10526 470972 2599838552 1459580 1239886
7 10 10503 10495 56232 2610159026 4137436 1205117
2 13 10357 10352 1964 2615481618 1367777 1200564
10 6 10893 10889 270769 2650924668 1306926 1223102
11 6 10580 10579 36940352 2641646224 17052714 4297481
14 7 10457 10450 4610 2657460606 1284586 1200788
14 6 10950 10944 61174834 2636611180 24627188 6329298
6 11 10439 10431 29866 2678507366 6441272 1202904
1 15 10849 10839 105986 2705331392 1277713 1209285
2 13 10358 10352 194 2705992094 1301222 1200419
7 13 10938 10935 5646156 2542344086 168134429 1673776
4 9 10935 10931 9755 2718260368 2570982 1201218
2 13 10359 10352 13884 2717117308 13686338 1201564
3 8 10067 10064 2007 2733175708 1367305 1200572
11 6 10581 10579 501861 2736444874 1368322 1242476
12 4 10837 10833 1791 2740089854 1286971 1200550
5 15 10928 10923 728 2745766396 1367108 1200462
8 5 10254 10244 203908 2749410718 1392736 1217496
0 10 10484 10477 30875 2735395296 19274092 1202989
15 3 10309 10304 90187 2776425770 1373764 1207964
2 13 10360 10352 203807 2770517178 8450740 1217487
15 4 10715 10712 22473 2779812918 1285888 1202286
12 1 10632 10628 913 2785977426 1354105 1200476
11 5 10560 10552 13536605 2788065608 2433933 2335310
4 10 10939 10930 4945 2792165278 1284895 1200814
2 15 10928 10919 1517210 2742952198 52243620 1327605
11 2 10916 10913 34330 2794262208 1203619 1203280
9 3 10739 10732 105716 2794782120 1240247 1209264
5 15 10929 10923 1465 2795047294 1200708 1200524
2 11 10897 10891 2410505 2719013462 77250966 1402498
2 10 10407 10400 3815372 2617900132 178631192 1520283
0 10 10486 10477 3901835 2763526322 35349228 1527530
7 11 10767 10760 77501 2796850496 2504128 1206899
9 7 10764 10759 1984380 2798243566 1535387 1366772
15 0 10683 10675 4039 2799949030 1284105 1200742
12 1 10633 10628 6889 2800022466 1314035 1200978
2 14 10813 10807 24013 2801108536 1279789 1202417
14 1 10550 10546 128465219 2778030644 24585367 11970926
0 10 10485 10477 8120126 2742286362 61120506 1881194
6 13 10284 10281 790166 2802219356 1267453 1266650
0 10 10483 10477 8533261 2697981308 106105842 1915831
0 8 10281 10277 9865846 2590126414 214949838 2027553
0 14 10956 10952 4997379 2804200876 1623282 1619382
0 13 10517 10513 28 2805547762 1200542 1200406
4 15 10360 10354 3895 2805775138 1201907 1200726
2 8 10530 10526 13148185 2600931830 208607967 2302746
5 12 10660 10657 84992 2809075036 1251724 1207525
3 11 10067 10063 101605 2809218030 1289869 1208920
11 2 10917 10913 66480013 2800364648 12361379 6774088
3 12 10241 10238 2705977 2811139366 1859932 1427269
4 8 10443 10437 4167393 2812946532 2983236 1549796
9 5 10976 10967 3987591 2815320518 1954933 1534721
7 13 10940 10935 81642 2817617844 1247755 1207246
2 12 10290 10283 15018016 2593019198 226156487 2459514
13 2 10654 10649 917 2819613790 1200538 1200477
4 12 10290 10284 477 2819738760 1200287 1200442
4 9 10937 10931 29950 2820049846 1206855 1202911
11 4 10364 10359 151306 2820718398 1213663 1213088
9 0 10182 10176 167077411 2571714638 251414806 15208172
0 10 10487 10477 63497152 2805421356 17807908 6524004
14 3 10118 10113 51410 2822318924 1205039 1204712
4 10 10940 10930 2752 2823060194 1200970 1200631
3 9 10026 10020 3544 2823906502 1201176 1200698
3 13 10974 10970 66755 2824290818 1210742 1205997
14 5 10593 10592 156795 2826098182 1224994 1213546
15 1 10490 10482 124611 2827430216 1224142 1210848
1 11 10110 10108 27107 2828951528 1277878 1202676
8 5 10255 10244 16747618 2826099888 5983158 2604521
2 8 10531 10526 96325 2832912852 1266248 1208478
12 3 10752 10747 27377 2833985762 1202942 1202697
10 0 10578 10573 848 2834361784 1200556 1200471
8 0 10754 10749 25258 2834438490 1204830 1202520
1 15 10850 10839 769 2836206806 1200348 1200465
3 13 10975 10970 22061 2836396086 1202994 1202253
8 0 10755 10749 24321 2836732256 1204772 1202441
12 0 10749 10747 63605 2836974838 1206854 1205734
14 5 10594 10592 203698 2837128186 1217800 1217479
15 3 10310 10304 1158 2837393074 1200848 1200500
6 15 10316 10307 7658242 2832551426 6455085 1842469
13 6 10707 10700 50365773 2822329968 16906159 5423067
0 14 10957 10952 7260948 2833020648 6833352 1809158
11 2 10918 10913 2949 2839017062 1200821 1200647
15 4 10717 10712 3056 2839958980 1200786 1200659
13 2 10655 10649 35350 2840020250 1206631 1203366
7 13 10941 10935 15851537 2838860464 2864978 2529394
11 3 10823 10819 1369759 2842722234 1361931 1315241
12 6 10883 10873 114936 2843333760 1212075 1210036
9 0 10185 10176 1157 2844241910 1200737 1200500
4 12 10291 10284 903827 2844211698 1281484 1276177
2 11 10899 10891 9305 2844346280 1201538 1201182
7 14 10690 10684 215610 2844345282 1223005 1218478
9 1 10246 10240 6331964 2828255064 20574308 1731272
0 14 10958 10952 14550008 2842017936 8217563 2420276
5 14 10445 10439 136174 2849083716 1223183 1211820
2 11 10895 10891 58250114 2659451334 192106499 6084092
3 12 10242 10238 1941589 2843150384 9204221 1363184
2 15 10930 10919 30481756 2846094316 6492449 3755991
8 2 10299 10294 14490688 2846597016 7367308 2415300
1 10 10135 10129 3135 2852941950 1231648 1200666
3 15 10855 10850 23360 2853358524 1203021 1202360
7 9 10129 10126 112065 2854650290 1219428 1209799
8 4 10587 10584 1025783 2855219606 1372690 1286402
5 12 10661 10657 14580 2856468170 1281869 1201624
3 15 10856 10850 26931 2857471720 1203001 1202658
4 11 10729 10720 236497 2857646992 1226398 1220229
13 5 10234 10229 1681723 2857605394 1483006 1341396
10 0 10579 10573 14697 2859393992 1201737 1201633
15 6 10624 10621 53398 2860331806 1205101 1204879
14 4 10476 10471 9712053 2859754298 2016252 2014662
7 12 10987 10984 5637652 2851681746 10211811 1673062
4 12 10292 10284 709 2860706532 1200585 1200460
13 6 10706 10700 185563562 2807054554 55742904 16758050
14 5 10595 10592 1098 2862666788 1200894 1200495
4 11 10730 10720 3841 2863076280 1200932 1200722
14 7 10459 10450 31038497 2861826590 3807906 3802669
5 15 10931 10923 37732 2864722946 1208693 1203564
6 10 10645 10641 25389660 2863102142 3335162 3329070
5 15 10932 10923 667871 2866723202 1331484 1256394
9 6 10648 10639 62965638 2847076068 24916530 6479440
13 3 10252 10248 49808036 2851646418 22458917 5376309
14 0 10288 10280 67461 2873907264 1206128 1206058
9 4 10660 10656 11535 2874088808 1201445 1201368
2 15 10931 10919 1367 2878253370 1200570 1200517
10 2 10058 10051 1455 2880310286 1200699 1200524
4 15 10361 10354 365378 2883501008 1243736 1231035
10 6 10894 10889 1616 2883958208 1200633 1200536
15 1 10491 10482 1673 2884307332 1200752 1200541
5 11 10602 10588 77 2885422800 1200200 1200410
5 14 10446 10439 46734 2887217228 1210574 1204319
2 15 10929 10919 134661345 2761693244 127330310 12490409
5 11 10603 10588 225772 2887883548 1246730 1219329
7 13 10942 10935 1207751 2889990484 1456032 1301658
12 1 10635 10628 20833480 2888592678 3018400 2947080
6 9 10885 10881 5570992 2890211080 1703329 1667472
9 4 10661 10656 2812982 2891615916 1436781 1436240
4 10 10941 10930 3982914 2889089842 4336794 1534327
1 14 10520 10512 382835 2892536886 1264780 1232497
7 11 10768 10760 830 2892724672 1200522 1200470
9 6 10649 10639 26349 2894698226 1249552 1202611
6 12 10622 10619 66729 2897402444 1206638 1205995
1 13 10224 10218 130312259 2870874856 29713942 12125782
5 12 10662 10657 414123 2902356378 1270058 1235123
11 2 10919 10913 6929959 2902721850 1986389 1781407
12 3 10753 10747 142231 2903597254 2509889 1212327
8 3 10236 10232 256786 2907165588 1266907 1221929
2 8 10532 10526 24632939 2904160626 4927647 3265625
15 2 10487 10481 709429 2909445558 1261695 1259880
1 13 10225 10218 11150789 2908953598 2137412 2135282
15 7 10044 10040 618843 2910073240 1269374 1252284
8 5 10256 10244 10558 2910583456 1203121 1201286
8 7 10737 10732 26230122 2893827862 18041427 3399536
0 15 10924 10916 1306 2913123190 1200475 1200512
8 1 10375 10368 1843026 2913741776 1359749 1354923
9 1 10247 10240 92153 2914792588 1212221 1208129
5 15 10930 10923 90237094 2815081114 101224629 8765881
15 0 10684 10675 19019 2915846312 1202227 1201998
2 14 10814 10807 595486 2917664364 1379655 1250327
12 3 10754 10747 266322 2918875748 1223236 1222731
13 1 10087 10076 31989374 2911432716 9084454 3882391
0 13 10518 10513 1063513 2920077930 1342032 1289566
8 4 10588 10584 865 2921203248 1200592 1200473
14 7 10460 10450 287525 2921759308 1239962 1224507
9 5 10977 10967 29362014 2894633606 29163505 3662115
2 9 10771 10769 435 2922634104 1254359 1200438
0 8 10283 10277 258618 2922992980 1222399 1222084
9 1 10248 10240 684 2923378982 1200532 1200458
12 6 10884 10873 1232 2923750468 1200692 1200506
12 3 10755 10747 91746 2924359748 1208299 1208092
6 11 10440 10431 3655912 2924292696 1592081 1506912
15 3 10311 10304 39808 2924801518 1203887 1203738
2 11 10898 10891 400628094 2804418264 122156305 34789062
1 11 10111 10108 29687 2925410522 1203062 1202890
4 12 10293 10284 165 2926388550 1200436 1200417
7 13 10944 10935 82408 2928459970 1213313 1207311
10 6 10895 10889 13633 2928892420 1201671 1201544
3 14 10908 10902 779 2929592338 1200595 1200466
10 1 10760 10755 595898 2929810548 1250649 1250360
14 5 10596 10592 8960 2930272088 1201297 1201151
7 13 10945 10935 45952 2930345156 1207755 1204252
9 7 10765 10759 401824 2930339322 1234275 1234089
8 5 10257 10244 3690 2931349500 1200925 1200710
5 11 10604 10588 336934 2932147302 1228853 1228648
6 13 10285 10281 10286 2933408832 1202185 1201265
11 0 10170 10163 15672 2934398060 1202009 1201715
7 15 10386 10383 2057 2936044842 1218822 1200576
2 13 10362 10352 13196545 2933933774 3898899 2306800
2 12 10292 10283 242524 2937434140 1248078 1220735
4 14 10644 10639 633449 2938031436 1253694 1253510
15 3 10312 10304 432081 2938079356 1236869 1236629
13 5 10235 10229 16620 2940088218 1203445 1201794
1 8 10163 10156 497120 2940094510 1242310 1242081
5 10 10964 10956 2255136 2941409520 1389795 1389473
13 0 10893 10888 714931 2942834720 1294355 1260340
15 5 10193 10182 4777 2943862400 1200981 1200801
4 11 10731 10720 14378 2945646734 1201770 1201607
12 2 10039 10035 1428 2946077656 1200745 1200521
2 12 10293 10283 22601 2946613690 1204929 1202296
12 6 10885 10873 33838 2947573454 1203407 1203237
11 4 10365 10359 11202 2947636564 1201346 1201342
2 13 10361 10352 301451833 2910049948 39382565 26474122
5 8 10359 10350 5781649 2949357364 1721316 1685134
14 0 10289 10280 40309 2950372220 1205429 1203782
3 15 10857 10850 241 2950525890 1200326 1200423
0 11 10635 10628 271 2954920962 1283626 1200425
15 3 10313 10304 644004 2955990142 1254650 1254397
15 3 10314 10304 9454 2956088784 1201208 1201194
5 8 10360 10350 55065 2958935046 1217757 1205020
4 12 10294 10284 1993 2960166122 1200752 1200567
12 7 10838 10831 93052 2960876038 1208196 1208205
11 1 10397 10391 76567 2961521612 1207124 1206821
15 2 10488 10481 7027 2962065820 1201578 1200992
3 9 10027 10020 4416 2962844150 1243053 1200772
0 11 10636 10628 4119888 2962652644 1631829 1545811
15 5 10194 10182 5975 2964588364 1298652 1200901
12 2 10040 10035 193493 2963664344 2506861 1216624
12 2 10041 10035 21971 2965693878 1202797 1202242
3 8 10069 10064 12324021 2958011044 10835390 2233649
15 1 10492 10482 183917 2969401028 1233644 1215819
12 0 10750 10747 7665007 2966857948 4236148 1843038
13 4 10634 10629 3086185 2966809804 5059419 1459148
12 1 10636 10628 301865 2971169024 1230379 1225708
8 7 10738 10732 2503272 2973894258 1418530 1410277
2 15 10932 10919 113638 2975878152 1212836 1209928
1 9 10406 10400 109864 2977186464 1221094 1209611
2 9 10772 10769 435658 2980033916 1239717 1236926
2 14 10815 10807 12695 2980127392 1201772 1201465
15 6 10626 10621 19626 2980354818 1204178 1202046
13 5 10236 10229 103999856 2947821534 34495015 9919748
8 2 10300 10294 54787351 2963447938 22748476 5793774
5 14 10447 10439 232545 2985194452 1239564 1219898
2 15 10933 10919 210392 2985314182 1230336 1218041
2 11 10900 10891 4816 2985571348 1201072 1200804
2 9 10773 10769 6726849 2990874210 1821016 1764379
14 5 10597 10592 6001 2991768378 1228616 1200906
4 9 10938 10931 802 2991866960 1200360 1200468
8 7 10739 10732 122909 2991541206 2571535 1210705
2 11 10901 10891 4334454 2993755758 1640247 1563802
15 0 10685 10675 18425 2996708842 1227903 1201946
2 10 10408 10400 6608 3000408178 1201009 1200955
3 14 10909 10902 1937172 3001779370 1417930 1362815
14 5 10598 10592 3645 3002323836 1200942 1200706
4 14 10645 10639 4288 3003650684 1201164 1200762
7 8 10108 10103 24900 3006290274 1206504 1202488
0 14 10959 10952 3059 3007357752 1229798 1200660
11 0 10171 10163 7596192 3010053134 1895294 1837267
2 13 10363 10352 34724048 3001842442 10618256 4111667
4 13 10742 10738 4911 3011664548 1201292 1200812
5 9 10695 10686 7723 3012225032 1201196 1201048
5 11 10605 10588 21230 3012493346 1202336 1202182
3 15 10858 10850 22128 3018857898 1202490 1202258
1 15 10851 10839 6499 3019034754 1201642 1200946
11 7 10458 10452 207134 3018106886 2502690 1217769
15 3 10315 10304 247147 3019906904 1241998 1221124
1 13 10226 10218 112620645 2956990034 64921082 10642516
6 12 10623 10619 6298 3024868456 1236027 1200930
14 5 10599 10592 30222053 3016720006 13506911 3734220
11 4 10366 10359 2436961 3020716706 10395599 1404714
10 7 10127 10125 3977 3030332804 1237079 1200733
10 2 10060 10051 1026 3031147536 1200593 1200489
3 14 10910 10902 50793 3033431388 1226521 1204659
15 6 10627 10621 183808 3036748370 2533517 1215811
6 14 10796 10786 54569 3038229172 1214138 1204976
15 6 10625 10621 45126895 2954400010 86244213 4983839
10 7 10128 10125 893231 3041524886 1282382 1275291
0 14 10960 10952 489615 3042190550 1272802 1241450
3 10 10461 10457 3521 3042596234 1217946 1200697
9 4 10662 10656 79833 3042589116 1261777 1207093
0 13 10519 10513 153497 3043353874 1301900 1213271
8 0 10757 10749 3722 3043604010 1201524 1200713
7 12 10989 10984 151094 3044582554 1215619 1213071
9 5 10978 10967 84217 3044816770 1208758 1207463
6 11 10441 10431 44860 3045109924 1204548 1204161
15 6 10628 10621 110883 3045181516 1221681 1209696
6 10 10646 10641 68731224 3022055966 25805446 6962828
4 8 10444 10437 7362 3046771446 1205692 1201019
15 3 10316 10304 219448 3047100720 1252626 1218800
12 6 10886 10873 119238053 3002449410 46493420 11197322
1 9 10407 10400 2307 3048623198 1283728 1200596
11 3 10824 10819 14233 3048776040 1201901 1201596
5 15 10933 10923 228618 3048586142 2520588 1219568
4 13 10743 10738 1856440 3050362512 1390914 1356046
0 8 10285 10277 38686 3051594602 1263550 1203644
2 13 10364 10352 18228 3052655774 1281052 1201931
6 8 10152 10147 30069457 3042283974 12528059 3721425
0 11 10637 10628 195053 3053793270 1283670 1216756
2 9 10774 10769 7884 3054382344 1284696 1201061
5 11 10606 10588 26249 3055506838 1243440 1202603
5 11 10607 10588 35495 3057132698 1203548 1203377
2 15 10934 10919 469832 3058537036 1243866 1239791
11 6 10582 10579 458774 3058940426 1244132 1238864
11 0 10172 10163 513579 3060710854 1288985 1243460
3 12 10244 10238 1979 3061003344 1200769 1200566
5 12 10664 10657 824576 3061687994 1276578 1269534
8 4 10590 10584 174049 3062751700 1289121 1214995
4 11 10732 10720 1285 3063345490 1230107 1200510
10 0 10580 10573 2626287 3063034152 1965646 1420590
12 7 10839 10831 3154 3064028278 1219690 1200667
11 6 10583 10579 23864 3066039936 1202854 1202401
2 10 10409 10400 26946090 3065115346 3654398 3459563
14 0 10290 10280 5799 3069333488 1271580 1200886
4 15 10362 10354 25144426 3067427412 3427089 3308510
13 5 10237 10229 31164 3070995268 1205690 1203016
3 14 10911 10902 23124581 3047866658 24651718 3139166
8 0 10758 10749 10117 3071695664 1202064 1201251
12 5 10931 10925 7523824 3068638456 4488430 1831198
0 14 10961 10952 18389305 3070363840 4312328 2742162
0 8 10284 10277 236673257 2976330014 98775118 21043088
13 0 10894 10888 20344900 3065738010 9420654 2906116
13 3 10253 10248 5944109 3073388878 1987106 1698757
10 2 10059 10051 260085416 2935465884 141618634 23005963
3 14 10912 10902 4142018 3075462868 1896332 1547670
1 13 10227 10218 1588 3076185226 1200491 1200534
0 9 10558 10553 442988 3076472752 1238461 1237540
2 14 10816 10807 1484 3078271572 1200728 1200526
9 4 10663 10656 432127 3064722900 14790966 1236632
11 7 10459 10452 3 3079135194 1200202 1200404
13 7 10321 10316 326805 3080561062 1259644 1227800
11 3 10825 10819 1928424 3080838680 1381846 1362081
13 1 10088 10076 762755 3080946260 1311432 1264350
15 3 10317 10304 17129900 3081896472 2639574 2636571
5 14 10448 10439 8367657 3080338144 4552206 1901945
3 11 10068 10063 3546049 3084802560 1667998 1497704
13 5 10238 10229 301564 3086453246 1230188 1225684
9 0 10186 10176 10555 3086801292 1201722 1201286
0 12 10373 10364 790 3086881002 1200626 1200467
11 2 10920 10913 1163 3088052676 1237622 1200500
12 4 10838 10833 804 3089512900 1248082 1200468
10 5 10213 10204 1001 3090214708 1200486 1200487
1 12 11004 10998 35402 3089794126 2523216 1203370
7 12 10990 10984 6618 3092914534 1201947 1200956
13 7 10322 10316 2532105 3092726606 1413415 1412695
11 5 10561 10552 3504 3094075702 1212031 1200695
10 0 10581 10573 6001490 3094349778 2020681 1703566
12 5 10932 10925 6287035 3095593112 1811007 1727508
8 4 10591 10584 3833994 3097255668 2211118 1521842
12 0 10751 10747 10239 3099599164 1201734 1201261
15 2 10489 10481 2450 3099853246 1200748 1200607
15 6 10629 10621 6394 3099935560 1201152 1200938
3 15 10860 10850 58334 3101968952 1263300 1205293
12 7 10840 10831 3883 3104640176 1201044 1200726
12 5 10933 10925 63778 3104810566 1213652 1205748
14 3 10119 10113 2279 3105304036 1200940 1200593
1 10 10136 10129 3619320 3101743456 4930088 1503846
1 8 10165 10156 213048 3106031464 1238358 1218265
13 5 10239 10229 24584 3106141002 1202930 1202462
7 12 10988 10984 114929648 3023388780 84277040 10836103
3 15 10861 10850 1813256 3108213498 1740168 1352426
5 13 10862 10858 35476 3109698400 1221374 1203376
1 8 10166 10156 341 3111079708 1200510 1200431
9 0 10187 10176 5344 3114379730 1200976 1200850
14 7 10461 10450 5523 3114470630 1200899 1200864
15 5 10195 10182 322313 3115219500 1232509 1227425
7 10 10505 10495 42471325 3102979816 15062343 4761198
0 11 10639 10628 10481 3117992620 1201857 1201280
0 8 10286 10277 166506 3118211916 1222042 1214361
13 5 10240 10229 899219 3118389106 1290189 1275793
0 10 10488 10477 32951382 3094902782 25168833 3963046
0 9 10559 10553 27462 3121764502 1204050 1202704
1 9 10408 10400 6831757 3121076094 2348206 1773175
3 15 10859 10850 33547259 3087944950 36109952 4013005
1 13 10228 10218 965 3125527704 1200570 1200481
13 7 10323 10316 845221 3125477680 1272588 1271266
0 15 10925 10916 56119 3125664804 1205122 1205108
6 14 10797 10786 40983 3126786618 1209822 1203836
11 5 10562 10552 801 3127177592 1200494 1200467
12 6 10887 10873 7989045 3127048592 2407468 1870205
2 14 10817 10807 32896 3130773438 1204215 1203158
3 10 10462 10457 636880 3130983124 1280733 1253796
6 10 10647 10641 9801 3131807964 1202314 1201222
2 15 10935 10919 4826365 3131736530 1646626 1605044
1 10 10137 10129 65917 3133395374 1211926 1205926
11 3 10826 10819 75072 3134007362 1221740 1206697
9 3 10740 10732 86838218 3110468596 25088753 8480919
14 6 10952 10944 49483 3136694270 1205020 1204550
10 6 10896 10889 11796 3140443794 1201902 1201389
6 12 10624 10619 852313 3142523798 1343689 1271860
12 0 10752 10747 122598626 3120430768 24413503 11479070
8 4 10592 10584 9047 3146443808 1202877 1201162
4 10 10942 10930 41595 3146882238 1204254 1203888
1 15 10852 10839 5160693 3147137902 2067472 1633073
15 1 10493 10482 53641 3148036356 1205358 1204898
10 5 10214 10204 328 3149699962 1200446 1200430
5 14 10449 10439 164297 3151618736 1219514 1214177
2 15 10936 10919 20868 3152104192 1202482 1202150
6 10 10648 10641 654452 3152858964 1310474 1255271
15 4 10718 10712 13487 3152969342 1201773 1201532
11 6 10584 10579 36836 3153697164 1203656 1203488
6 8 10153 10147 50596 3153903500 1208962 1204643
12 5 10934 10925 16357 3155415942 1202020 1201773
6 15 10317 10307 124 3156753242 1200348 1200413
14 7 10462 10450 3912517 3161103944 1540038 1528427
8 4 10593 10584 151293 3162130296 1258516 1213087
12 4 10839 10833 11036 3162865040 1201617 1201328
1 8 10167 10156 181966 3163052662 1230910 1215656
2 8 10533 10526 373346 3166417494 1235922 1231703
7 11 10769 10760 6181 3167508726 1201612 1200921
5 12 10665 10657 18486744 3157939792 11181802 2750329
7 13 10947 10935 443 3168162466 1200314 1200439
3 14 10913 10902 28657 3169676720 1204281 1202803
3 12 10245 10238 85236 3171934456 1229412 1207549
10 2 10061 10051 661728 3174971204 1339401 1255880
10 6 10897 10889 105257 3177307074 1240452 1209227
14 6 10953 10944 115 3183553712 1263698 1200413
12 4 10840 10833 599 3184782598 1200358 1200451
9 3 10741 10732 15387 3185152980 1203117 1201692
14 5 10600 10592 494073 3186848634 1243391 1241826
2 14 10818 10807 4835831 3187544198 1829536 1605836
5 15 10934 10923 6501 3188711196 1201184 1200946
8 3 10237 10232 121579 3188777976 1253098 1210594
0 15 10926 10916 38804 3190595748 1203948 1203654
2 14 10819 10807 9346 3191283108 1201758 1201186
4 11 10733 10720 12819 3191381988 1201772 1201475
8 5 10259 10244 19172 3191715764 1208456 1202010
5 13 10863 10858 189798 3193086948 1252990 1216313
2 8 10534 10526 6477 3194148978 1235320 1200945
0 10 10489 10477 4705 3197027108 1206604 1200795
11 5 10563 10552 5047 3197335516 1202218 1200826
4 15 10363 10354 5397 3198400490 1235818 1200854
7 13 10948 10935 878 3199046748 1200706 1200474
13 3 10254 10248 35013211 3196267992 4247830 4135910
9 7 10766 10759 18542713 3193373096 8028258 2755022
12 5 10935 10925 5024 3201523642 1201155 1200824
0 14 10962 10952 201957 3204502866 1223052 1217332
13 3 10255 10248 852 3206555940 1200724 1200472
12 5 10936 10925 7540286 3205952920 1844725 1832580
3 8 10071 10064 1643674 3206957204 1614550 1338206
13 4 10635 10629 49331 3207370608 1204858 1204538
14 3 10120 10113 2930535 3207993780 1458686 1446097
3 15 10862 10850 16361095 3206070108 3469088 2572117
14 7 10463 10450 1949130 3208955166 1417828 1363818
14 4 10477 10471 122738 3209787356 1211312 1210691
12 2 10042 10035 333075 3211445428 1247658 1228328
11 5 10564 10552 237 3212114998 1321511 1200422
12 5 10937 10925 50555 3212781134 1260556 1204640
5 13 10864 10858 3579 3216468394 1200940 1200701
13 0 10895 10888 80299 3220799106 1207476 1207134
8 3 10238 10232 1205158 3221247066 1359944 1301443
11 0 10174 10163 62853 3222229388 1268414 1205670
15 4 10719 10712 59650 3223515474 1206298 1205402
15 6 10630 10621 1018245 3223877806 1288982 1285772
5 11 10608 10588 1847 3227538270 1216506 1200555
0 12 10374 10364 21765314 3223220674 6401700 3025206
5 12 10666 10657 401742 3228402954 1314710 1234083
11 5 10565 10552 22363856 3218404606 12467386 3075386
14 5 10601 10592 169601 3230461372 1215000 1214620
8 0 10753 10749 408386228 2826488784 409378936 35439504
15 0 10687 10675 6386079 3225932442 10609014 1735812
9 5 10979 10967 14590 3236337210 1204166 1201624
10 0 10582 10573 64077428 3218054638 21554324 6572653
7 14 10691 10684 2866674 3238752162 3779058 1440743
5 13 10865 10858 25879871 3221499818 21044360 3370168
3 8 10072 10064 771135 3246274962 1297652 1265055
4 13 10744 10738 7666 3245140648 2484864 1201044
8 1 10376 10368 193654 3246683916 1222230 1216637
5 13 10866 10858 60272 3247623244 1213824 1205456
8 5 10261 10244 14335994 3249895330 2863624 2402329
14 0 10291 10280 39947 3253278906 1204272 1203749
7 13 10950 10935 1248 3253537726 1206384 1200507
7 13 10951 10935 6967 3254258872 1203174 1200984
9 2 10802 10797 56716765 3208984398 47191315 5955534
8 5 10260 10244 30815387 3247663556 8917841 3783964
7 15 10387 10383 90219 3257611488 1296139 1207966
15 1 10494 10482 67390 3259127884 1206384 1206052
6 13 10286 10281 382080 3258194796 2630963 1232437
4 8 10445 10437 2653 3260072824 1200989 1200623
3 9 10028 10020 127457 3260514970 1221137 1211088
10 2 10062 10051 5621461 3260933692 2399817 1671705
2 15 10937 10919 294000 3263016874 1228858 1225048
15 6 10631 10621 378071 3263747054 1238102 1232101
4 8 10446 10437 2206 3264446536 1278656 1200588
13 1 10090 10076 6465581 3266583168 1744226 1742475
1 8 10169 10156 9980 3267399218 1201603 1201236
6 8 10154 10147 22573 3266422008 2488374 1202294
4 8 10447 10437 47531 3265430148 3697847 1204386
8 5 10262 10244 1047069 3269563620 1288574 1288189
2 10 10410 10400 595322 3273373190 1266270 1250314
4 8 10448 10437 88745 3272768478 2650564 1207841
7 14 10692 10684 2859836 3273810274 1734834 1440169
6 14 10794 10786 497856669 3021309608 255865956 42940704
13 3 10256 10248 246379 3275000176 2518568 1221058
7 13 10946 10935 493114918 3080363674 199055196 42543155
14 6 10954 10944 820614 3279054964 1338966 1269201
13 0 10897 10888 80960 3279496524 1215160 1207187
3 9 10029 10020 272 3280846192 1257643 1200425
6 14 10798 10786 3314 3281513552 1200988 1200680
5 8 10361 10350 24084 3281780676 1205808 1202422
13 2 10658 10649 30078 3283360484 1209508 1202925
13 0 10896 10888 9165717 3274606362 10846214 1968854
13 2 10659 10649 7668 3284304794 1225823 1201044
9 7 10767 10759 31028231 3270620736 16030892 3801809
10 0 10583 10573 97096 3285987906 1211441 1208544
5 11 10609 10588 2507778 3286688848 1437884 1410652
11 4 10368 10359 15377241 3283473126 5078353 2489630
3 11 10069 10063 1578 3290106470 1283744 1200533
6 14 10799 10786 4915 3289359388 2484654 1200812
4 8 10449 10437 9501795 3284280204 7600028 1997031
6 9 10887 10881 137377 3290742258 1214032 1211920
15 7 10045 10040 41832 3290902942 1204646 1203907
9 4 10664 10656 286 3292212166 1204032 1200426
6 13 10287 10281 9999 3293441452 1237576 1201238
11 0 10173 10163 243306608 3138593132 159041132 21599227
5 13 10868 10858 201351 3297037792 1253610 1217283
11 1 10398 10391 24520 3297663542 1237856 1202457
4 9 10939 10931 58192340 3238281164 61368052 6079248
5 13 10867 10858 23720693 3284963640 15424493 3189144
8 0 10759 10749 358639 3301485870 1230758 1230469
5 13 10869 10858 4067010 3302653944 2225650 1541381
3 9 10030 10020 13664 3304645900 1275431 1201546
7 14 10693 10684 190544 3305605980 1308282 1216376
1 15 10853 10839 63939 3304684492 2528850 1205760
5 10 10965 10956 31055281 3300582866 9168090 3804077
4 11 10734 10720 342470 3308657688 1261668 1229114
1 11 10112 10108 9541 3308810378 1203670 1201201
5 13 10870 10858 25452 3309080430 1205689 1202536
1 10 10138 10129 1171 3309502048 1200877 1200501
9 1 10249 10240 106965 3311126418 1212132 1209368
10 7 10130 10125 28866 3312213522 1205414 1202820
14 7 10465 10450 52223567 3309231832 5731603 5578825
11 6 10585 10579 6370 3315365958 1201493 1200936
13 4 10636 10629 1008113 3316098884 1370688 1284923
4 13 10746 10738 18484 3315300996 2487764 1201951
6 10 10649 10641 435201 3317908102 1237992 1236890
1 12 11005 10998 3252825 3318248486 2304434 1473117
1 15 10854 10839 35804 3319767686 1212672 1203402
10 1 10761 10755 181899 3319832150 1222664 1215650
1 8 10170 10156 36917677 3304292480 17310745 4295579
3 11 10070 10063 432 3320795644 1200682 1200438
7 10 10507 10495 2341 3321441676 1201150 1200598
3 15 10863 10850 15744 3322847574 1216798 1201720
10 0 10584 10573 314350 3324651714 1230722 1226757
6 13 10288 10281 14131 3324821076 1201798 1201588
1 14 10522 10512 187772 3328708514 1228828 1216143
2 8 10535 10526 2485367 3326450758 3648176 1408775
14 2 10726 10719 14067 3329236124 1203818 1201582
7 15 10388 10383 10871 3330200692 1260610 1201311
6 13 10289 10281 359848 3330879838 1282102 1230570
11 7 10460 10452 165720 3331511550 1275476 1214295
1 15 10855 10839 341579 3332738330 2519997 1229039
0 10 10491 10477 1853723 3332980312 2848901 1355817
8 1 10377 10368 269 3335103336 1233178 1200425
11 1 10399 10391 42862 3336446136 1238215 1203994
10 2 10063 10051 69112 3337628468 1212450 1206197
7 8 10109 10103 599870 3337739354 1366561 1250693
3 12 10246 10238 30473 3338187800 1204954 1202956
13 1 10091 10076 3878 3338428926 1292980 1200725
7 14 10694 10684 738322 3340130674 1472386 1262303
4 10 10943 10930 51057 3344341812 1294184 1204684
1 15 10856 10839 218590 3345055712 1223618 1218728
9 5 10980 10967 35739 3345247174 1203670 1203397
9 6 10651 10639 28004 3345898378 1202941 1202751
5 12 10667 10657 10149992 3338632258 10981592 2051375
13 2 10660 10649 1804523 3348663314 1509792 1351693
11 0 10175 10163 373 3349254134 1200648 1200433
12 0 10753 10747 83417945 3338124824 15183137 8194160
10 6 10898 10889 376313 3352055234 1305287 1231952
9 7 10768 10759 22777 3352964760 1272017 1202310
7 12 10991 10984 12519 3350936742 3937959 1201451
7 9 10131 10126 652079 3352258442 2940026 1255073
10 5 10215 10204 227970 3354611498 1281558 1219513
7 9 10132 10126 47291 3354891330 1208438 1204367
8 5 10263 10244 53083 3355209328 1275074 1204854
4 12 10296 10284 885011 3355600160 1417809 1274603
5 9 10697 10686 148799 3356831500 1225447 1212876
6 9 10888 10881 5995 3361169552 1201208 1200902
8 5 10264 10244 694949 3360134404 2557326 1258664
12 3 10756 10747 19430715 3358760520 5733726 2829472
10 4 11006 10999 93256731 3325756402 39290300 9019045
2 9 10775 10769 49392 3365130152 1205714 1204543
3 13 10976 10970 1185136 3370549332 1302600 1299765
3 15 10864 10850 953576 3372354794 1280660 1280349
4 12 10297 10284 41435 3374361692 1205746 1203876
1 12 11006 10998 26171925 3368421300 7185838 3394654
7 11 10770 10760 60936 3378450712 1215742 1205509
5 13 10871 10858 42879 3379661334 1271491 1203995
3 11 10071 10063 61242 3379829998 1231625 1205537
15 4 10720 10712 3629589 3379960550 1567734 1504706
7 15 10389 10383 942020 3380451686 1452888 1279382
7 11 10771 10760 27945 3381379260 1208480 1202743
9 2 10803 10797 3443 3381460246 1201646 1200690
13 5 10241 10229 230325 3381854102 1270580 1219713
6 11 10443 10431 14569749 3377111152 7002585 2421928
10 7 10131 10125 8170757 3379377046 5071548 1885437
10 0 10586 10573 68483 3383293918 1316516 1206143
8 6 10159 10152 4563294 3383026726 1717525 1582989
11 4 10370 10359 7942 3383415398 1329605 1201066
8 5 10265 10244 249223 3384572462 1229058 1221297
8 0 10760 10749 2097918 3385569148 1409040 1376289
9 7 10769 10759 1262953 3387637814 1457174 1306286
12 0 10754 10747 30424 3392346174 1204210 1202952
1 14 10524 10512 44422 3389962914 3687473 1204126
15 4 10721 10712 20576 3393948616 1202227 1202126
6 13 10290 10281 5701133 3388255010 7015423 1678386
1 9 10409 10400 407338 3399136946 2632748 1234553
1 11 10113 10108 5556390 3398590036 5066560 1666250
4 15 10364 10354 4392 3407475202 1201282 1200770
11 6 10586 10579 6258 3409265938 1282456 1200927
10 6 10899 10889 188185927 3353670208 61071458 16977908
5 12 10668 10657 55464858 3355613072 59308365 5850574
10 6 10900 10889 11276036 3407019426 8150993 2145786
5 9 10698 10686 16215457 3387057704 28237653 2559906
14 0 10292 10280 8569972 3411911818 3436618 1918906
4 9 10943 10931 13227 3416327488 1203000 1201511
6 9 10889 10881 222013 3418903572 1262362 1219017
12 7 10841 10831 639080 3421123154 1254628 1253984
7 12 10992 10984 36476 3423533238 1210578 1203460
10 2 10064 10051 46848608 3402027214 22746786 5128188
2 8 10536 10526 146564078 3392612468 32388870 13488335
9 1 10250 10240 984411 3424779880 1339922 1282935
2 12 10288 10283 1041314136 2352693624 1073589056 2604834
0 9 10560 10553 7970 3425582428 1268496 1201068
1 13 10229 10218 317309 3425585870 1281676 1227005
10 5 10216 10204 24893 3427687528 1202596 1202487
10 1 10762 10755 4535 3427731704 1200926 1200782
0 8 10288 10277 1415654 3428171248 1438602 1319089
7 8 10110 10103 672013 3430799254 1372600 1256745
15 6 10633 10621 3165619 3430817986 1520622 1465806
3 8 10073 10064 258446 3431918196 1227636 1222070
4 14 10647 10639 27736 3432503492 1205242 1202726
0 8 10287 10277 146512560 3368996610 65013270 13484014
10 3 10163 10157 129302392 3376207590 57883732 12041114
11 5 10566 10552 1552070 3435119154 1395908 1330529
7 12 10993 10984 902 3436004124 1200524 1200476
9 3 10742 10732 11391704 3428148634 10748144 2155481
12 1 10637 10628 187080 3438752276 1222390 1216088
14 5 10603 10592 1326623 3441095182 1617708 1311625
14 3 10121 10113 265561776 3319890308 128344066 23465100
15 4 10722 10712 174731 3447943724 1220534 1215050
0 8 10289 10277 126940 3448337460 1218870 1211042
10 4 11008 10999 860 3449673022 1200536 1200472
7 13 10952 10935 61916952 3399920056 52045808 6391517
9 5 10981 10967 5044509 3451348464 1745942 1623333
14 0 10293 10280 1042050 3454451778 1463202 1287769
5 14 10450 10439 1039 3454814284 1200876 1200490
8 7 10741 10732 27350 3455195660 1203650 1202695
5 9 10699 10686 64189 3456448104 1208567 1205784
14 7 10466 10450 3432788 3456372522 1777150 1488205
11 0 10176 10163 3193 3457176614 1200877 1200670
11 6 10587 10579 1902 3457517700 1200806 1200559
7 9 10134 10126 251010 3457491416 1265206 1221448
7 9 10133 10126 19605096 3455481980 4529005 2844094
10 0 10587 10573 34824619 3452764558 9834622 4120097
2 10 10411 10400 48222 3460312886 2488964 1204445
0 12 10375 10364 3907135 3460063290 2842687 1527977
12 6 10888 10873 45670 3462176034 1204416 1204230
8 6 10160 10152 154553 3463574232 1213442 1213359
4 12 10298 10284 155183 3465920172 1239454 1213413
0 10 10490 10477 289996664 3314075978 154148307 25513721
2 12 10294 10283 3634 3470083872 1200854 1200706
0 8 10290 10277 232541 3469766274 2507784 1219898
7 13 10953 10935 161440 3471307214 1217212 1213937
2 12 10295 10283 87542 3471920372 1207935 1207741
9 0 10188 10176 6019 3472749488 1201148 1200908
7 10 10508 10495 1984 3473937674 1200732 1200566
6 11 10444 10431 201117 3474298396 1217466 1217265
0 14 10963 10952 487177 3474584898 1241826 1241248
8 3 10239 10232 3969 3474879114 1200936 1200732
10 2 10065 10051 42146 3477550496 1207522 1203936
1 11 10114 10108 20855 3478249556 1204018 1202149
14 4 10478 10471 147310 3478264658 1227374 1212753
3 12 10247 10238 24954015 3467441928 12546167 3292548
12 4 10841 10833 60069 3479876798 1205708 1205439
10 2 10066 10051 80601 3479920418 1213960 1207159
8 5 10266 10244 8981 3480508346 1201226 1201153
8 3 10240 10232 4830880 3480532406 1606262 1605421
15 0 10688 10675 1322924 3482481064 1330780 1311314
4 8 10450 10437 45093 3483280630 1211818 1204184
7 10 10509 10495 312704 3484388772 1252978 1226618
2 12 10296 10283 87660 3484755626 1207962 1207750
14 6 10955 10944 53451 3484848020 1264978 1204883
9 3 10743 10732 6884694 3484305196 1840548 1777613
10 5 10217 10204 1627572 3484653814 1524228 1336857
15 2 10490 10481 229018 3485066046 1219880 1219604
14 5 10604 10592 19840 3485407994 1203672 1202064
6 13 10291 10281 75540 3485452986 1208622 1206735
11 6 10588 10579 642160 3486384782 1254387 1254241
1 12 11007 10998 1861485 3486710150 1518152 1356468
14 6 10956 10944 7851 3489391806 1202098 1201058
11 7 10461 10452 2965 3489793750 1276312 1200648
14 0 10294 10280 102414 3497682332 1217678 1208988
4 11 10735 10720 16141 3497737782 1204960 1201756
3 14 10915 10902 9847 3497779806 1201734 1201226
4 11 10736 10720 7697 3498091116 1202582 1201046
7 8 10112 10103 226405 3498038204 1257454 1219384
6 13 10292 10281 3614999 3501196946 1518462 1503481
13 2 10661 10649 5447 3502337346 1201692 1200858
13 7 10324 10316 676 3502617018 1200648 1200457
12 5 10938 10925 598 3502917818 1242676 1200451
13 1 10092 10076 148096 3503055580 1312008 1212819
15 0 10689 10675 16222113 3502183414 2788586 2560465
11 4 10371 10359 1808 3505579028 1200844 1200552
10 2 10067 10051 15782 3506621422 1202550 1201724
11 2 10921 10913 156681 3507251096 1213798 1213537
15 5 10197 10182 2020 3507843412 1200708 1200573
7 11 10772 10760 8367272 3504250868 5584525 1901914
4 12 10299 10284 781254 3509442794 1312112 1265903
11 4 10372 10359 9076 3509863950 1201404 1201164
7 8 10111 10103 194334197 3438058466 73891920 17493382
3 9 10031 10020 2131227 3510846368 1455020 1379085
10 0 10588 10573 849 3511137420 1200390 1200471
1 13 10230 10218 209451918 3440982860 71697384 18760849
1 8 10171 10156 290248 3511461612 1234328 1224737
9 4 10665 10656 844 3511707960 1200540 1200471
10 2 10068 10051 649936 3513095618 1313174 1254890
15 2 10491 10481 761 3514313366 1200616 1200464
1 13 10231 10218 11231314 3514128040 2275166 2142036
6 13 10293 10281 5343 3515406188 1257114 1200850
2 15 10938 10919 38282 3515459906 1260512 1203612
12 1 10638 10628 83129 3516217878 1270458 1207372
0 9 10561 10553 22494321 3503252704 16336855 3086326
0 11 10641 10628 5645 3519607914 1201332 1200874
1 12 11008 10998 3031 3520471722 1200878 1200657
15 4 10723 10712 3384061 3521328496 1491558 1484123
8 1 10378 10368 492 3521722562 1200512 1200443
13 5 10242 10229 4463856 3520754016 2326270 1574650
3 10 10463 10457 91995 3521942928 1218558 1208112
6 8 10155 10147 740534 3521856686 1341446 1262488
13 2 10662 10649 29091593 3512786232 10448610 3639440
3 15 10865 10850 125039 3522327100 1211346 1210886
6 9 10890 10881 8120 3522847238 1201826 1201084
12 1 10639 10628 3170 3523327336 1200896 1200668
9 5 10982 10967 489540 3523646828 1256422 1241444
11 0 10177 10163 29604 3524667732 1219777 1202883
13 2 10663 10649 234855 3525634424 3459377 1220090
9 6 10652 10639 115626 3526220798 2945427 1210095
9 2 10804 10797 520 3528552988 1258985 1200445
9 1 10251 10240 53251 3532386640 1210808 1204867
6 12 10625 10619 26795689 3489992204 44151152 3446951
14 0 10295 10280 37372 3534506598 1245934 1203535
15 5 10198 10182 610 3534788024 1278721 1200452
12 6 10889 10873 60923245 3531497618 9470642 6308207
11 7 10462 10452 2039908 3539689694 1472704 1371426
10 7 10132 10125 82490 3540414704 1214454 1207317
11 3 10827 10819 683984 3541944336 1274252 1257745
6 11 10446 10431 9235877 3541366116 2063496 1974736
6 13 10294 10281 18072 3543022850 1203670 1201918
6 14 10801 10786 489990 3543116750 1294840 1241480
12 0 10756 10747 33666020 3541087648 4076656 4022962
0 9 10562 10553 598629 3540258472 4911356 1250590
0 11 10640 10628 159553655 3516077922 29647791 14577379
3 8 10074 10064 93526 3544671794 1208497 1208243
3 13 10977 10970 13765 3545430970 1202012 1201554
7 14 10695 10684 2508 3546621902 1201016 1200612
8 3 10241 10232 2829 3547568696 1215636 1200637
15 2 10492 10481 1038585 3547524254 1314502 1287476
2 9 10776 10769 40524 3547770014 1204652 1203799
7 14 10696 10684 812 3552295060 1200644 1200468
7 12 10994 10984 1043578 3550743178 5065452 1287895
1 15 10857 10839 7397 3557219274 1201106 1201022
9 0 10189 10176 80659 3556646954 3421012 1207163
15 1 10495 10482 2458890 3560340450 1485755 1406553
8 2 10301 10294 3981639 3562047810 1701101 1534222
4 15 10365 10354 73750 3562887242 1209022 1206584
4 13 10748 10738 230940 3563358850 1231010 1219762
14 6 10957 10944 11884 3564728868 1203256 1201396
10 1 10763 10755 2591219 3565567946 1686528 1417650
2 11 10902 10891 69106 3566173398 1207412 1206197
15 1 10496 10482 365155 3566232362 1249526 1231017
5 15 10935 10923 19535836 3565380768 2844004 2838285
6 10 10650 10641 1496 3568083506 1200730 1200527
15 4 10724 10712 912473 3570446060 1291974 1276903
1 13 10232 10218 3668 3571210246 1200886 1200708
14 5 10605 10592 22542592 3553626008 19922810 3090372
3 9 10032 10020 52754 3574157612 1205470 1204823
15 0 10690 10675 946079 3573816132 2563795 1279722
2 14 10820 10807 47780991 3568521704 8367696 5206358
1 13 10233 10218 7592 3575778896 1201358 1201038
2 13 10365 10352 435441 3576664050 1247191 1236909
4 10 10944 10930 3262 3579465812 1201018 1200676
15 7 10046 10040 4913948 3580029642 1630950 1612385
9 5 10983 10967 912812 3580417402 1385022 1276930
12 2 10043 10035 5280215 3577731254 4093390 1643096
2 15 10939 10919 66115 3580651372 1206544 1205946
0 11 10642 10628 1374 3581567350 1232304 1200517
5 8 10362 10350 9024 3583226622 1201142 1201160
11 0 10178 10163 683851 3583933426 1259404 1257734
15 7 10047 10040 1619 3585105414 1200630 1200537
12 5 10939 10925 344911 3585328256 1234576 1229317
2 12 10297 10283 2884249 3588018620 1663182 1442218
6 12 10626 10619 1558 3589315936 1215257 1200532
2 10 10412 10400 21728 3589527780 1203310 1202222
15 3 10318 10304 13042 3591161302 1202657 1201497
6 15 10318 10307 5800558 3590583838 2750879 1686720
1 8 10172 10156 3498708 3592000920 1601261 1493732
14 2 10727 10719 16201 3593257800 1202616 1201761
14 3 10122 10113 36762726 3571536738 23238576 4282588
4 11 10737 10720 29602 3593944936 1204880 1202883
1 14 10525 10512 3097489 3593690718 1462959 1460095
1 13 10234 10218 2591449 3594434092 1450968 1417669
2 11 10903 10891 63217 3595445706 1208564 1205703
5 8 10363 10350 30212 3596327726 1203638 1202936
6 11 10447 10431 40421 3597226368 1217534 1203791
3 10 10464 10457 9362 3598062876 1284794 1201187
6 10 10651 10641 88424804 3581978026 17581632 8613936
6 11 10448 10431 459198 3599862952 1277638 1238902
15 0 10691 10675 43884 3601464782 1208706 1204079
7 14 10697 10684 1120 3602754188 1200844 1200497
0 12 10376 10364 2042449 3604114666 1394324 1371641
15 4 10725 10712 14275 3604680804 1202322 1201599
11 2 10922 10913 11039 3604931362 1221552 1201329
0 8 10291 10277 58890 3605100688 1206176 1205337
11 0 10179 10163 934 3606742044 1281110 1200478
2 12 10298 10283 53036 3608090162 1204815 1204850
15 1 10497 10482 19211 3607045804 2489292 1202013
8 7 10742 10732 26146 3607443480 2487005 1202595
11 2 10923 10913 495 3609108878 1200240 1200443
15 5 10199 10182 91755 3609748674 1212440 1208093
8 5 10268 10244 166296 3609968590 1225510 1214344
13 7 10325 10316 928356 3606805380 5166196 1278235
10 4 11010 10999 2087 3612082864 1201146 1200578
10 2 10070 10051 2209 3612502708 1200879 1200588
2 10 10413 10400 11726 3613386630 1212730 1201384
3 14 10916 10902 194264 3613662248 1317646 1216689
9 3 10744 10732 3635 3615441592 1260796 1200706
1 15 10858 10839 1452891 3615652458 1322682 1322210
14 4 10479 10471 100391 3616710238 1235598 1208819
10 7 10133 10125 5438 3621475490 1255654 1200858
11 1 10400 10391 2749647 3620018186 2777054 1430931
10 7 10134 10125 8830 3622478660 1250882 1201140
15 5 10200 10182 29606 3626151078 1204280 1202883
8 1 10379 10368 3866 3626612640 1201438 1200724
14 0 10296 10280 21616997 3597810628 30303616 3012769
0 15 10927 10916 7073 3627766934 1200954 1200996
4 13 10749 10738 8804 3629000116 1201495 1201138
4 13 10750 10738 80064 3629207404 1209694 1207116
6 12 10627 10619 22879 3629736130 1204324 1202318
9 7 10771 10759 20397 3631243094 1204298 1202112
2 11 10904 10891 529736 3633391778 2529225 1244814
8 3 10242 10232 1575848 3620912110 16831714 1332519
8 0 10761 10749 824110 3636569058 1290488 1269496
2 8 10537 10526 39906 3640609754 1204466 1203746
15 7 10048 10040 1714843 3642221148 1378968 1344173
6 11 10449 10431 8370 3642263452 1342793 1201104
13 2 10665 10649 11597 3642890288 1202565 1201373
2 10 10414 10400 91495 3643644776 1211431 1208072
3 8 10075 10064 516536 3643789476 1244009 1243708
0 10 10493 10477 348 3645815022 1200821 1200431
3 15 10866 10850 1034 3647309830 1200755 1200490
4 13 10751 10738 20919790 3645233476 3582769 2954316
3 12 10249 10238 1339 3647628376 1200780 1200514
10 1 10764 10755 7315133 3645555096 3697604 1813704
5 14 10451 10439 25895342 3639717718 9863586 3371468
12 0 10757 10747 2143 3648669654 1200926 1200582
12 4 10842 10833 21451 3649901990 1203362 1202200
3 14 10917 10902 59616052 3618157172 35288686 6198613
10 7 10135 10125 12357 3651067478 2486075 1201438
6 9 10891 10881 3585 3653167256 1201117 1200702
9 5 10984 10967 565 3653418748 1200388 1200449
0 14 10964 10952 62807 3653691686 1211066 1205666
4 15 10366 10354 4081552 3653307968 1657692 1542599
1 13 10235 10218 11513 3655888196 1285411 1201367
11 3 10828 10819 3673 3657133258 1237137 1200709
3 12 10250 10238 74522 3657856724 1221143 1206649
7 8 10113 10103 6282 3658530722 1201055 1200929
12 5 10940 10925 665161 3659371454 1301177 1256170
8 2 10302 10294 611 3662472126 1463178 1200452
14 2 10728 10719 6725 3663928332 1201187 1200964
3 9 10033 10020 12274 3664726728 1201650 1201431
0 10 10494 10477 4302962 3663080920 4834938 1561160
11 6 10589 10579 108577 3667167030 1212669 1209504
11 1 10402 10391 212410 3669756344 1223073 1218210
10 6 10901 10889 1387 3670053478 1200768 1200518
11 4 10373 10359 15943 3672922320 1202017 1201736
13 2 10664 10649 162345116 3555881594 120952565 14811417
1 14 10526 10512 612331 3675698978 1382276 1251740
14 0 10297 10280 21786197 3669917022 7984959 3026957
1 9 10410 10400 6660280 3672023396 6839543 1758800
12 2 10045 10035 1314039 3677506194 1515819 1310572
10 1 10765 10755 3555 3678264366 1225229 1200699
5 13 10872 10858 1084503 3678866346 1368573 1291326
1 12 11010 10998 1660 3679414732 1283789 1200540
12 3 10757 10747 434 3683052070 1200398 1200438
1 13 10236 10218 56841 3681986998 2561643 1205166
1 13 10237 10218 42563 3682051676 2527567 1203970
6 11 10450 10431 279683 3683366866 1251112 1223849
8 5 10269 10244 15874 3682393078 2696162 1201731
3 11 10072 10063 7163 3687067364 1287265 1201003
12 2 10044 10035 158217835 3650442756 38437360 14465383
8 6 10161 10152 21463 3689383580 1203038 1202201
0 10 10492 10477 132898288 3635526372 56150558 12342595
7 12 10996 10984 115417 3691065456 1282929 1210078
9 7 10772 10759 66968 3691452508 1239551 1206014
5 11 10610 10588 1002143 3691654122 1417578 1284422
10 2 10071 10051 123581 3690570332 3125326 1210762
3 8 10077 10064 1015 3693470156 1200898 1200488
10 3 10164 10157 15302655 3685256180 9450355 2483375
2 14 10821 10807 211292 3693584170 1248486 1218117
6 14 10802 10786 1761 3693799476 1229104 1200548
13 7 10326 10316 2706 3694586988 1295558 1200628
11 5 10567 10552 12750435 3689882180 6421290 2269398
13 2 10666 10649 283346 3696310676 1224436 1224158
13 0 10899 10888 78068 3697400102 1217813 1206948
14 3 10123 10113 261818 3697403826 1225301 1222351
6 15 10319 10307 3268 3697591834 1200801 1200676
15 0 10692 10675 1540537 3697866682 1340065 1329560
5 8 10364 10350 18380 3698075214 1203104 1201943
1 12 11011 10998 517150 3696266196 3509688 1243761
10 5 10219 10204 2082318 3698373196 2074999 1374984
12 5 10941 10925 934 3699594164 1200750 1200478
10 4 11011 10999 22421593 3692426122 9466568 3080227
13 2 10667 10649 1824048 3702582366 1504162 1353331
10 2 10072 10051 3774874 3702621192 1835134 1516885
13 0 10898 10888 32946627 3681223470 24773162 3962646
12 3 10758 10747 336 3704900984 1200524 1200430
1 15 10859 10839 25308 3705324284 1204808 1202524
15 2 10494 10481 2921578 3705313208 1533710 1445346
2 9 10777 10769 395630 3705629756 1279699 1233571
10 7 10136 10125 275339 3705697890 1333386 1223486
1 12 11009 10998 91467736 3655508340 53684643 8869056
6 15 10320 10307 84720 3708578474 1215344 1207504
10 7 10137 10125 1638 3709499546 1200969 1200538
10 0 10590 10573 2369 3709560664 1200967 1200601
3 11 10073 10063 3810 3710888560 1201015 1200720
9 2 10805 10797 49840041 3611604940 100670453 5378992
12 7 10842 10831 1868290 3717294864 1546838 1357040
9 5 10985 10967 68814 3719407932 1206446 1206170
14 1 10552 10546 125533 3719718214 1211566 1210926
5 14 10452 10439 971585 3717390968 4842146 1281859
3 15 10867 10850 7879418 3711881758 10555573 1861012
2 15 10940 10919 5737429 3721782844 1954862 1681428
11 2 10924 10913 13126 3722763462 1201914 1201503
14 5 10606 10592 29874222 3715547896 8804244 3705057
9 7 10773 10759 173492 3723778694 1291830 1214947
15 7 10049 10040 157498 3723889484 1285754 1213606
7 10 10510 10495 2451200 3706097026 19576444 1405911
13 1 10093 10076 89746 3724494140 1301212 1207925
13 6 10709 10700 20799110 3723387892 3353063 2944200
8 0 10762 10749 1444761 3725512538 1451075 1321529
9 2 10806 10797 1348601 3717794160 9867592 1313468
14 1 10553 10546 4021 3728281078 1202524 1200740
2 11 10906 10891 5699110 3728605882 1930986 1678216
7 10 10511 10495 447 3729928138 1200456 1200439
3 15 10868 10850 3229621 3730372426 1552396 1471172
14 3 10124 10113 189245 3732684820 1217200 1216269
5 8 10365 10350 84489 3732739672 1214541 1207485
3 15 10869 10850 381954 3734836484 1241248 1232423
10 3 10165 10157 99756 3735715200 1237692 1208764
4 8 10451 10437 121895603 3668235376 69654866 11420128
12 4 10843 10833 3844 3739257542 1201316 1200722
3 15 10870 10850 1016 3740817842 1200706 1200488
13 1 10094 10076 5710 3741112286 1201290 1200879
0 8 10292 10277 988219 3741964028 1298694 1283255
11 7 10463 10452 144113 3746048546 1216842 1212485
1 13 10238 10218 1557291 3746084322 1333816 1330966
7 11 10774 10760 730114 3747667412 1391290 1261616
7 12 10997 10984 3805766 3747186840 1911082 1519476
12 0 10758 10747 187784316 3724812610 24372922 16944239
3 15 10871 10850 3924628 3747953970 1910074 1529442
2 8 10538 10526 1428433 3748505998 1406977 1320162
15 6 10634 10621 1795 3748866704 1200508 1200551
0 11 10644 10628 503158 3750265406 1243216 1242588
9 7 10774 10759 128922 3750630436 1211436 1211209
9 5 10986 10967 6815 3750868492 1201222 1200972
9 1 10252 10240 1945 3751827570 1200626 1200563
15 4 10726 10712 2506 3755255712 1200894 1200612
7 14 10698 10684 17314700 3746292188 11580972 2652065
15 6 10635 10621 100736 3757598434 1218316 1208846
4 8 10452 10437 2563 3757778002 1201082 1200616
5 11 10611 10588 27519 3756665956 2519735 1202709
0 12 10377 10364 7627 3756702944 2485564 1201040
5 13 10873 10858 4111015 3756048202 4188444 1545071
9 5 10987 10967 23890212 3757417950 3221187 3203358
15 0 10693 10675 5752 3759617154 1201255 1200883
2 8 10539 10526 66438 3760389970 1209039 1205972
5 13 10874 10858 23 3761701808 1200425 1200405
12 2 10046 10035 175609 3762219976 1220550 1215124
14 2 10729 10719 2819 3762911896 1201109 1200637
10 4 11012 10999 1486496 3762679382 1699905 1325029
2 11 10905 10891 302238299 3685605932 80568326 26540061
13 7 10327 10316 174 3765350234 1201110 1200417
2 12 10299 10283 1417971 3765886576 1358309 1319282
10 4 11009 10999 265449410 3582253022 186469486 23455680
8 2 10303 10294 4765 3767545504 1200980 1200800
0 15 10929 10916 618196 3767961700 1264355 1252232
6 14 10804 10786 15343 3769331750 1202019 1201688
11 0 10180 10163 90792 3769968948 1209345 1208012
6 10 10652 10641 287680 3770956454 1225266 1224520
7 9 10137 10126 45751 3771451510 1204547 1204236
5 11 10612 10588 3029 3772004098 1201028 1200657
10 0 10591 10573 874 3773137736 1200405 1200473
14 1 10554 10546 332471 3774284090 1242006 1228276
9 6 10653 10639 6563 3774619346 1201024 1200951
14 5 10607 10592 7807 3774819866 1201337 1201055
13 3 10257 10248 3068167 3776224322 1525641 1457638
3 10 10465 10457 28054285 3742882926 35654503 3552474
0 9 10563 10553 637315 3778706020 1263700 1253835
2 15 10941 10919 6444 3778778846 1324793 1200942
3 12 10251 10238 8264 3779351634 1201684 1201095
5 15 10936 10923 101319824 3684208518 96523212 9695054
3 13 10978 10970 75842 3780293490 1208148 1206759
3 12 10252 10238 3867 3780302788 1200988 1200724
11 3 10829 10819 2458 3781665332 1200683 1200608
9 2 10807 10797 28308 3782483004 1203619 1202776
1 12 11012 10998 253088 3783093454 1227619 1221622
5 10 10967 10956 4141349 3784160602 1571069 1547613
7 14 10699 10684 2763210 3784446766 1490877 1432070
5 8 10366 10350 30986 3786887982 1203932 1202997
12 4 10844 10833 2031375 3786997692 1431110 1370712
6 14 10805 10786 81061 3788308632 1207506 1207199
13 2 10668 10649 1168 3789311554 1200465 1200501
4 8 10453 10437 63921 3789453722 1213929 1205759
12 3 10759 10747 5089 3789583830 1201138 1200830
0 13 10520 10513 2957 3789953572 1200980 1200648
12 5 10942 10925 57897 3790221302 1207638 1205254
9 4 10667 10656 47060 3790284990 1205598 1204349
7 10 10512 10495 1141 3791407888 1200726 1200498
10 2 10069 10051 320425216 3573209544 220421772 28064853
4 14 10649 10639 284308 3792439490 1272592 1224239
15 2 10495 10481 74536 3793001052 1209004 1206650
5 12 10669 10657 1496 3793091972 1200672 1200527
5 10 10968 10956 210330 3793158304 1218364 1218036
10 2 10073 10051 58061 3793367294 1209840 1205271
2 11 10907 10891 658934 3793348972 1256514 1255645
4 8 10454 10437 1997 3794383904 1200948 1200567
15 0 10694 10675 15224 3794629870 1202967 1201679
12 3 10760 10747 2894 3794714766 1200834 1200643
15 4 10727 10712 26100 3795551398 1203724 1202591
4 8 10455 10437 58841 3798594508 1214299 1205333
5 13 10875 10858 382519 3798998246 1232738 1232472
15 6 10636 10621 911 3800054354 1200442 1200476
13 4 10637 10629 102316 3801796084 1221942 1208980
2 8 10540 10526 1952 3802199102 1201062 1200563
0 9 10564 10553 3419 3802291490 1200818 1200688
15 2 10496 10481 2916519 3802583050 1452790 1444922
6 14 10806 10786 45676 3804199828 1204454 1204230
4 12 10301 10284 173372 3804687468 1277780 1214937
1 10 10139 10129 1728738 3804532014 1565640 1345338
6 13 10296 10281 21223 3806617386 2486568 1202182
15 3 10319 10304 26343 3808408168 1202571 1202611
7 13 10954 10935 3760 3809828522 1201267 1200716
15 7 10050 10040 31032 3812079932 1203770 1203005
5 11 10613 10588 1606459 3812202978 1336592 1335087
9 3 10745 10732 62519141 3808471056 6452737 6442008
15 4 10728 10712 24414 3814127720 1202661 1202449
10 7 10138 10125 9917 3814140068 1201738 1201231
5 10 10969 10956 8909 3816595738 1201234 1201147
7 14 10701 10684 12620386 3816645914 2757202 2258495
15 3 10320 10304 345 3819123424 1200613 1200431
2 8 10541 10526 9691 3819585412 1201674 1201213
8 5 10270 10244 28653254 3818061594 3607702 3602691
7 11 10775 10760 20088 3821106228 1203853 1202087
0 11 10646 10628 610 3821474554 1200409 1200452
10 7 10139 10125 366919 3822455668 1246766 1231162
13 4 10638 10629 30587 3822647716 1207114 1202966
0 11 10645 10628 5267600 3806540098 18634729 1642037
14 2 10730 10719 116607056 3778814700 46571197 10976739
6 9 10892 10881 358777 3815935656 9790465 1230480
8 1 10380 10368 3122 3825601686 1200729 1200665
11 4 10374 10359 3945 3826269154 1201113 1200730
13 0 10901 10888 106005 3829043734 1223060 1209291
3 8 10078 10064 573 3829441800 1200546 1200449
13 3 10258 10248 17142 3832192262 1279334 1201840
3 15 10872 10850 14093 3834021672 1274189 1201585
6 9 10893 10881 2278393 3834069000 1435119 1391422
4 11 10738 10720 108171 3834260386 1280169 1209472
15 5 10201 10182 11899 3834384938 1201766 1201398
0 10 10495 10477 3009645 3832560544 3745664 1452730
11 0 10181 10163 5676 3835155174 1260680 1200877
6 10 10653 10641 1205322 3835413542 1339680 1301456
7 14 10700 10684 87589987 3786667006 50342508 8543944
1 15 10861 10839 10202 3837878604 1202310 1201258
6 8 10156 10147 1001826 3838246936 1390766 1284393
4 8 10456 10437 5170561 3839716980 2984376 1633901
11 4 10375 10359 823368 3842838880 1361444 1269433
15 2 10497 10481 3575 3844723618 1242198 1200701
1 11 10116 10108 677 3845016346 1200392 1200458
0 15 10930 10916 22543 3845810474 1202833 1202291
0 8 10293 10277 260813 3846554664 1222356 1222267
14 6 10958 10944 5471986 3847864836 2119662 1659171
12 7 10843 10831 1769 3850787794 1200962 1200549
12 5 10943 10925 537 3851662904 1205622 1200446
6 13 10297 10281 3006026 3851978024 1540161 1452428
14 7 10467 10450 14691589 3850137392 3755622 2432144
6 8 10157 10147 857 3853715522 1200382 1200472
7 14 10702 10684 16481608 3841395630 13524817 2582219
5 13 10876 10858 308054 3854288836 1230577 1226230
14 6 10959 10944 29394 3854777198 1242921 1202866
4 11 10739 10720 96647 3855463196 1218803 1208504
7 14 10703 10684 31291344 3852388656 4536972 3823868
0 12 10378 10364 588 3856024344 1200354 1200450
6 12 10628 10619 27096 3856712656 1202925 1202675
0 10 10496 10477 5779 3857084970 1201159 1200885
0 9 10565 10553 38950 3857856598 1203946 1203665
8 7 10744 10732 48611 3859438174 1204632 1204477
4 8 10457 10437 112901 3860250650 1219472 1209866
6 11 10451 10431 1712339 3860733636 1347936 1343965
14 7 10468 10450 143595 3860862532 1228564 1212440
2 11 10908 10891 2310 3864535432 1200592 1200596
0 8 10294 10277 3983 3865051080 1200818 1200734
1 15 10862 10839 58597 3865211842 1210486 1205314
1 9 10411 10400 917853 3865297672 1354790 1277353
4 15 10367 10354 13569 3865502280 1203157 1201539
11 3 10830 10819 2005 3865574836 1200552 1200571
3 15 10873 10850 9064 3867621516 1201602 1201163
15 5 10202 10182 13756440 3865303734 3536545 2353742
13 6 10710 10700 266062 3868430948 1254039 1222710
12 7 10844 10831 40586386 3860994676 10394394 4603164
15 6 10637 10621 571338 3871193708 1298010 1248303
7 10 10513 10495 3136824 3871040316 1464212 1463392
8 3 10243 10232 246472 3871567474 1221104 1221066
2 11 10909 10891 25328 3872255912 1204568 1202526
11 1 10403 10391 662709 3876183352 1264892 1255962
9 4 10669 10656 15868 3877136592 1202528 1201730
7 9 10138 10126 759 3877415314 1226146 1200464
4 15 10368 10354 630354 3878078772 1310356 1253251
2 10 10415 10400 2415 3878338172 1200780 1200604
12 7 10845 10831 1747 3879882228 1200690 1200547
13 5 10243 10229 11480028 3871776580 10499718 2162889
11 2 10925 10913 65369 3882096954 1209530 1205882
2 12 10300 10283 11932 3883196892 1201758 1201400
2 14 10822 10807 45192 3883324872 1205144 1204192
8 2 10304 10294 3230 3884464624 1200826 1200673
8 1 10381 10368 280 3884872936 1200446 1200426
2 11 10910 10891 23587 3886420946 1278268 1202379
6 15 10321 10307 9760 3888248776 1201948 1201219
13 7 10328 10316 6600 3888309926 1201528 1200954
11 4 10376 10359 1317 3890458282 1286940 1200513
6 14 10807 10786 623 3891363528 1284179 1200453
15 7 10052 10040 3885154 3886831288 6103108 1526134
5 8 10367 10350 22177 3892642348 1202409 1202262
14 2 10731 10719 76484 3892740226 1227465 1206814
15 0 10696 10675 3222967 3892326758 1668187 1470613
0 10 10497 10477 31542 3894204248 1204231 1203046
12 6 10890 10873 28882317 3884195768 11703093 3621896
2 15 10942 10919 2043 3896440164 1200643 1200574
0 13 10521 10513 2557227 3894830986 4098439 1414800
15 5 10203 10182 109966 3899978802 1237171 1209619
15 0 10697 10675 1572 3900225760 1217647 1200533
9 5 10988 10967 459 3900256168 1200967 1200440
0 15 10931 10916 38027 3901425518 1205172 1203591
12 7 10846 10831 641455 3900888358 2543770 1254181
15 0 10698 10675 3295185 3901043476 2816323 1476671
8 7 10745 10732 595923 3903285950 2545747 1250362
15 2 10498 10481 324834 3904835494 1239737 1227634
8 2 10305 10294 27516 3903635188 2487881 1202708
12 5 10944 10925 78129712 3876072648 30059285 7750796
1 13 10240 10218 65184913 3890274040 18342439 6665503
15 2 10499 10481 1911394 3910651898 1622431 1360653
10 1 10766 10755 2087 3912487598 1336041 1200578
13 0 10902 10888 313 3913706162 1289874 1200428
14 1 10556 10546 93591 3914199168 1221152 1208248
11 4 10378 10359 27981 3914540132 1314800 1202746
10 2 10074 10051 32591 3915710054 1204565 1203134
12 5 10945 10925 4133847 3917813312 1673814 1546982
4 14 10650 10639 8843489 3912451100 8845054 1941840
6 11 10452 10431 124586797 3882349460 44134421 11645757
11 4 10377 10359 20226080 3910839216 15872505 2896158
0 14 10965 10952 1364642 3926267734 1315319 1314812
5 13 10877 10858 13821 3928855168 1201957 1201559
8 2 10306 10294 759262 3921755534 9836585 1264059
2 8 10543 10526 3908087 3922058250 10101226 1528057
4 15 10369 10354 5802 3930920432 1285830 1200887
8 7 10746 10732 57621 3931453280 1239071 1205232
12 7 10847 10831 8584 3932156278 1201545 1201121
13 5 10244 10229 173641 3933529632 1265858 1214959
5 12 10670 10657 1288465 3933694026 1318388 1308426
7 11 10776 10760 1232753 3933799708 1409561 1303754
13 3 10259 10248 11253286 3932926998 3853174 2143878
8 0 10763 10749 4258 3937235912 1201016 1200759
3 8 10079 10064 189647 3937862246 1222892 1216301
3 10 10466 10457 693 3938392492 1200856 1200459
8 4 10594 10584 6332 3939097426 1236378 1200933
6 10 10654 10641 1976072 3940980768 1666020 1366077
8 2 10307 10294 6787615 3941132350 1807525 1769475
14 5 10609 10592 734279 3942744170 1370466 1261964
11 0 10182 10163 3320 3943827140 1299981 1200680
14 3 10125 10113 5410614 3945653864 1660750 1654027
3 12 10253 10238 91402 3946533610 1208704 1208065
2 13 10366 10352 17116 3949496614 1202070 1201838
7 12 10998 10984 4090 3954924336 1201236 1200746
11 6 10590 10579 517 3954989466 1200456 1200445
11 4 10379 10359 794257 3955137734 1283704 1266993
10 1 10767 10755 142006 3955338322 1220306 1212309
14 3 10126 10113 400659 3955597046 1271380 1233992
7 9 10140 10126 21440005 3943936574 15032904 2997933
9 6 10654 10639 16839 3957877196 1224660 1201812
10 1 10768 10755 1968009 3958785812 2686656 1365401
9 0 10190 10176 18983 3960854114 1240278 1201991
14 1 10557 10546 2809865 3961704002 1894198 1435979
1 13 10241 10218 8364 3963050028 1284958 1201103
9 3 10746 10732 115320611 3921073592 46981970 10868881
1 10 10141 10129 174819 3969519672 1215965 1215057
12 4 10845 10833 20818 3969702104 1203091 1202146
3 12 10254 10238 383068 3970783926 1232744 1232520
6 13 10299 10281 944 3971024712 1200592 1200479
15 4 10729 10712 745 3975202616 1200606 1200463
11 7 10464 10452 16477127 3963159974 13921314 2581845
11 1 10404 10391 209451 3979880648 1253398 1217962
12 5 10946 10925 11881 3982311830 1201584 1201396
11 1 10405 10391 7551 3982379314 1201190 1201034
14 5 10608 10592 34698911 3940930748 43439480 4109557
7 14 10704 10684 1371251 3983371380 1332278 1315368
5 8 10368 10350 45499946 3960473356 25354988 5015115
11 4 10380 10359 636322 3986530706 1272861 1253751
7 8 10114 10103 34798 3989165470 1204727 1203318
11 5 10568 10552 6010072 3990390974 1732271 1704288
15 7 10051 10040 165854573 3885124094 107915781 15105649
11 3 10831 10819 191308 3994114470 1216809 1216441
5 14 10453 10439 424 3996737942 1200355 1200437
6 9 10894 10881 124786758 3934908510 79482618 11662522
13 4 10639 10629 238449978 3889025948 155632028 21192046
13 4 10640 10629 255310581 3942956982 115982435 22605640
5 9 10700 10686 139871078 3960002598 123599492 12927194
7 9 10139 10126 206015978 3912071290 172927396 18472779
12 1 10640 10628 1020460570 3609601540 489621318 43806142
6 15 10323 10307 463676351 3958881310 175614918 40075027
6 15 10322 10307 522483727 3916780960 220916964 2055763
6 11 10453 10431 772371422 3971158184 209524232 23006349
13 1 10089 10076 1845923073 3253723168 932937674 27113575
13 0 10900 10888 924167109 3790205616 408749470 35732900
1 15 10860 10839 1767860685 3796556514 564297034 20568822
6 13 10298 10281 1769408835 3936659436 522778796 20698618
14 1 10555 10546 1775377571 3834388078 738665706 21199038
