5 15 10923 10923 360316 2003203355 10230625 10230611
15 5 10182 10182 2036655 2003265846 10371436 10371154
5 9 10686 10686 2400 2008302845 10200560 10200603
10 1 10755 10755 8584 2014880491 10201079 10201121
2 8 10526 10526 170001 2014931430 10214640 10214656
10 2 10051 10051 19013 2017520495 10202378 10201997
6 9 10881 10881 410054 2021767795 10234931 10234782
6 8 10147 10147 5681326 2024650826 10677712 10676724
1 10 10129 10129 75972262 2019995316 16582338 16569917
10 5 10204 10204 125479 2029007493 10222429 10210922
10 3 10157 10157 12099632 2028351233 11278631 11214834
1 10 10130 10129 968856 2034913170 10284934 10281629
12 6 10873 10873 4185 2037614610 10200747 10200754
8 6 10152 10152 26616 2038723434 10204789 10202632
9 0 10176 10176 26584 2040194754 10210009 10202630
15 5 10183 10182 85201 2041784431 10217670 10207546
9 6 10639 10639 73645964 2038093516 16392006 16374877
2 13 10352 10352 278054 2050303620 10223756 10223715
14 2 10719 10719 12373 2049534771 20648513 10201439
4 10 10930 10930 7680 2061848055 10201023 10201045
0 14 10952 10952 3413362 2061891954 10773898 10486578
13 7 10316 10316 3328650 2062620459 10495737 10479475
9 4 10656 10656 176028 2063481405 10230068 10215161
9 3 10732 10732 9464 2063746170 10202103 10201195
9 1 10240 10240 54248792 2047494729 28346442 14748619
3 12 10238 10238 477804 2066730631 10318481 10240459
9 5 10967 10967 1952 2068627921 10200652 10200563
0 11 10628 10628 385915 2070404640 10287935 10232755
2 10 10400 10400 9247197 2070416915 10979535 10975688
2 9 10769 10769 920882 2077724891 10284909 10277607
8 5 10244 10244 155324 2078020477 10213447 10213424
5 11 10588 10588 215669 2079248976 10219745 10218482
3 11 10063 10063 2489344 2079299810 10422795 10409109
0 12 10364 10364 163238515 2048266490 42061122 23886318
14 1 10546 10546 14573607 2048355996 42661779 11422252
10 5 10205 10204 447089 2082330607 10247963 10237887
0 8 10277 10277 237150 2085027088 10228952 10220285
0 13 10513 10513 512881 2091709572 10245024 10243400
12 5 10925 10925 13403 2095798627 10201776 10201526
6 10 10641 10641 65710 2095917595 10356801 10205910
3 9 10020 10020 10268 2097534840 10287318 10201263
0 8 10278 10277 255999 2104430153 10293484 10221862
5 14 10439 10439 2572 2109088887 20792632 10200617
11 2 10913 10913 1509858 2121846185 10535007 10326987
7 14 10684 10684 2742891 2122936648 10598203 10430364
14 7 10450 10450 210910 2102359158 31239822 10218083
10 6 10889 10889 46725 2124884622 10264624 10204318
5 11 10589 10588 22360 2125347127 10203436 10202277
3 11 10064 10063 8082 2127351130 10207821 10201081
2 10 10401 10400 151003 2128906097 10221287 10213063
11 5 10552 10552 136809 2129809485 10217002 10211870
8 3 10232 10232 87892 2273064055 20722111 10207769
3 10 10457 10457 36912 2470473053 20739220 10203495
2 11 10893 10891 486 2853493924 10456929 10200442
