5 15 10923 10923 90079 2000800838 969034 968035
15 5 10182 10182 509163 2000816460 1008427 1003171
5 9 10686 10686 600 2002075710 960456 960531
10 1 10755 10755 2146 2003720122 960767 960663
2 8 10526 10526 42500 2003732856 964556 964045
10 2 10051 10051 4753 2004380122 961004 960879
6 9 10881 10881 102513 2005441948 970197 969076
6 8 10147 10147 1420331 2006162704 1160876 1079563
1 10 10129 10129 18993065 2004998828 2927797 2552862
10 5 10204 10204 31369 2007251870 967309 963112
10 3 10157 10157 3024908 2007087806 1278587 1214088
1 10 10130 10129 242214 2008728290 986739 980790
12 6 10873 10873 1046 2009403652 960665 960571
8 6 10152 10152 6654 2009680858 1083701 961039
9 0 10176 10176 6646 2010048686 961805 961038
15 5 10183 10182 21300 2010446104 964517 962268
14 1 10546 10546 3643401 2012088998 1422640 1265945
3 15 10850 10850 4124571 2013380784 2607075 1306285
4 10 10930 10930 1920 2015462012 960940 960641
0 14 10952 10952 853340 2015472988 1121186 1032026
13 7 10316 10316 832162 2015655114 1052643 1030251
3 12 10238 10238 119451 2016682656 981976 970496
9 5 10967 10967 488 2017156972 960621 960522
2 10 10400 10400 2311799 2017604224 2315541 1154302
2 9 10769 10769 230220 2019431218 982390 979784
8 5 10244 10244 38831 2019505118 973774 963736
10 5 10205 10204 111772 2020582648 978034 969851
0 12 10364 10364 40809628 2012066622 9672802 4381960
12 5 10925 10925 3350 2023949654 961190 960763
6 10 10641 10641 16427 2023979396 963866 961859
1 12 10998 10998 216762 2024516406 1001395 978654
5 14 10439 10439 643 2027272218 1128010 960535
14 7 10451 10450 621612 2026697138 3589791 1012597
12 3 10747 10747 225 2030993408 1128246 960501
4 13 10738 10738 28458 2032514258 1130694 962868
5 15 10924 10923 767344 2034284660 1367446 1024816
7 11 10760 10760 196688 2036446786 1343755 976971
2 11 10891 10891 119861 2042472700 1306554 970529
4 15 10354 10354 1741570 2044792044 1642144 1106494
1 9 10400 10400 8496 2049862600 1349360 961194
8 1 10369 10368 29636 2051459574 1096908 962966
8 1 10368 10368 308245 2051141352 2996484 986326
9 7 10759 10759 159063 2053642682 1288470 973819
9 5 10968 10967 1470477 2057865106 1618134 1083766
2 12 10283 10283 6055766 2063355232 5017718 1468196
13 1 10077 10076 71599 2066194998 2756975 966484
2 10 10403 10400 326 2071773298 1279025 960509
13 1 10078 10076 906 2072137230 1049955 960556
2 15 10921 10919 684725 2068496134 5936616 1017888
0 11 10629 10628 277 2076948676 1182078 960506
4 12 10286 10284 470708 2079629408 1410407 999945
8 0 10750 10749 988 2085785508 1423045 960562
15 5 10185 10182 3997 2087363724 1509682 960815
9 4 10658 10656 9206 2088755368 1232070 961254
15 5 10186 10182 2550 2094354764 1087173 960695
6 14 10788 10786 649348 2093768312 2654191 1014923
14 0 10282 10280 6370219 2080714962 15896394 1494562
9 0 10177 10176 1799 2097141012 1406007 960631
14 3 10115 10113 622963 2099323324 1380482 1012709
9 3 10734 10732 406 2099869676 960512 960516
8 7 10732 10732 37086 2100187804 1048237 963592
5 13 10858 10858 4511255 2088221214 13462274 1338706
5 9 10689 10686 1785 2101031474 968468 960630
0 9 10553 10553 2848 2102481580 1209084 960719
2 12 10284 10283 382546 2101482430 6606647 992554
11 0 10167 10163 2065549 2107239798 1510820 1133657
13 2 10650 10649 95377 2109647696 2488555 968478
5 11 10590 10588 39402962 2077308348 36411848 4264024
5 8 10351 10350 428150 2113915196 3606659 996379
2 12 10285 10283 60 2118012298 960344 960488
12 7 10831 10831 459292 2120854258 1046838 998989
3 8 10065 10064 1476 2122913376 995788 960605
4 13 10739 10738 158 2124448744 1243457 960496
5 9 10690 10686 341 2124636410 1323404 960511
15 0 10677 10675 12696 2133886300 1243237 961545
2 12 10286 10283 2928 2134325954 1240544 960725
0 12 10367 10364 969 2151116458 1294768 960561
2 14 10809 10807 50354 2151668036 2293826 964704
15 7 10041 10040 8405043 2153903660 2032047 1665162
1 14 10514 10512 188533 2164223164 1348456 976288
13 1 10082 10076 25328633 2157968756 9934518 3084034
14 6 10947 10944 18708 2168096648 1409316 962049
5 15 10926 10923 61992 2155233538 18097857 965677
8 3 10234 10232 267 2183573568 1410330 960505
4 10 10933 10930 2673215 2181232648 26630545 1184605
5 10 10957 10956 239652 2216765220 1252844 980573
8 4 10584 10584 389031 2216908208 1354653 993100
13 0 10890 10888 23918 2239626116 1287522 962485
15 2 10481 10481 9518 2243611420 1324252 961279
15 1 10487 10482 3377 2247386620 1429518 960765
14 0 10286 10280 1864 2268030936 1323412 960636
11 7 10455 10452 322865 2272257208 1515168 987549
5 8 10356 10350 62621 2276860530 3751669 965731
9 7 10763 10759 430376 2281265858 1426701 996565
9 6 10645 10639 4501336 2282904306 2699266 1337874
13 3 10250 10248 127206 2284553752 1380016 971148
8 7 10735 10732 2028 2290679120 1329285 960653
14 5 10592 10592 3456 2301132432 1242255 960771
9 3 10738 10732 35748 2307237270 1406205 963478
2 13 10357 10352 1964 2307740784 1501983 960644
13 0 10892 10888 26004 2315665974 1265417 962664
11 3 10821 10819 2677 2316034606 1302072 960705
10 4 11003 10999 14417376 2313085174 5348798 2169235
8 1 10373 10368 984 2344523954 1323350 960562
15 6 10623 10621 7643 2349130122 1327217 961122
14 0 10287 10280 2468 2363712302 1461050 960688
15 2 10485 10481 412 2370560478 1329501 960516
5 15 10928 10923 728 2372883168 1239538 960542
10 3 10162 10157 1878 2386952108 1407468 960637
14 6 10951 10944 398550 2388569450 1398271 993896
10 5 10212 10204 981557 2396056118 1426757 1042775
8 1 10374 10368 27519 2396235294 1495737 962789
4 12 10290 10284 477 2409869352 1252479 960522
15 3 10310 10304 1158 2418696514 1407039 960580
13 2 10655 10649 35350 2420010094 1251159 963446
7 11 10768 10760 830 2446362316 1323418 960550
8 5 10256 10244 10558 2455291698 1352997 961366
8 4 10588 10584 865 2460601594 1407429 960553
15 3 10311 10304 39808 2462400730 1414283 963818
8 5 10257 10244 3690 2465674720 1323737 960790
0 11 10635 10628 271 2477460446 1258990 960505
12 2 10041 10035 21971 2482846906 1261974 962322
15 5 10194 10182 5975 2482294150 2649442 960981
11 7 10458 10452 207134 2509053418 1440512 977849
9 4 10662 10656 79833 2521294512 1249904 967173
8 4 10590 10584 174049 2531375816 1409893 975075
2 14 10816 10807 1484 2539135740 1411968 960606
13 3 10253 10248 5944109 2536694400 7904238 1458837
0 12 10373 10364 790 2543440460 1504361 960547
10 5 10213 10204 1001 2545107322 1323484 960567
12 7 10840 10831 3883 2552320052 1240066 960806
12 6 10887 10873 7989045 2563524258 6804813 1630285
10 2 10061 10051 661728 2587485568 1531216 1015960
14 6 10953 10944 115 2591776822 1405562 960493
15 6 10630 10621 1018245 2611938864 1421375 1045852
8 5 10261 10244 14335994 2624947628 8400148 2162409
10 0 10583 10573 97096 2642993916 1395017 968624
10 1 10761 10755 181899 2659916038 3005260 975730
11 7 10460 10452 165720 2665755738 1256322 974375
11 0 10175 10163 373 2674627028 1490448 960513
6 9 10888 10881 5995 2680584736 5484644 960982
8 5 10265 10244 249223 2692286190 1443910 981377
9 2 10803 10797 3443 2690730068 3121214 960770
10 4 11008 10999 860 2724836468 1365052 960552
8 7 10741 10732 27350 2727597788 1451671 962775
8 3 10239 10232 3969 2737439514 1324561 960812
14 6 10955 10944 53451 2742423968 1491777 964963
13 2 10661 10649 5447 2751168624 1502554 960938
13 1 10092 10076 148096 2751527740 1260488 972899
13 7 10324 10316 676 2751308460 1490367 960537
11 4 10371 10359 1808 2752789472 1407187 960632
15 5 10197 10182 2020 2753921658 1240268 960653
11 4 10372 10359 9076 2754931932 1328484 961244
9 4 10665 10656 844 2755853922 1490780 960551
15 2 10491 10481 761 2757156634 1314076 960544
12 1 10639 10628 3170 2761663618 1369207 960748
9 2 10804 10797 520 2764276434 1324090 960525
8 3 10241 10232 2829 2773784304 1263176 960717
15 2 10492 10481 1038585 2773762076 1471206 1047556
9 0 10189 10176 80659 2778323416 2840275 967243
7 14 10697 10684 1120 2801377046 1410292 960577
15 1 10497 10482 19211 2803522848 1253284 962093
11 2 10923 10913 495 2804554390 1239747 960523
8 5 10268 10244 166296 2804984248 1480527 974424
14 4 10479 10471 100391 2808355070 1369798 968899
14 3 10122 10113 36762726 2785768322 32357739 4042668
10 7 10135 10125 12357 2825533684 1245481 961518
11 6 10589 10579 108577 2833583464 1417070 969584
11 1 10402 10391 212410 2834878120 1391053 978290
12 2 10045 10035 1314039 2838753040 1573412 1070652
1 12 11010 10998 1660 2839707314 1243567 960620
13 0 10899 10888 78068 2848699996 1253804 967028
12 3 10758 10747 336 2852450434 1490361 960510
14 1 10553 10546 4021 2864140486 1323924 960820
7 10 10511 10495 447 2864964018 1438761 960519
9 1 10252 10240 1945 2875913718 1243079 960643
5 13 10874 10858 23 2880850850 1390438 960485
14 2 10729 10719 2819 2881455894 1490710 960717
9 6 10653 10639 6563 2887309606 1240582 961031
2 15 10941 10919 6444 2889389358 2985585 961022
12 3 10759 10747 5089 2894791854 1336963 960910
15 2 10495 10481 74536 2896500466 1337130 966730
15 6 10636 10621 911 2900027116 1488830 960556
9 4 10668 10656 218529 2903074678 1443243 978803
10 7 10138 10125 9917 2907069970 1517770 961311
10 7 10139 10125 366919 2911227770 1557361 991242
8 1 10380 10368 3122 2912800790 1438468 960745
9 3 10745 10732 62519141 2904235458 18565483 6202088
1 11 10116 10108 677 2922508116 1333701 960538
14 6 10958 10944 5471986 2923932360 1759219 1419251
8 7 10744 10732 48611 2929719034 1365969 964557
14 7 10468 10450 143595 2930431206 1461759 972520
7 9 10138 10126 759 2938707598 1616500 960544
12 7 10845 10831 1747 2939941052 1321520 960627
15 2 10499 10481 1911394 2955325878 1677511 1120733
3 10 10466 10457 693 2969196196 1240175 960539
11 0 10182 10163 3320 2971913512 1362772 960760
9 6 10654 10639 16839 2978938528 1493296 961892
8 0 10764 10749 302 2994654014 1252804 960508
12 2 10047 10035 619828 3004327084 1440983 1012447
3 14 10918 10902 389 3019377766 1361677 960514
9 5 10991 10967 134290 3030233740 1476801 971741
2 11 10911 10891 504 3032190058 1419254 960524
11 1 10406 10391 1035 3034744408 1394371 960570
13 7 10331 10316 982 3036942220 1323215 960562
8 0 10766 10749 2823 3039380050 1339093 960717
9 5 10992 10967 433 3061410554 1324160 960518
8 5 10275 10244 3574029 3070326720 3616833 1260130
2 11 10913 10891 314 3073813246 1325774 960508
13 2 10670 10649 76733 3091329120 1448830 966914
9 6 10657 10639 23354499 3083045822 13419502 2918523
12 4 10849 10833 127237 3096513020 1366958 971150
13 6 10711 10700 2635 3103154856 1491737 960702
11 2 10928 10913 4134 3106933560 1354215 960829
11 3 10831 10819 656 3116962736 1327197 960536
12 7 10851 10831 231419 3126573266 1442696 979884
10 5 10221 10204 131006 3146204024 1326464 971467
12 5 10949 10925 6367 3147762690 1379667 961016
12 1 10643 10628 223224 3149627924 1261070 979198
8 7 10750 10732 80767 3149749614 1337595 967252
10 4 11014 10999 3091951 3151583654 1615640 1219709
8 0 10770 10749 911970 3152705686 1576819 1036939
2 8 10549 10526 784 3159156158 1418610 960546
15 7 10055 10040 268 3162589626 1325392 960505
10 1 10771 10755 978 3169334044 1255471 960562
15 7 10056 10040 4879 3177961506 1324288 960889
8 3 10249 10232 1879 3180820626 1243087 960638
15 4 10730 10712 2378515 3183959836 1631323 1159896
11 6 10597 10579 2944 3186435158 1326685 960727
13 3 10264 10248 25445 3187590106 1328601 962615
9 0 10194 10176 129638 3187884244 1252484 971350
12 2 10050 10035 640 3191725954 1244565 960535
4 8 10465 10437 427 3198625964 1347773 960518
10 1 10772 10755 1169 3201642788 1400885 960581
9 6 10662 10639 12935 3211965952 1351817 961564
10 0 10595 10573 8250 3216579914 1342212 961174
14 4 10481 10471 6800 3232812900 1331548 961050
10 7 10146 10125 21189 3234720792 1444719 962259
11 4 10382 10359 59868 3237298626 1441508 965499
11 3 10834 10819 4520 3246120744 1428467 960860
11 0 10184 10163 95513619 3227299690 21130151 8968343
7 14 10711 10684 5750 3247884500 2890451 960963
11 6 10598 10579 576 3253401776 1524797 960529
13 0 10905 10888 790 3254071520 1240025 960547
8 7 10755 10732 1899 3253991376 1366829 960639
14 5 10615 10592 760 3273188026 1406905 960544
1 9 10418 10400 398 3274913500 1327220 960515
11 5 10575 10552 100124 3288159892 1333114 968877
10 4 11017 10999 13405 3290605658 1324760 961606
9 6 10663 10639 898 3292429208 1337006 960555
6 8 10164 10147 1029 3304479342 1416286 960570
14 4 10483 10471 2971 3319487262 1340813 960729
11 3 10838 10819 641 3320152972 1253686 960535
8 6 10167 10152 5523945 3329939626 2007192 1423607
13 6 10713 10700 3860 3340255296 1627028 960804
8 0 10773 10749 35347 3345487644 1493586 963446
14 1 10565 10546 50559 3353404390 1459700 964720
12 7 10853 10831 1203030 3361845636 1447688 1061345
10 3 10171 10157 657 3366224324 1256618 960536
15 1 10503 10482 1001 3367595510 1366011 960567
12 6 10899 10873 3424 3370111036 1388733 960769
15 1 10504 10482 400 3373430342 1431970 960515
11 5 10577 10552 4110316 3377420532 4301336 1305091
13 3 10269 10248 677 3392824972 1405897 960538
5 15 10945 10923 256 3413108760 1382601 960504
9 6 10665 10639 3530 3417626072 2663127 960777
13 4 10646 10629 1696684 3395976662 24341101 1102731
12 1 10647 10628 1448 3429308134 1490294 960603
11 0 10186 10163 9789 3431446716 1408350 961301
12 1 10648 10628 1927 3432827228 1490370 960641
14 1 10568 10546 1992 3439585484 1376755 960647
9 5 10997 10967 3581 3444138566 1408952 960781
13 2 10675 10649 48002916 3449917244 7687751 4985044
10 6 10910 10889 11962 3458073482 1289222 961483
11 0 10189 10163 449 3469741676 1240381 960519
9 7 10779 10759 241562 3472569320 1512973 980734
15 1 10511 10482 6442 3477376876 1241129 961022
11 6 10602 10579 31787739 3481470242 17025547 3625565
8 4 10605 10584 80393 3503390862 1247836 967222
0 14 10973 10952 428 3506416360 1366386 960518
9 4 10679 10656 902 3506577690 1348180 960556
12 2 10054 10035 668950 3509851912 1428465 1016564
0 14 10974 10952 392 3525875782 1410639 960515
9 5 10999 10967 243725 3566640236 1411689 980914
10 4 11018 10999 1035507 3572575218 1722179 1047298
10 0 10600 10573 1929 3578143280 1374414 960642
11 7 10473 10452 1478 3598784928 1303552 960605
14 3 10139 10113 13321 3603949066 1490635 961599
10 5 10230 10204 315681 3604187592 1447144 986947
11 6 10603 10579 14383 3610278690 1652682 961688
5 8 10380 10350 15 3620834760 1549625 960485
12 5 10955 10925 9582907 3629335574 2418600 1763911
8 4 10608 10584 2541 3632026842 1356876 960694
6 13 10307 10281 2484 3637314278 4119610 960690
9 1 10265 10240 39818 3640631658 1331504 963819
13 7 10344 10316 3550 3643672204 1396144 960779
2 12 10312 10283 2240 3667654956 5378353 960670
10 4 11020 10999 10453057 3670664752 2455892 1836867
10 3 10172 10157 1496 3676275806 1323527 960607
5 9 10710 10686 575 3681193516 1427799 960529
8 1 10392 10368 19518 3685881854 1479340 962118
9 1 10266 10240 927 3686118656 1259835 960558
10 0 10604 10573 149 3691963354 1406478 960495
11 2 10941 10913 3052 3696229692 1347216 960739
13 7 10346 10316 339247 3709028502 1499527 988925
10 1 10776 10755 7766993 3715307218 2780086 1611664
0 9 10577 10553 29 3720583718 1327623 960486
15 2 10516 10481 116904 3741973560 1358917 970281
14 1 10575 10546 21375 3747323934 1411334 962274
15 6 10651 10621 2312 3774574856 1352553 960676
11 0 10198 10163 674332 3784377260 1481933 1017018
15 5 10216 10182 611 3791365160 1485387 960532
9 6 10672 10639 1151925 3806681150 1350618 1057057
5 12 10687 10657 481 3808183440 1489748 960522
3 13 10991 10970 608 3820668812 1244570 960532
8 3 10263 10232 4437253 3822761642 1873517 1332502
14 2 10740 10719 5019 3831356174 1256690 960904
10 7 10158 10125 2102743 3834063384 1464198 1136774
10 7 10159 10125 231626 3836423440 1457215 979900
3 8 10092 10064 11342 3834687476 6829599 961433
9 7 10787 10759 204060 3850409608 1311315 977592
12 5 10962 10925 686 3852498534 1439843 960538
11 4 10391 10359 337859 3857313674 1310071 988806
10 1 10778 10755 190137 3857909530 1276606 976424
15 2 10519 10481 3158341 3857373420 1840400 1225277
2 10 10429 10400 15186 3859417260 6633516 961756
10 4 11025 10999 25259 3869024674 1326292 962600
8 7 10767 10732 224833 3869843698 1411836 979330
10 5 10235 10204 62233 3871092014 1546944 965700
13 2 10680 10649 9224 3877553274 1272997 961256
15 7 10066 10040 969294 3878826034 1425656 1041748
9 5 11005 10967 24623 3884730396 1244053 962545
10 4 11026 10999 113284 3895786404 2712227 969980
10 2 10091 10051 369373 3916206048 1500963 991450
11 2 10943 10913 39701 3941737040 1477864 963809
15 3 10326 10304 935 3948499174 1334330 960558
14 0 10310 10280 27360554 3912909264 38445801 3254390
10 7 10161 10125 107 3958791596 1241149 960492
15 4 10738 10712 77618 3963722908 1414566 966988
0 8 10312 10277 153 3967802750 1240940 960496
12 0 10774 10747 501955 3968065662 1287434 1002564
9 2 10816 10797 10783289 3969968698 5724515 1864553
15 3 10327 10304 115616 3975134544 1381019 970174
12 6 10907 10873 96956 3977004352 1259500 968608
12 6 10908 10873 50503 3977038148 1504743 964716
13 3 10278 10248 553 3981643498 1398142 960528
15 1 10518 10482 749 3984761200 1356568 960543
11 0 10201 10163 56529 3990288716 2887819 965221
7 15 10395 10383 884161 3112728682 971604872 1034611
5 15 10947 10923 970050 3525136920 760949974 1041812
4 13 10757 10738 857344 3614198026 691433395 1032362
6 14 10817 10786 1127063 3879190322 451936540 1054976
2 12 10316 10283 1755945 3842064614 504039798 1107698
7 11 10784 10760 1469067 3459527866 939556491 1083650
2 15 10948 10919 2062514 3330864950 1123888450 1133403
4 10 10958 10930 4795541 3599489758 1488669895 1362539
3 10 10486 10457 2273072 3923992384 1460897257 1151057
3 12 10257 10238 1825400 3116631118 2302578647 1113523
4 8 10475 10437 2347844 3678583136 1793367864 1157323
4 13 10767 10738 2961079 3944256362 1778039144 1208740
