5 15 10923 10923 90079 2001601676 1207827 1207955
15 5 10182 10182 509163 2001632922 1242610 1243091
5 9 10686 10686 600 2004151420 1200270 1200451
10 1 10755 10755 2146 2007440244 1200528 1200583
2 8 10526 10526 42500 2007465714 1203876 1203965
10 2 10051 10051 4753 2008760246 1200743 1200799
6 9 10881 10881 102513 2010883896 1208857 1208996
1 10 10129 10129 18993065 2009997658 2776802 2792782
6 8 10147 10147 1420331 2012325410 1318349 1319483
10 3 10157 10157 3024908 2014175614 1451423 1454008
10 5 10204 10204 31369 2014503744 1202953 1203032
1 10 10130 10129 242214 2017456584 1220583 1220710
12 6 10873 10873 1046 2018807304 1200437 1200491
8 6 10152 10152 6654 2019361716 1201426 1200959
9 0 10176 10176 6646 2020097376 1202283 1200958
9 6 10639 10639 18411491 2019046758 2729068 2744021
15 5 10183 10182 21300 2020892212 1203838 1202188
14 2 10719 10719 3093 2024767384 1280214 1200662
2 13 10352 10352 69513 2025151808 1206158 1206229
14 1 10546 10546 3643401 2024177998 3927694 1505865
3 15 10850 10850 4124571 2026761568 1542901 1546205
0 12 10364 10364 40809628 2024133244 4681316 4621880
9 1 10240 10240 13562198 2023747362 5091337 2337457
4 10 10930 10930 1920 2030924026 1200602 1200561
0 14 10952 10952 853340 2030945976 1275577 1271946
13 7 10316 10316 832162 2031310228 1269460 1270171
9 4 10656 10656 44007 2031740700 1204043 1204093
9 3 10732 10732 2366 2031873082 1200572 1200600
3 12 10238 10238 119451 2033365314 1210483 1210416
9 5 10967 10967 488 2034313956 1200250 1200442
0 11 10628 10628 96478 2035202318 1209406 1208490
2 10 10400 10400 2311799 2035208454 1392460 1394222
2 9 10769 10769 230220 2038862442 1219579 1219704
8 5 10244 10244 38831 2039010236 1203571 1203656
5 11 10588 10588 53917 2039624484 1204909 1204920
3 11 10063 10063 622336 2039649902 1252159 1252579
10 5 10205 10204 111772 2041165300 1209625 1209771
0 8 10277 10277 59287 2042513542 1205847 1205373
0 13 10513 10513 128220 2045854784 1211307 1211152
12 1 10628 10628 8383519 2043004470 4573615 1903276
12 5 10925 10925 3350 2047899310 1200877 1200683
6 10 10641 10641 16427 2047958794 1203295 1201779
3 9 10020 10020 2567 2048767416 1216225 1200616
14 0 10280 10280 4558388 2050153968 1719321 1582577
14 7 10450 10450 52727 2051179576 1223722 1204821
0 8 10278 10277 63999 2052215074 1208405 1205765
14 7 10451 10450 621612 2053394286 1365063 1252517
5 14 10439 10439 643 2054544438 1200427 1200455
8 6 10153 10152 5817 2054972696 1201072 1200888
3 14 10902 10902 4736328 2052596824 4129281 1597496
6 14 10786 10786 49375864 2050546438 9582828 5340072
15 0 10675 10675 379033189 2012896136 48282096 32978545
11 2 10913 10913 377464 2060923092 1231815 1232048
7 14 10684 10684 685722 2061468322 1314305 1257892
12 3 10747 10747 225 2061986818 1200390 1200421
10 6 10889 10889 11681 2062442306 1281651 1201380
5 11 10589 10588 5590 2062673558 1201008 1200870
3 11 10064 10063 2020 2063675560 1200531 1200573
2 10 10401 10400 37750 2064453044 1206632 1203565
11 5 10552 10552 34202 2064904742 1203431 1203270
4 13 10738 10738 28458 2065028520 1202747 1202788
5 12 10657 10657 2160 2066705008 1207674 1200584
14 7 10452 10450 1235567 2067468310 1476641 1303991
5 15 10924 10923 767344 2068569326 1267677 1264736
12 1 10629 10628 1854 2070236814 1200772 1200556
0 12 10365 10364 18381918 2069426222 2776369 2741540
7 11 10760 10760 196688 2072893576 1232953 1216891
13 6 10701 10700 91568 2073318012 1208330 1208078
10 4 10999 10999 13754507 2067941522 9319502 2353579
14 6 10944 10944 51538141 2048724762 28676412 5521361
13 6 10700 10700 95537729 2042125620 36388872 9210284
14 2 10720 10719 3197 2077753356 1200754 1200671
7 12 10984 10984 55715103 2073435064 8689283 5871557
14 2 10721 10719 201769 2080502002 2499683 1217317
14 6 10945 10944 69521 2080881710 2488819 1206230
2 11 10891 10891 119861 2084945408 1228329 1210449
2 14 10807 10807 1078350 2086525720 1361115 1290811
3 8 10064 10064 11950833 2085885358 2271775 2202358
5 8 10350 10350 11510 2087373998 1201338 1201366
14 1 10547 10546 147148 2087401122 1214826 1212740
1 15 10839 10839 602347 2087489762 1250344 1250903
9 6 10640 10639 41481 2087778598 1203793 1203879
12 5 10927 10925 1359 2088187194 1200462 1200516
14 6 10946 10944 957646 2086362146 3508746 1280690
8 0 10749 10749 7500 2088696638 1201220 1201030
13 1 10076 10076 29451534 2079739988 10491668 3669618
4 15 10354 10354 1741570 2089584094 1345035 1346414
11 0 10163 10163 103842919 2073697798 19175215 9906590
1 13 10218 10218 4068882 2091799438 1538241 1541535
11 0 10164 10163 2039 2092375914 1200780 1200574
11 0 10165 10163 1726565 2092913128 1343838 1345156
6 12 10619 10619 3629075 2093290480 1510873 1504665
3 11 10065 10063 238 2094846768 1200430 1200422
6 8 10148 10147 120712 2095275596 1210526 1210521
1 9 10400 10400 8496 2099725208 1201499 1201114
8 5 10245 10244 608360 2100128904 1283988 1251407
11 0 10166 10163 47392 2101030032 1204477 1204375
1 15 10840 10839 55314 2101169550 1205086 1205040
2 15 10919 10919 87920 2101356324 1207796 1207771
8 1 10368 10368 308245 2102282710 1226139 1226246
8 1 10369 10368 29636 2102919156 1203018 1202886
6 11 10431 10431 4137 2102957528 1274653 1200750
10 4 11000 10999 2974641 2103052814 1455540 1449795
1 14 10512 10512 203675 2104307828 1217466 1217477
7 13 10935 10935 248625 2105031828 1241697 1221246
2 11 10892 10891 2016168 2104030206 2895704 1369438
4 9 10931 10931 117411 2106047432 1210275 1210246
9 7 10759 10759 159063 2107285380 1214214 1213739
4 8 10437 10437 2546682 2107307664 1624833 1413915
7 11 10761 10760 51806562 2092971454 16025933 5543863
0 8 10279 10277 564890 2112062964 1272762 1247760
4 12 10284 10284 110641 2112455196 1265031 1209677
5 9 10687 10686 2680 2112996608 1278909 1200625
9 5 10968 10967 1470477 2115730230 1483521 1323686
11 5 10553 10552 13043 2117332952 1265042 1201497
14 7 10453 10450 1402 2121258736 1281035 1200519
8 2 10294 10294 43811 2122500440 1207570 1204073
13 5 10229 10229 15694 2122466234 1364291 1201716
12 6 10874 10873 9032 2123024756 1201308 1201160
0 15 10916 10916 7266445 2121243878 4442762 1809620
4 12 10285 10284 90180 2124543874 1211831 1207963
8 5 10246 10244 24162424 2120847942 5896608 3226179
2 15 10920 10919 59246438 2108710120 18755469 6167623
2 12 10283 10283 6055766 2126710476 1761905 1708116
15 5 10184 10182 45023506 2110238194 18661684 4975172
15 1 10482 10482 2462046 2128546562 1404813 1406821
3 13 10970 10970 19763 2129962760 1202087 1202057
4 14 10639 10639 29090 2132006862 1205120 1202842
9 3 10733 10732 8898 2132390966 1201351 1201146
13 1 10077 10076 71599 2132390000 1206529 1206404
6 13 10281 10281 11467 2132618566 1201422 1201363
14 4 10471 10471 87523 2133448956 1208038 1207739
9 7 10760 10759 83078 2133611568 1207754 1207368
0 10 10477 10477 32591 2136389848 1204923 1203134
8 3 10232 10232 21973 2136532020 1202394 1202242
2 15 10921 10919 684725 2136992280 1265398 1257808
10 5 10206 10204 90478 2138070568 1210198 1207987
2 10 10402 10400 6475 2138352080 1201359 1200944
10 4 11001 10999 289483 2141354872 1228964 1224672
14 0 10281 10280 1793451 2141254066 1352761 1350765
9 5 10969 10967 56 2142661270 1282330 1200408
2 10 10403 10400 326 2143546608 1200274 1200429
13 1 10078 10076 906 2144274466 1200400 1200476
12 3 10748 10747 922855 2148037330 1302470 1277772
2 15 10922 10919 6241 2146973046 2483509 1200926
10 0 10573 10573 40680 2152000488 1204256 1203811
6 11 10432 10431 24796258 2142270062 12263772 3279321
11 5 10554 10552 6424637 2150851640 4240352 1739042
0 11 10629 10628 277 2153897366 1251794 1200426
1 14 10513 10512 26149878 2146281090 11683233 3392806
0 12 10366 10364 892808 2154520238 3499740 1275253
2 13 10353 10352 20595292 2153226300 5682602 2927112
0 10 10478 10477 501881 2157820244 1251837 1242478
4 12 10286 10284 470708 2159258828 1253594 1239865
13 3 10248 10248 66040 2160020752 1208580 1205940
1 10 10131 10129 8772 2161002396 1202393 1201136
13 6 10702 10700 4036 2161086070 1201104 1200742
14 0 10282 10280 6370219 2161429944 1750159 1734482
9 4 10657 10656 2588150 2161979300 1428973 1417393
4 8 10438 10437 7806 2162894222 1201489 1201055
5 11 10590 10588 39402962 2154616706 10966730 4503944
4 14 10640 10639 90519 2164441804 1217291 1207990
7 13 10936 10935 45597 2165123358 1206090 1204224
11 1 10391 10391 11154 2166371474 1202320 1201338
5 14 10440 10439 69542892 2157229498 10420586 7030876
10 0 10574 10573 48835 2169066630 1227312 1204494
14 3 10113 10113 403 2169472628 1311454 1200436
10 5 10207 10204 1258 2171507966 1200639 1200508
8 0 10750 10749 988 2171571028 1200452 1200482
15 0 10676 10675 4520376 2168737862 4067603 1579390
7 13 10937 10935 27934 2172453238 1203687 1202742
0 10 10479 10477 859683 2174135784 1311566 1272477
15 5 10185 10182 3997 2174727458 1330394 1200735
7 12 10985 10984 71593 2176130550 1208428 1206403
5 13 10858 10858 4511255 2176442438 1575061 1578626
9 4 10658 10656 9206 2177510760 1201647 1201174
11 1 10392 10391 26331 2179667918 1203862 1202610
4 10 10931 10930 7062463 2179699948 2059417 1792518
14 2 10722 10719 7559582 2180021996 3167857 1834196
5 9 10688 10686 10411 2182112536 1344156 1201275
12 6 10875 10873 155611 2183808724 1213450 1213447
14 3 10114 10113 50161868 2174361846 12511802 5405971
13 5 10230 10229 168757815 2151192838 36203874 15349055
6 14 10788 10786 649348 2187536632 1262081 1254843
15 5 10186 10182 2550 2188709540 1200867 1200615
14 1 10548 10546 165112910 2165483504 25836269 15043466
14 7 10454 10450 9559 2192428732 1289711 1201203
1 10 10132 10129 947 2192740622 1200483 1200479
9 0 10177 10176 1799 2194282048 1200626 1200551
11 5 10555 10552 58966 2196572272 1286145 1205343
2 10 10404 10400 17825 2197574290 1204560 1201895
6 15 10307 10307 12912 2197624202 1201775 1201482
6 11 10433 10431 726603 2198338482 1266635 1261319
14 3 10115 10113 622963 2198646672 1252225 1252629
7 15 10383 10383 18124607 2187687344 12748706 2719968
9 3 10734 10732 406 2199739378 1282239 1200436
15 1 10483 10482 454916 2201046926 1277559 1238540
5 9 10689 10686 1785 2202062964 1200496 1200550
2 12 10284 10283 382546 2202964878 1240148 1232474
7 11 10762 10760 35608061 2186686524 17999683 4185783
9 7 10762 10759 520540 2206026564 1244323 1244043
1 9 10401 10400 32907038 2189405580 18911850 3959329
9 5 10970 10967 845544 2209169910 1274794 1271292
13 2 10649 10649 83010 2213317858 2489870 1207363
10 0 10575 10573 1753556 2214404224 1416193 1347419
11 0 10167 10163 2065549 2214479608 1442189 1373577
7 10 10496 10495 64715138 2190263836 29521485 6626120
13 2 10650 10649 95377 2219295406 1217554 1208398
13 1 10079 10076 7419902 2216809652 4386957 1822484
11 4 10359 10359 14721374 2218043798 3843724 2434642
11 7 10452 10452 63857395 2210715510 12664628 6554206
8 2 10295 10294 18096 2224666156 1202189 1201920
11 3 10819 10819 369474 2226705122 1232119 1231378
4 14 10641 10639 13219 2227088292 1202359 1201511
5 8 10351 10350 428150 2227830410 1281801 1236299
2 15 10923 10919 87981 2228889856 1210352 1207776
8 3 10233 10232 2003 2231598888 1215730 1200571
6 15 10308 10307 37797 2232187006 2503214 1203569
6 15 10309 10307 52459 2234227346 1206976 1204800
3 10 10457 10457 9228 2235236518 1206679 1201176
2 12 10285 10283 60 2236024618 1215112 1200408
11 6 10579 10579 29717 2236765076 1203052 1202892
0 14 10953 10952 849183 2237517030 1271082 1271598
15 4 10712 10712 2982 2239304750 1217638 1200650
10 6 10890 10889 7398 2239320084 1217836 1201022
3 14 10903 10902 63089 2239617092 1288360 1205692
13 1 10080 10076 61575 2241279130 1220303 1205564
15 7 10040 10040 1696815 2240998220 1644366 1342661
12 7 10831 10831 459292 2241708532 1370474 1238909
3 8 10065 10064 1476 2245826764 1200648 1200525
4 13 10739 10738 158 2248897510 1212811 1200416
10 3 10158 10157 162448 2247703398 2498137 1214021
9 6 10641 10639 19477 2249288178 1202692 1202034
5 9 10690 10686 341 2249272838 1256085 1200431
15 4 10713 10712 13744 2249451576 1221259 1201553
2 14 10808 10807 22212 2251476404 1236069 1202265
9 2 10797 10797 16166640 2246834544 8474239 2555812
7 10 10498 10495 1184510 2252939722 3636235 1299711
2 15 10924 10919 151444 2255433568 1219182 1213099
2 8 10527 10526 8116160 2250014702 6801316 1880862
5 13 10859 10858 116028 2256956762 1214676 1210131
5 14 10441 10439 237680670 2200238658 58980012 21127548
10 5 10208 10204 406835 2258620416 1256294 1234509
2 8 10528 10526 1856227 2259682950 1369952 1356029
10 6 10891 10889 888743 2259913422 1319264 1274913
12 6 10877 10873 122579085 2238596520 25435282 11477434
3 10 10458 10457 23310 2262381642 2485655 1202356
3 12 10239 10238 422241 2263075780 2549632 1235803
4 11 10722 10720 47361559 2255518232 11059615 5171194
6 8 10149 10147 223526359 2192742014 74392297 19940852
8 0 10751 10749 2470025 2266268342 1441666 1407490
15 0 10677 10675 12696 2267772618 1201426 1201465
2 12 10286 10283 2928 2268651934 1200812 1200645
6 9 10882 10881 22736672 2261817052 9633235 3106643
11 7 10453 10452 156404 2274297364 1218004 1213515
1 9 10402 10400 97506586 2237604346 37926587 9375353
12 7 10832 10831 2920912 2275385220 1479765 1445289
14 2 10723 10719 356858 2276027674 1230110 1230319
9 5 10971 10967 26116814 2264830542 13407909 3390034
13 7 10317 10316 5840014 2274361764 4141857 1690030
3 13 10971 10970 121970 2280371520 1210714 1210626
13 3 10249 10248 15020 2280942286 1201661 1201663
6 13 10282 10281 51165 2281691638 1204847 1204692
15 5 10187 10182 362749433 2194518250 89795315 31613314
10 2 10052 10051 64011 2285277116 1205703 1205770
3 9 10021 10020 355 2285474670 1200362 1200432
6 10 10642 10641 6867 2286788620 1201491 1200976
6 11 10434 10431 4838137 2284244350 3981389 1606032
13 2 10651 10649 724133 2287139376 1260589 1261114
2 12 10287 10283 15072377 2283728882 5140041 2464070
0 15 10917 10916 2248308 2287514594 1405995 1388900
6 9 10883 10881 794394 2288750228 1266459 1267004
5 10 10956 10956 11174 2292282172 1201891 1201340
4 9 10932 10931 325996 2294333122 1231486 1227731
4 15 10355 10354 941731 2294948320 1289890 1279355
1 13 10219 10218 3557 2295788498 1200645 1200699
11 4 10360 10359 28328 2296377082 1202912 1202777
6 12 10620 10619 31083 2296807318 1203303 1203009
0 12 10367 10364 969 2302232936 1207368 1200481
3 12 10240 10238 13500293 2301533034 2331669 2332267
12 3 10749 10747 7754 2303298132 1201302 1201051
2 14 10809 10807 50354 2303336098 1204713 1204624
11 0 10168 10163 32192 2303610826 1203869 1203102
13 7 10318 10316 21341 2304496834 1202350 1202191
11 1 10393 10391 2188 2304660296 1200721 1200586
5 15 10925 10923 1302968 2304796394 1309588 1309640
13 1 10081 10076 29675566 2294187444 13375241 3688401
0 15 10918 10916 482688 2306935790 1241258 1240869
4 8 10439 10437 188630 2308173592 1218840 1216216
15 3 10304 10304 15542 2308259790 1204263 1201704
15 7 10041 10040 8405043 2307807338 2248947 1905082
7 11 10763 10760 1804 2309152886 1200790 1200552
5 15 10926 10923 61992 2310467100 1205850 1205597
15 1 10484 10482 372126540 2230018082 82908577 32399490
3 14 10904 10902 30438 2316940306 1203364 1202954
13 1 10082 10076 25328633 2315937536 3302806 3323954
7 10 10499 10495 15647112 2316531514 3798276 2512257
9 1 10241 10240 66101 2319214428 1205977 1205945
7 9 10126 10126 1585750 2323179668 1463629 1333350
5 8 10352 10350 793 2325191614 1200550 1200467
9 3 10735 10732 1374 2326636342 1200548 1200517
1 14 10514 10512 188533 2328446346 1216314 1216208
8 7 10733 10732 691422 2329598658 1288502 1258371
1 9 10403 10400 265317 2330364212 1222423 1222646
1 15 10841 10839 25653 2330950208 1202551 1202552
1 14 10515 10512 4980 2333163200 1201000 1200817
8 6 10154 10152 141969 2334209360 1216351 1212302
5 8 10353 10350 943 2335718862 1200718 1200479
14 6 10947 10944 18708 2336193324 1202002 1201969
0 15 10919 10916 52068 2337695794 1300955 1204768
15 0 10678 10675 18860237 2329539254 10189861 2781645
11 4 10361 10359 46374 2338620424 1204487 1204290
0 12 10368 10364 12285 2339224094 1201591 1201432
8 6 10155 10152 12931 2340811726 1214792 1201484
0 15 10920 10916 10144005 2341938860 2042573 2050877
5 9 10691 10686 14679 2342807996 1201876 1201631
2 10 10405 10400 6541 2342957378 1201361 1200950
9 1 10242 10240 19561 2343486522 1202255 1202041
5 14 10442 10439 3964334 2345941874 1613482 1532772
3 15 10851 10850 10821 2346511820 1201246 1201307
8 5 10247 10244 3389909 2346715750 1510335 1484610
7 8 10103 10103 294889 2347394464 1226094 1225123
11 5 10556 10552 19406942 2340707476 7954226 2827478
5 12 10659 10657 2013704 2347854462 1367859 1369230
9 3 10736 10732 40587174 2339724324 11054527 4603231
11 4 10362 10359 15253 2353303160 1283711 1201681
0 8 10280 10277 23068 2353619582 2485986 1202337
5 8 10354 10350 1699440 2358775258 2960652 1342883
14 7 10455 10450 916 2363451316 1200436 1200477
12 4 10834 10833 819589 2364637502 1286050 1269115
4 10 10933 10930 2673215 2362465324 3767621 1424525
10 1 10756 10755 16059 2366626758 1201943 1201750
8 3 10234 10232 267 2367147158 1200443 1200425
2 14 10810 10807 27118634 2353916556 15650626 3474027
8 6 10156 10152 48781 2368279414 1288199 1204490
6 14 10789 10786 14095 2370432462 1201826 1201585
15 5 10188 10182 24320919 2367239556 6916289 3239466
13 0 10888 10888 260356069 2325385002 49445182 23028656
14 0 10283 10280 49009 2373642462 1204572 1204512
8 1 10370 10368 17803 2373785800 1201851 1201893
11 5 10557 10552 3967595 2374724786 1611026 1533044
5 8 10355 10350 1841 2376653372 1219249 1200554
8 1 10371 10368 1509 2379956502 1200724 1200528
6 11 10435 10431 11300 2380033304 1201823 1201350
3 11 10066 10063 9437268 2376285416 5049314 1991623
13 7 10319 10316 12915159 2384200402 2274317 2283210
3 10 10459 10457 60200 2386659766 1227567 1205450
12 6 10878 10873 1594832 2387475374 1509921 1334111
14 6 10948 10944 5483345 2387327216 1788643 1660126
12 0 10747 10747 10051 2389458300 1201747 1201246
5 14 10443 10439 25049 2391354892 2486332 1202503
7 10 10500 10495 36147 2391547052 2487027 1203433
3 15 10852 10850 5334 2391705770 2483867 1200849
9 6 10642 10639 4665995 2392933534 1588114 1591597
4 12 10287 10284 209589 2394409106 1230767 1217973
5 11 10592 10588 17478 2395132494 1256044 1201867
14 3 10116 10113 8922 2395423520 1283595 1201148
13 5 10231 10229 9415 2396968284 1201303 1201191
13 2 10652 10649 9602 2397445856 1201278 1201206
0 10 10480 10477 576 2397541670 1200368 1200449
15 7 10042 10040 13928 2401860976 1222890 1201568
13 1 10083 10076 16434 2402239018 1219330 1201780
11 2 10915 10913 8939 2402897948 2484239 1201149
14 1 10549 10546 30914 2404609170 1203224 1202992
8 2 10296 10294 616634 2403344966 2540607 1252100
5 11 10591 10588 88508165 2384971188 21535158 8620927
0 15 10921 10916 195695 2405411532 1301547 1216808
6 8 10150 10147 55949 2411253364 1206107 1205090
5 11 10593 10588 76298 2413034710 1208762 1206799
8 5 10248 10244 7617365 2409938426 4585153 1839042
6 15 10310 10307 3545488 2413333162 1575735 1497655
7 15 10384 10383 176389 2418115046 1221378 1215190
8 1 10372 10368 6300384 2415816952 3554346 1728626
9 0 10179 10176 7406 2419008210 1202092 1201023
1 15 10842 10839 546 2422995920 1200543 1200447
0 12 10369 10364 26235 2423198952 1216113 1202602
9 0 10178 10176 108673772 2399614422 25537485 10311609
11 1 10394 10391 790 2424707874 1200633 1200467
1 12 10999 10998 411829 2425466796 1242624 1234928
5 11 10594 10588 140698 2425997444 1214162 1212197
2 11 10893 10891 121 2426746936 1200502 1200413
2 12 10289 10283 15310812 2422882534 5261478 2484059
0 10 10481 10477 11580573 2420932034 7436082 2171316
6 14 10790 10786 293044 2428495280 1228771 1224972
0 9 10554 10553 94287 2429902778 2495251 1208307
5 14 10444 10439 2002645 2429279898 3644830 1368303
11 3 10820 10819 5647035 2431748246 2218745 1673851
5 10 10957 10956 239652 2433530480 1229383 1220493
8 4 10584 10584 389031 2433816446 1246204 1233020
12 2 10035 10035 8177 2434350804 1252200 1201088
11 5 10558 10552 153013476 2402328192 35359262 14029051
12 2 10036 10035 25412066 2435522058 3822350 3330951
11 0 10169 10163 28301 2438784908 1203013 1202775
1 8 10156 10156 21957588 2431734094 10354212 3041325
5 13 10860 10858 25774 2441162424 1203129 1202561
14 0 10284 10280 57221 2442994264 1205476 1205200
4 10 10932 10930 121164931 2344815092 100916714 11358868
2 10 10406 10400 514997 2448679916 1289554 1243577
3 8 10066 10064 134842 2449331540 1218819 1211705
2 14 10811 10807 66627938 2429276650 21720774 6786486
7 8 10104 10103 348995 2450437346 1241084 1229659
12 6 10879 10873 365638 2450636974 1235082 1231056
1 14 10516 10512 26533 2450973188 1203072 1202626
9 2 10799 10797 41905932 2447484176 7844581 4713793
13 4 10629 10629 31151 2456086758 1203200 1203014
4 10 10934 10930 21227 2456283126 1202973 1202182
6 14 10791 10786 10115 2457900318 1201539 1201251
7 10 10497 10495 590268671 2230961656 228232992 7738853
14 0 10285 10280 28860 2458275604 1204295 1202820
15 1 10485 10482 922199 2459039440 1285334 1277720
13 5 10232 10229 66865137 2447113300 14449552 6806376
8 4 10585 10584 2253 2460514212 1200893 1200591
13 0 10889 10888 26385575 2456633560 5138888 3412568
3 9 10023 10020 30464 2461134468 1205174 1202956
2 13 10354 10352 40801 2461635336 2486698 1203821
5 9 10692 10686 22948 2465851124 1215251 1202324
2 14 10812 10807 2428 2466658154 1282676 1200605
14 4 10472 10471 7203482 2466293094 1848960 1804341
6 11 10436 10431 32277 2468913832 1203455 1203108
1 8 10157 10156 480 2471156364 1282336 1200442
12 5 10926 10925 971546448 2066288304 407215951 39705183
1 15 10843 10839 155838 2471566772 2670961 1213466
9 3 10737 10732 278011 2475287888 1224205 1223712
2 15 10926 10919 11942266 2470764688 9159398 2201642
13 0 10890 10888 23918 2479252268 1202526 1202405
15 1 10486 10482 1934 2480222264 1200829 1200562
9 4 10659 10656 35691 2480914096 1203681 1203393
13 2 10653 10649 2012 2481549834 1200756 1200572
6 11 10437 10431 370633 2484004360 1243151 1231475
13 6 10703 10700 61537 2486622572 1276190 1205561
15 2 10481 10481 9518 2487222860 1201527 1201199
6 15 10311 10307 10621 2488487246 1201230 1201291
4 13 10740 10738 6041531 2485921054 4573935 1706923
0 9 10555 10553 1982061 2489305250 1556345 1366579
0 11 10630 10628 17940038 2489200576 5672609 2704496
9 6 10643 10639 18605 2493699632 1202029 1201961
8 2 10297 10294 35052 2494074440 1203424 1203342
15 1 10487 10482 3377 2494773262 1200844 1200685
5 11 10595 10588 8883 2496768298 1283128 1201145
5 11 10596 10588 149072 2497577476 1214227 1212901
6 14 10792 10786 119251 2496408274 2493857 1210400
12 6 10880 10873 406 2499245678 1279849 1200436
13 1 10084 10076 52902 2505569910 1291101 1204835
9 2 10800 10797 2131 2508309022 1209484 1200582
15 5 10189 10182 22289 2510168638 1284196 1202271
15 3 10305 10304 1547666 2511351958 1328988 1330157
15 0 10679 10675 71 2517002484 1200485 1200409
4 15 10356 10354 133097313 2459252534 60884470 12359281
1 15 10846 10839 3369 2518918980 1267359 1200684
4 8 10440 10437 189379 2518919386 1296564 1216279
7 9 10127 10126 88888 2519380614 2493735 1207852
9 0 10180 10176 3318 2520699680 1207883 1200680
5 10 10959 10956 19853 2519466124 2486106 1202065
9 0 10181 10176 116717 2521010670 1239078 1210186
1 12 11000 10998 2640 2521174660 1200805 1200622
1 9 10405 10400 7631 2522877372 1284506 1201041
6 11 10438 10431 504259 2523220444 2565198 1242679
9 6 10644 10639 701 2524762754 1200920 1200459
15 1 10488 10482 813078 2528323532 1343557 1268572
10 0 10576 10573 18559 2529674452 1202227 1201957
5 13 10861 10858 19076669 2513553916 19080994 2799789
10 6 10892 10889 6647 2531521700 1201316 1200958
1 9 10404 10400 57483411 2498393806 35061595 6019811
10 2 10053 10051 95940 2535986716 1214121 1208443
14 0 10286 10280 1864 2536061910 1206560 1200556
4 15 10357 10354 1618 2537045984 1227210 1200537
0 11 10631 10628 1820 2540022966 1200839 1200553
14 7 10456 10450 196088 2540860188 1315013 1216843
11 7 10455 10452 322865 2544514446 1361693 1227469
14 2 10724 10719 8990924 2538842048 7065051 1954199
8 5 10249 10244 4919 2554227830 1282950 1200812
12 3 10751 10747 4334 2557666256 2647527 1200765
2 13 10355 10352 31765 2549801522 10527038 1203064
15 3 10306 10304 5659 2560577500 1283022 1200875
13 4 10631 10629 1492738 2561872024 1541003 1325552
13 4 10632 10629 1478 2621541734 1364843 1200525
12 6 10882 10873 3074 2661469440 1447293 1200661
8 1 10373 10368 984 2689047954 1528847 1200482
10 3 10162 10157 1878 2773904264 1524580 1200557
0 13 10517 10513 28 2805547762 1528748 1200406
9 0 10185 10176 1157 2844241910 1529442 1200500
10 2 10058 10051 1455 2880310286 1529052 1200524
5 11 10602 10588 77 2885422800 1528749 1200410
8 4 10588 10584 865 2921203248 1522519 1200473
10 2 10060 10051 1026 3031147536 3070096 1200489
1 13 10227 10218 1588 3076185226 1529267 1200534
11 7 10459 10452 3 3079135194 1528579 1200404
12 4 10838 10833 804 3089512900 1528715 1200468
7 13 10947 10935 443 3168162466 1528795 1200439
14 6 10953 10944 115 3183553712 1528665 1200413
15 2 10491 10481 761 3514313366 1528753 1200464
15 5 10198 10182 610 3534788024 1528723 1200452
7 14 10697 10684 1120 3602754188 1529354 1200497
11 0 10179 10163 934 3606742044 1528948 1200478
3 15 10866 10850 1034 3647309830 3059173 1200490
5 13 10874 10858 23 3761701808 1528685 1200405
15 3 10320 10304 345 3819123424 1528672 1200431
9 5 10988 10967 459 3900256168 1528760 1200440
