15 11 10637 10637 2036655 2003265846 251260 250994
5 2 10440 10440 2400 2008302845 80384 80443
5 15 10923 10923 360316 2003203355 10230625 10230611
2 0 10612 10612 170001 2014931430 34376 34416
6 3 10910 10910 410054 2021767795 114691 114622
10 2 10051 10051 8584 2014880491 10201079 10201121
6 0 10398 10398 5681326 2024650826 557468 556564
1 5 10242 10242 75972262 2019995316 6461892 6449757
10 4 10999 10999 19013 2017520495 10201957 10201997
10 11 10072 10072 417029 2029007493 90108 55127
8 10 10164 10164 85201 2038723434 27592 27306
10 7 10125 10125 12099632 2028351233 11251761 11214834
1 13 10218 10218 4185 2034913170 10275824 10200754
12 3 10747 10747 8140493 2037614610 10938586 10882900
2 5 10972 10972 7680 2050303620 80826 80885
9 13 10204 10204 3413362 2053003380 653575 366418
3 6 10890 10890 9464 2053787904 80977 81035
8 15 10521 10521 3328650 2053407330 639324 359315
12 9 10743 10743 477804 2055702524 140426 120299
14 15 10233 10233 16498284 2048355996 7963254 1403378
4 2 10375 10375 920882 2061848055 198935 157447
13 10 10074 10074 155324 2062620459 93271 93264
1 6 10137 10137 215669 2063442560 115148 98322
3 9 10020 10020 176028 2053523139 10243287 10215161
9 6 10639 10639 81859409 2038093516 33597376 17063495
9 7 10759 10759 385915 2061516066 10232815 10232755
12 2 10035 10035 54248792 2039715848 32804507 14748619
14 4 10471 10471 9247197 2061563488 10977206 10975688
0 10 10478 10477 447089 2068379785 10239980 10237887
10 11 10073 10072 13403 2082330607 21220 21286
8 0 10749 10749 237150 2075038114 10261895 10220285
9 8 10093 10093 867048 2088786609 169785 92856
5 11 10588 10588 512881 2079248976 10243670 10243400
15 12 10347 10347 8035498 2093080787 764796 693858
13 14 10510 10510 2486448 2094545379 229288 228625
15 5 10183 10182 65710 2085854282 10206045 10205910
12 2 10036 10035 10268 2086506733 10201221 10201263
15 13 10184 10184 29342 2097510209 50623 22622
12 6 10873 10873 2489344 2068271703 31277876 10409109
8 1 10368 10368 23265291 2039781866 59771121 12150964
9 3 10732 10732 33534076 2076138514 23839093 13011900
15 0 10676 10675 18233555 2091029570 11815585 11729102
7 12 10984 10984 2572 2095024553 10200689 10200617
6 12 10619 10619 23271 2095917595 10202523 10202353
7 6 10169 10169 22360 2111282793 21973 22037
5 4 10829 10829 1509858 2107620107 4619053 146747
4 6 10531 10531 8082 2113029261 20795 20841
8 13 10950 10950 2742891 2109632693 3957119 310204
5 4 10830 10829 151003 2115583407 45441 32823
10 6 10889 10889 903 2110505624 10200570 10200476
0 13 10513 10513 46725 2110933800 10219316 10204318
1 13 10219 10218 3591643 2093282471 31616641 10501524
2 10 10400 10400 136809 2118512610 10211900 10211870
10 4 11000 10999 41973 2119108596 10204178 10203919
7 9 10126 10126 10799 2119345696 10202281 10201306
11 1 10391 10391 85931 2121846185 10207761 10207604
0 14 10952 10952 3069378 2121932232 10460443 10457739
2 5 10973 10972 12788 2136098725 81408 81312
14 3 10113 10113 7416 2131256249 10211320 10201024
12 6 10874 10873 786753 2131742230 10337695 10266362
7 5 10416 10416 807077 2145127571 87960 87828
2 3 10524 10524 117806139 2141596018 9915811 9897030
7 12 10985 10984 278086 2145886989 10224452 10223718
5 6 10228 10228 479446 2156568138 100571 60358
8 9 10793 10793 222860413 2132483204 25384481 18704779
11 13 10992 10992 3830585 2157186265 1471314 401397
5 3 10880 10880 588594 2159728765 142218 129589
9 11 10078 10078 5436 2165700498 20551 20617
15 14 10609 10609 6966281 2167347748 655317 604215
4 12 10284 10284 4313400 2157448857 10609477 10562037
12 13 10498 10497 63556 2170181441 32188 25490
6 15 10307 10307 2409389 2163365479 10414944 10402405
7 6 10170 10169 221118 2174770686 39796 38701
6 3 10911 10910 38145463 2171984834 3294312 3278357
3 12 10238 10238 165927 2165598941 10214684 10214311
12 13 10497 10497 18945315 2094165551 81825365 1608537
14 1 10546 10546 30002 2167157011 10205357 10202919
13 9 10231 10231 73527672 2122693429 55091675 6244801
10 1 10755 10755 225966 2168219747 10234938 10219345
11 0 10163 10163 46040 2159264219 20492082 10204263
5 13 10858 10858 197503458 2091969557 94497286 26759092
12 15 10831 10830 221258 2186846003 79109 38713
7 3 10276 10276 1232983 2187475738 307856 183613
7 6 10172 10169 16551 2188748630 23169 21549
10 11 10074 10072 2433440 2184071288 5123953 224181
14 9 10847 10847 11898567 2190021544 1272699 1077817
0 15 10916 10916 2868068 2181635487 10473037 10440862
8 1 10369 10368 6906262 2171555987 21472387 10779423
12 13 10499 10497 814700 2193122561 203387 88465
7 0 10447 10447 47803332 2156847863 37214311 4088073
12 2 10037 10035 33984 2183957319 10229313 10203249
4 14 10639 10639 351683 2187110067 10230477 10229886
10 3 10157 10157 118544 2188378900 10215345 10210340
4 7 10039 10039 8064673 2192457834 6825500 696303
15 1 10482 10482 189569 2185474009 20513147 10216295
6 11 10431 10431 994502 2196105582 10312488 10283780
13 8 10328 10328 442565 2207966915 121292 117346
3 0 10069 10069 2259560 2204612507 4889951 209603
8 3 10232 10232 469645 2199626371 10259684 10239776
8 11 10745 10745 52173 2218953068 27586 24537
11 2 10913 10913 10722 2210509442 10201683 10201300
8 5 10244 10244 2199320 2202146835 20686872 10384793
10 8 10997 10997 166149 2224236475 35171 34093
15 11 10638 10637 5881909 2218163321 8505347 573379
13 14 10511 10510 121577 2232144272 30906 30354
9 8 10094 10093 24223064 2235375622 2130697 2051025
2 11 10891 10891 25643544 2227048510 12431390 12350356
4 3 10760 10760 9848187 2239940280 1153423 905915
1 15 10839 10839 5611 2223234876 20574672 10200871
13 12 10223 10223 116362 2244281864 30667 29918
12 15 10830 10830 214676070 2121205394 124083040 18018605
5 2 10441 10440 286399 2247554577 110268 104254
1 7 10804 10804 35595 2247615316 83321 83225
3 14 10902 10902 29065781 2222974335 25051024 12637275
3 4 10192 10192 130366 2253266277 98113 91172
1 10 10129 10129 96649698 2219929877 34605279 18303511
15 9 10695 10695 87763147 2201273618 54427988 7438305
7 11 10760 10760 45870 2248070707 10206747 10204246
0 7 10768 10768 87892 2258625415 87705 87609
15 14 10610 10609 5985068 2251484793 8653642 521951
1 8 10156 10156 350092 2250056523 10230305 10229755
14 9 10848 10847 155996 2262776655 98838 93318
12 11 10983 10983 142196115 2173359192 90785054 12001965
1 5 10243 10242 25903 2265666746 82560 82412
15 8 10413 10413 1157933 2269429983 274643 177321
14 6 10944 10944 236662 2260057054 10229714 10220243
14 12 10344 10344 983737 2274670060 116899 102637
7 1 10226 10226 7173804 2267373702 9076590 681692
3 5 10663 10663 1307 2276892550 80342 80352
4 11 10720 10720 180094026 2203323542 74934437 25299486
4 14 10640 10639 236985752 2201817665 78857954 30069286
5 7 10893 10893 99185034 2271323512 11454782 8335836
14 0 10280 10280 13116 2274824279 10202098 10201503
12 2 10038 10035 3625 2277069088 10201076 10200705
3 15 10850 10850 24965 2283060272 10268000 10202493
3 5 10664 10663 2007524 2307988474 440842 248552
12 8 10979 10979 1882835 2308561663 482984 238097
9 6 10640 10639 2017 2299946037 10200858 10200572
4 7 10040 10039 264163 2310157428 64481 42310
2 5 10974 10972 35088 2311166393 84216 83185
12 14 10163 10163 951358 2323939574 268894 99924
0 3 10798 10798 44619 2328703433 24192 23902
8 11 10746 10745 15989 2344468144 22724 21500
11 2 10915 10913 2937 2334820127 10322968 10200646
6 2 10684 10684 41646 2358691766 171538 83732
14 13 10599 10598 622446 2360485801 120976 72348
7 4 10556 10556 3790 2379086361 21309 20478
14 13 10600 10598 40185 2379816669 52274 23532
0 1 10394 10394 7196 2380109796 20784 20766
5 7 10894 10893 9206 2386704940 21254 20934
12 11 10985 10983 235867 2388264575 286495 100015
2 6 10292 10292 2906415 2389354564 443036 323916
0 7 10769 10768 1625 2391024459 147928 80377
1 7 10805 10804 2491854 2390769156 2651907 289157
3 2 10525 10525 7140 2398222729 22730 20761
0 2 10783 10783 11393 2403598831 21167 21117
13 10 10075 10074 3382178 2404697597 6823200 363804
12 13 10500 10497 52876 2440857290 31870 24593
6 1 10814 10814 1712602 2443525082 445266 223826
15 12 10348 10347 252356 2470044320 151023 41320
0 2 10784 10783 9406 2475873189 21925 20950
15 11 10639 10637 25698549 2290721218 186852878 2234808
4 0 10266 10266 7014226 2416751640 77250984 668315
9 11 10079 10078 1627342 2501062087 309890 156598
15 12 10349 10347 3554974 2504297701 1584870 318209
0 4 10911 10911 93243 2508982947 98323 88060
0 5 10198 10197 470439 2510371223 170796 119683
0 5 10197 10197 30238328 2355296324 165247278 2615424
0 1 10395 10394 9880100 2515230277 12237724 848511
3 1 10949 10949 32464642 2488225894 43556443 2741996
15 13 10185 10184 271998 2555025092 157192 42964
2 3 10525 10524 1423 2559438508 20268 20281
1 5 10244 10242 27471 2559527138 166758 82545
1 4 10016 10016 2896532 2563450357 2582942 323087
14 13 10598 10598 382150917 2068871464 497667770 32059693
11 8 10687 10687 3877 2584698985 21344 20485
5 6 10230 10228 142432246 2361856655 228470358 11961682
7 2 10189 10187 8754 2593807445 167111 80974
4 2 10376 10375 3177576 2566578489 42697526 346649
4 3 10761 10760 250125 2613507217 1907490 101213
4 7 10041 10039 5498 2626803526 21513 20622
12 13 10501 10497 754134 2629038440 215875 83389
7 5 10417 10416 26164 2661727704 29549 22356
0 1 10396 10394 6797763 2693012570 4303789 590085
3 2 10526 10525 64237 2711266279 47926 25548
15 13 10186 10184 195127 2721626330 118674 36522
13 12 10224 10223 15857338 2668754402 66627688 1349641
15 13 10187 10184 100196 2753767432 130426 28563
6 4 10482 10482 144590 2754010283 46363 32284
15 12 10350 10347 21933380 2749274734 11084282 1859056
12 14 10164 10163 782783 2786980785 291792 85789
0 1 10397 10394 29624 2808919582 27539 22645
12 14 10165 10163 2184 2818021789 20820 20346
1 3 10606 10606 377150 2832562775 85738 51783
11 10 10530 10530 1857337 2853270034 656294 175881
12 13 10502 10497 18663981 2757879281 98024258 1584948
11 10 10531 10530 1314211 2865431903 474488 130346
5 4 10831 10829 84911 2872061243 30341 27279
5 6 10231 10228 4282 2888136551 20747 20521
0 3 10799 10798 464787 2898167418 98202 59128
8 10 10165 10164 24166124 2917148942 10354380 2046251
15 12 10351 10347 1626 2944383422 20990 20297
1 4 10017 10016 8525 2951158372 656857 80956
10 11 10075 10072 1063335 2964277084 424506 109312
5 4 10832 10829 2691 2967249119 20617 20386
4 7 10042 10039 15231 2969350303 29479 21439
9 11 10080 10078 97283676 2713633144 263546600 8176424
15 14 10611 10609 34699 2977306891 40675 23070
5 6 10229 10228 593710869 2227443995 765155133 6847206
