                2034
5 15 3 90079 2.001601676
15 5 3 509163 2.001632922
5 9 3 600 2.004151420
10 1 3 2146 2.007440244
2 8 3 42500 2.007465714
10 2 3 4753 2.008760246
1 10 3 18993065 2.009997658
6 9 3 102513 2.010883896
6 8 3 1420331 2.012325410
15 0 3 379033189 2.012896136
10 3 3 3024908 2.014175614
10 5 3 31369 2.014503744
1 10 3 242214 2.017456584
12 6 3 1046 2.018807304
9 6 3 18411491 2.019046758
8 6 3 6654 2.019361716
9 0 3 6646 2.020097376
15 5 3 21300 2.020892212
9 1 3 13562198 2.023747362
0 12 3 40809628 2.024133244
14 1 3 3643401 2.024177998
14 2 3 3093 2.024767384
2 13 3 69513 2.025151808
3 15 3 4124571 2.026761568
4 10 3 1920 2.030924026
0 14 3 853340 2.030945976
13 7 3 832162 2.031310228
9 4 3 44007 2.031740700
9 3 3 2366 2.031873082
3 12 3 119451 2.033365314
9 5 3 488 2.034313956
0 11 3 96478 2.035202318
2 10 3 2311799 2.035208454
2 9 3 230220 2.038862442
8 5 3 38831 2.039010236
5 11 3 53917 2.039624484
3 11 3 622336 2.039649902
10 5 3 111772 2.041165300
13 6 3 95537729 2.042125620
0 8 3 59287 2.042513542
12 1 3 8383519 2.043004470
0 13 3 128220 2.045854784
7 10 3 1588390271 2.047512276
12 5 3 3350 2.047899310
6 10 3 16427 2.047958794
14 6 3 51538141 2.048724762
3 9 3 2567 2.048767416
1 12 3 216762 2.049032818
14 0 3 4558388 2.050153968
6 14 3 49375864 2.050546438
14 7 3 52727 2.051179576
0 8 3 63999 2.052215074
3 14 3 4736328 2.052596824
14 7 3 621612 2.053394286
5 14 3 643 2.054544438
8 6 3 5817 2.054972696
6 14 3 7335 2.058371712
11 2 3 377464 2.060923092
7 14 3 685722 2.061468322
12 3 3 225 2.061986818
10 6 3 11681 2.062442306
5 11 3 5590 2.062673558
3 11 3 2020 2.063675560
2 10 3 37750 2.064453044
11 5 3 34202 2.064904742
4 13 3 28458 2.065028520
12 5 3 971546448 2.066288304
5 12 3 2160 2.066705008
14 7 3 1235567 2.067468310
10 4 3 13754507 2.067941522
5 15 3 767344 2.068569326
0 12 3 18381918 2.069426222
12 1 3 1854 2.070236814
7 11 3 196688 2.072893576
13 6 3 91568 2.073318012
7 12 3 55715103 2.073435064
11 0 3 103842919 2.073697798
14 2 3 3197 2.077753356
13 1 3 29451534 2.079739988
14 2 3 201769 2.080502002
14 6 3 69521 2.080881710
2 11 3 119861 2.084945408
3 8 3 11950833 2.085885358
14 6 3 957646 2.086362146
2 14 3 1078350 2.086525720
5 8 3 11510 2.087373998
14 1 3 147148 2.087401122
1 15 3 602347 2.087489762
9 6 3 41481 2.087778598
12 5 3 1359 2.088187194
8 0 3 7500 2.088696638
4 15 3 1741570 2.089584094
1 13 3 4068882 2.091799438
11 0 3 2039 2.092375914
11 0 3 1726565 2.092913128
7 11 3 51806562 2.092971454
6 12 3 3629075 2.093290480
3 11 3 238 2.094846768
6 8 3 120712 2.095275596
4 11 3 892850376 2.098647224
1 9 3 8496 2.099725208
8 5 3 608360 2.100128904
11 0 3 47392 2.101030032
1 15 3 55314 2.101169550
2 15 3 87920 2.101356324
8 1 3 308245 2.102282710
8 1 3 29636 2.102919156
6 11 3 4137 2.102957528
10 4 3 2974641 2.103052814
2 11 3 2016168 2.104030206
1 14 3 203675 2.104307828
7 13 3 248625 2.105031828
4 9 3 117411 2.106047432
9 7 3 159063 2.107285380
4 8 3 2546682 2.107307664
2 15 3 59246438 2.108710120
11 2 3 549830 2.108929836
15 5 3 45023506 2.110238194
0 8 3 564890 2.112062964
4 12 3 110641 2.112455196
5 9 3 2680 2.112996608
9 5 3 1470477 2.115730230
11 5 3 13043 2.117332952
8 5 3 24162424 2.120847942
0 15 3 7266445 2.121243878
14 7 3 1402 2.121258736
13 5 3 15694 2.122466234
8 2 3 43811 2.122500440
12 6 3 9032 2.123024756
4 12 3 90180 2.124543874
2 12 3 6055766 2.126710476
15 1 3 2462046 2.128546562
3 13 3 19763 2.129962760
4 14 3 29090 2.132006862
13 1 3 71599 2.132390000
9 3 3 8898 2.132390966
6 13 3 11467 2.132618566
14 4 3 87523 2.133448956
9 7 3 83078 2.133611568
0 10 3 32591 2.136389848
8 3 3 21973 2.136532020
2 15 3 684725 2.136992280
10 5 3 90478 2.138070568
2 10 3 6475 2.138352080
14 0 3 1793451 2.141254066
10 4 3 289483 2.141354872
6 11 3 24796258 2.142270062
9 7 3 48984 2.142584162
9 5 3 56 2.142661270
2 10 3 326 2.143546608
13 1 3 906 2.144274466
1 14 3 26149878 2.146281090
2 15 3 6241 2.146973046
12 3 3 922855 2.148037330
15 6 3 31896146 2.148933828
11 5 3 6424637 2.150851640
13 5 3 168757815 2.151192838
5 12 3 200569 2.151358790
10 0 3 40680 2.152000488
2 13 3 20595292 2.153226300
12 4 3 516560 2.153537722
0 11 3 277 2.153897366
0 12 3 892808 2.154520238
5 11 3 39402962 2.154616706
5 14 3 69542892 2.157229498
0 10 3 501881 2.157820244
4 12 3 470708 2.159258828
13 3 3 66040 2.160020752
1 10 3 8772 2.161002396
13 6 3 4036 2.161086070
14 0 3 6370219 2.161429944
9 4 3 2588150 2.161979300
4 8 3 7806 2.162894222
4 14 3 90519 2.164441804
7 13 3 45597 2.165123358
14 1 3 165112910 2.165483504
11 1 3 11154 2.166371474
15 0 3 4520376 2.168737862
10 0 3 48835 2.169066630
14 3 3 403 2.169472628
10 5 3 1258 2.171507966
8 0 3 988 2.171571028
7 13 3 27934 2.172453238
0 10 3 859683 2.174135784
14 3 3 50161868 2.174361846
15 5 3 3997 2.174727458
7 12 3 71593 2.176130550
5 13 3 4511255 2.176442438
9 4 3 9206 2.177510760
11 1 3 26331 2.179667918
4 10 3 7062463 2.179699948
14 2 3 7559582 2.180021996
5 9 3 10411 2.182112536
12 6 3 155611 2.183808724
7 11 3 35608061 2.186686524
6 14 3 649348 2.187536632
7 15 3 18124607 2.187687344
15 5 3 2550 2.188709540
1 9 3 32907038 2.189405580
7 10 3 64715138 2.190263836
14 7 3 9559 2.192428732
1 10 3 947 2.192740622
6 8 3 223526359 2.192742014
12 6 3 10046 2.193474158
9 0 3 1799 2.194282048
15 5 3 362749433 2.194518250
4 11 3 2301 2.196549426
11 5 3 58966 2.196572272
2 10 3 17825 2.197574290
6 15 3 12912 2.197624202
6 11 3 726603 2.198338482
14 3 3 622963 2.198646672
9 3 3 406 2.199739378
5 14 3 237680670 2.200238658
8 7 3 37086 2.200375622
15 1 3 454916 2.201046926
5 9 3 1785 2.202062964
2 12 3 382546 2.202964878
0 9 3 2848 2.204963176
9 7 3 520540 2.206026564
9 5 3 845544 2.209169910
11 7 3 63857395 2.210715510
13 2 3 83010 2.213317858
10 0 3 1753556 2.214404224
11 0 3 2065549 2.214479608
13 1 3 7419902 2.216809652
11 4 3 14721374 2.218043798
13 2 3 95377 2.219295406
8 2 3 18096 2.224666156
11 3 3 369474 2.226705122
4 14 3 13219 2.227088292
5 8 3 428150 2.227830410
2 15 3 87981 2.228889856
15 1 3 372126540 2.230018082
7 10 3 590268671 2.230961656
8 3 3 2003 2.231598888
6 15 3 37797 2.232187006
6 15 3 52459 2.234227346
3 10 3 9228 2.235236518
2 12 3 60 2.236024618
11 6 3 29717 2.236765076
0 14 3 849183 2.237517030
1 9 3 97506586 2.237604346
12 6 3 122579085 2.238596520
15 4 3 2982 2.239304750
10 6 3 7398 2.239320084
3 14 3 63089 2.239617092
15 7 3 1696815 2.240998220
13 1 3 61575 2.241279130
12 7 3 459292 2.241708532
3 8 3 1476 2.245826764
9 2 3 16166640 2.246834544
10 3 3 162448 2.247703398
4 13 3 158 2.248897510
5 9 3 341 2.249272838
9 6 3 19477 2.249288178
15 4 3 13744 2.249451576
2 8 3 8116160 2.250014702
2 14 3 22212 2.251476404
7 10 3 1184510 2.252939722
2 15 3 151444 2.255433568
4 11 3 47361559 2.255518232
5 13 3 116028 2.256956762
10 5 3 406835 2.258620416
2 8 3 1856227 2.259682950
10 6 3 888743 2.259913422
6 9 3 22736672 2.261817052
3 10 3 23310 2.262381642
9 2 3 117609 2.262401016
3 12 3 422241 2.263075780
9 5 3 26116814 2.264830542
8 0 3 2470025 2.266268342
15 0 3 12696 2.267772618
2 12 3 2928 2.268651934
11 7 3 156404 2.274297364
13 7 3 5840014 2.274361764
12 7 3 2920912 2.275385220
14 2 3 356858 2.276027674
3 13 3 121970 2.280371520
13 3 3 15020 2.280942286
6 13 3 51165 2.281691638
2 12 3 15072377 2.283728882
6 11 3 4838137 2.284244350
10 2 3 64011 2.285277116
3 9 3 355 2.285474670
6 10 3 6867 2.286788620
13 2 3 724133 2.287139376
0 15 3 2248308 2.287514594
6 9 3 794394 2.288750228
5 10 3 11174 2.292282172
13 1 3 29675566 2.294187444
4 9 3 325996 2.294333122
4 15 3 941731 2.294948320
1 13 3 3557 2.295788498
11 4 3 28328 2.296377082
6 12 3 31083 2.296807318
3 12 3 13500293 2.301533034
0 12 3 969 2.302232936
12 3 3 7754 2.303298132
2 14 3 50354 2.303336098
11 0 3 32192 2.303610826
13 7 3 21341 2.304496834
11 1 3 2188 2.304660296
5 15 3 1302968 2.304796394
0 15 3 482688 2.306935790
15 7 3 8405043 2.307807338
4 8 3 188630 2.308173592
15 3 3 15542 2.308259790
7 11 3 1804 2.309152886
5 15 3 61992 2.310467100
13 1 3 25328633 2.315937536
7 10 3 15647112 2.316531514
3 14 3 30438 2.316940306
9 1 3 66101 2.319214428
7 9 3 1585750 2.323179668
5 8 3 793 2.325191614
13 0 3 260356069 2.325385002
9 3 3 1374 2.326636342
1 14 3 188533 2.328446346
15 0 3 18860237 2.329539254
8 7 3 691422 2.329598658
1 9 3 265317 2.330364212
1 15 3 25653 2.330950208
1 14 3 4980 2.333163200
8 6 3 141969 2.334209360
5 8 3 943 2.335718862
14 6 3 18708 2.336193324
0 15 3 52068 2.337695794
11 4 3 46374 2.338620424
0 12 3 12285 2.339224094
9 3 3 40587174 2.339724324
11 5 3 19406942 2.340707476
8 6 3 12931 2.340811726
0 15 3 10144005 2.341938860
5 9 3 14679 2.342807996
2 10 3 6541 2.342957378
9 1 3 19561 2.343486522
4 10 3 121164931 2.344815092
5 14 3 3964334 2.345941874
3 15 3 10821 2.346511820
8 5 3 3389909 2.346715750
7 8 3 294889 2.347394464
5 12 3 2013704 2.347854462
0 14 3 281112300 2.349177372
2 12 3 1041314136 2.352693624
11 4 3 15253 2.353303160
0 8 3 23068 2.353619582
2 14 3 27118634 2.353916556
5 8 3 1699440 2.358775258
4 10 3 2673215 2.362465324
14 7 3 916 2.363451316
12 4 3 819589 2.364637502
10 1 3 16059 2.366626758
8 3 3 267 2.367147158
15 5 3 24320919 2.367239556
3 9 3 754794928 2.368181470
8 6 3 48781 2.368279414
6 14 3 14095 2.370432462
14 0 3 49009 2.373642462
8 1 3 17803 2.373785800
11 5 3 3967595 2.374724786
3 11 3 9437268 2.376285416
5 8 3 1841 2.376653372
8 1 3 1509 2.379956502
6 11 3 11300 2.380033304
13 7 3 12915159 2.384200402
5 11 3 88508165 2.384971188
3 10 3 60200 2.386659766
14 6 3 5483345 2.387327216
12 6 3 1594832 2.387475374
12 0 3 10051 2.389458300
5 14 3 25049 2.391354892
7 10 3 36147 2.391547052
3 15 3 5334 2.391705770
9 6 3 4665995 2.392933534
4 12 3 209589 2.394409106
12 3 3 197198186 2.394545710
5 11 3 17478 2.395132494
14 3 3 8922 2.395423520
13 5 3 9415 2.396968284
13 2 3 9602 2.397445856
0 10 3 576 2.397541670
9 0 3 108673772 2.399614422
2 15 3 457910 2.400865914
15 7 3 13928 2.401860976
13 1 3 16434 2.402239018
11 5 3 153013476 2.402328192
11 2 3 8939 2.402897948
8 2 3 616634 2.403344966
14 1 3 30914 2.404609170
0 15 3 195695 2.405411532
8 5 3 7617365 2.409938426
6 8 3 55949 2.411253364
5 11 3 76298 2.413034710
6 15 3 3545488 2.413333162
8 1 3 6300384 2.415816952
7 15 3 176389 2.418115046
9 0 3 7406 2.419008210
0 10 3 11580573 2.420932034
2 12 3 15310812 2.422882534
1 15 3 546 2.422995920
0 12 3 26235 2.423198952
11 1 3 790 2.424707874
1 12 3 411829 2.425466796
5 11 3 140698 2.425997444
2 11 3 121 2.426746936
6 14 3 293044 2.428495280
2 14 3 66627938 2.429276650
5 14 3 2002645 2.429279898
0 9 3 94287 2.429902778
1 8 3 21957588 2.431734094
11 3 3 5647035 2.431748246
5 10 3 239652 2.433530480
8 4 3 389031 2.433816446
12 2 3 8177 2.434350804
12 2 3 25412066 2.435522058
11 0 3 28301 2.438784908
5 13 3 25774 2.441162424
14 0 3 57221 2.442994264
13 5 3 66865137 2.447113300
9 2 3 41905932 2.447484176
2 10 3 514997 2.448679916
3 8 3 134842 2.449331540
7 8 3 348995 2.450437346
12 6 3 365638 2.450636974
1 14 3 26533 2.450973188
13 4 3 31151 2.456086758
4 10 3 21227 2.456283126
13 0 3 26385575 2.456633560
6 14 3 10115 2.457900318
14 0 3 28860 2.458275604
15 1 3 922199 2.459039440
4 15 3 133097313 2.459252534
8 4 3 2253 2.460514212
3 9 3 30464 2.461134468
3 15 3 150110526 2.461239484
2 13 3 40801 2.461635336
4 11 3 1070 2.461770342
5 9 3 22948 2.465851124
14 4 3 7203482 2.466293094
2 14 3 2428 2.466658154
6 11 3 32277 2.468913832
2 15 3 11942266 2.470764688
10 7 3 124591 2.471020502
1 8 3 480 2.471156364
1 15 3 155838 2.471566772
9 3 3 278011 2.475287888
13 0 3 23918 2.479252268
15 1 3 1934 2.480222264
9 4 3 35691 2.480914096
13 2 3 2012 2.481549834
6 11 3 370633 2.484004360
4 13 3 6041531 2.485921054
13 6 3 61537 2.486622572
15 2 3 9518 2.487222860
6 15 3 10621 2.488487246
0 11 3 17940038 2.489200576
0 9 3 1982061 2.489305250
9 6 3 18605 2.493699632
8 2 3 35052 2.494074440
15 1 3 3377 2.494773262
13 4 3 2147150109 2.495057788
5 10 3 831456135 2.495412892
3 15 3 2233 2.495795236
6 14 3 119251 2.496408274
5 11 3 8883 2.496768298
5 11 3 149072 2.497577476
1 9 3 57483411 2.498393806
12 6 3 406 2.499245678
13 1 3 52902 2.505569910
7 11 3 1131 2.506096294
9 2 3 2131 2.508309022
15 5 3 22289 2.510168638
15 3 3 1547666 2.511351958
5 13 3 19076669 2.513553916
1 15 3 99423330 2.514059966
12 5 3 265833 2.515707412
12 6 3 678 2.515884822
1 15 3 132268786 2.515982908
15 0 3 71 2.517002484
1 15 3 3369 2.518918980
4 8 3 189379 2.518919386
7 9 3 88888 2.519380614
5 10 3 19853 2.519466124
9 0 3 3318 2.520699680
9 0 3 116717 2.521010670
1 12 3 2640 2.521174660
9 5 3 302173764 2.522060156
1 9 3 7631 2.522877372
6 11 3 504259 2.523220444
9 6 3 701 2.524762754
15 1 3 813078 2.528323532
10 0 3 18559 2.529674452
10 6 3 6647 2.531521700
10 2 3 95940 2.535986716
14 0 3 1864 2.536061910
4 15 3 1618 2.537045984
14 2 3 8990924 2.538842048
11 7 3 1884458693 2.539938964
0 11 3 1820 2.540022966
14 7 3 196088 2.540860188
4 11 3 127720424 2.541164862
7 13 3 5646156 2.542344086
1 13 3 448212231 2.542504056
8 4 3 616050 2.543674702
11 7 3 322865 2.544514446
7 9 3 757799 2.548752460
2 13 3 31765 2.549801522
5 10 3 2062 2.550391900
5 8 3 62621 2.553721106
8 5 3 4919 2.554227830
2 13 3 19637 2.554352104
10 2 3 1842739 2.554618154
10 7 3 98401472 2.556731796
6 15 3 1122461 2.557130428
1 14 3 60985 2.557605962
12 3 3 4334 2.557666256
10 5 3 51392702 2.558744228
7 15 3 2469220 2.560436716
15 3 3 5659 2.560577500
9 2 3 261577 2.560668392
13 4 3 1492738 2.561872024
9 7 3 430376 2.562531778
5 11 3 107413 2.563468070
0 12 3 17179190 2.564600326
9 1 3 3984701 2.564639158
9 6 3 4501336 2.565808674
9 1 3 174980806 2.566543404
6 12 3 154387 2.567003534
6 13 3 330950 2.568194914
1 11 3 118458 2.568861012
13 3 3 127206 2.569107548
15 2 3 43978 2.569888424
4 10 3 11460 2.571106924
9 0 3 167077411 2.571714638
9 0 3 635228176 2.572424300
0 10 3 1530849 2.573144088
3 13 3 58775 2.574611240
12 5 3 209308833 2.574832486
7 8 3 871741 2.576116780
15 0 3 26168404 2.577420386
11 7 3 1340408 2.578741112
8 7 3 217606493 2.580805700
7 11 3 705 2.581194448
0 11 3 14772 2.581302060
8 7 3 2028 2.581358276
11 1 3 15861680 2.583126442
14 6 3 3679062 2.584840890
10 5 3 3509 2.589504962
5 10 3 9433 2.589665364
0 8 3 9865846 2.590126414
12 2 3 1739 2.590371518
3 9 3 943006 2.590545730
7 10 3 88354343 2.591962106
6 8 3 1243 2.592991298
2 12 3 15018016 2.593019198
11 7 3 1825 2.593519000
4 9 3 26304 2.595340602
0 9 3 1794695 2.596223726
15 5 3 29258 2.597358870
4 12 3 444043 2.597618266
10 4 3 2016555 2.597808374
12 2 3 183374 2.598335738
4 11 3 944691 2.598437292
15 5 3 12570437 2.598532522
2 8 3 470972 2.599838552
2 8 3 13148185 2.600931830
14 5 3 3456 2.602264908
9 1 3 487 2.602611032
7 10 3 3891236 2.602732970
10 5 3 1900 2.603337764
12 4 3 61968558 2.603370590
10 3 3 641126 2.603954694
7 8 3 841476 2.603970808
0 9 3 1098166 2.604905508
10 1 3 7460 2.608410192
10 1 3 109780 2.608598320
5 8 3 31067 2.608696190
15 7 3 27405886 2.609189990
7 10 3 56232 2.610159026
10 3 3 109969238 2.610886042
12 7 3 33185 2.611382180
0 12 3 255336 2.614451504
9 3 3 35748 2.614474608
4 14 3 274846 2.615088134
2 13 3 1964 2.615481618
12 1 3 559483 2.617539380
2 10 3 3815372 2.617900132
8 0 3 688 2.618733372
4 11 3 9198 2.620858014
12 4 3 283062 2.620933046
10 2 3 14599914 2.621388752
1 12 3 237085 2.621501088
13 4 3 1478 2.621541734
13 7 3 171545 2.621621882
15 5 3 228617 2.622507634
13 0 3 1199326 2.623379026
2 11 3 1362 2.624121594
4 8 3 15515 2.624130818
4 11 3 2004 2.624332602
10 4 3 14417376 2.626170388
9 6 3 5362079 2.627266068
13 1 3 5371 2.628881700
4 9 3 27936 2.629204788
8 2 3 111878 2.629578076
15 0 3 173404 2.629707960
0 15 3 28669 2.629915200
4 12 3 21838 2.630192386
10 2 3 183360 2.630475436
13 0 3 26004 2.631331996
11 3 3 2677 2.632069248
10 3 3 357853 2.633232490
9 5 3 42555898 2.633763450
7 13 3 56760 2.634571042
3 14 3 1633560 2.634798618
1 11 3 110283 2.634996204
5 9 3 5911106 2.635149574
14 6 3 61174834 2.636611180
1 14 3 110980 2.638770142
1 13 3 1610295 2.638972802
1 15 3 879438 2.641534056
11 6 3 36940352 2.641646224
15 4 3 1158323 2.644300492
6 15 3 404 2.644695996
8 6 3 21699 2.647899856
14 2 3 101827 2.648064022
15 6 3 1600753 2.649461982
1 15 3 9397 2.649717414
1 8 3 62246 2.650199888
10 6 3 270769 2.650924668
11 5 3 380 2.651852960
0 11 3 171916 2.653586368
13 5 3 17535453 2.653889030
14 7 3 4610 2.657460606
5 8 3 21980 2.657871992
5 15 3 2176180 2.658196016
2 11 3 58250114 2.659451334
12 6 3 3074 2.661469440
12 0 3 2684 2.663540194
15 0 3 12222 2.665274558
0 15 3 1006101 2.666084868
14 7 3 160816839 2.666691046
1 8 3 22484 2.666891184
8 3 3 280682 2.668517716
8 5 3 266 2.669830206
7 8 3 123600 2.671903878
1 12 3 7632 2.672437808
9 6 3 22683 2.672752836
7 11 3 18599495 2.672828476
0 13 3 1491 2.674929842
0 13 3 10210 2.676443352
2 11 3 1512617 2.676792338
14 4 3 30380 2.676990552
8 7 3 27604 2.677079848
2 12 3 861738 2.677532152
7 14 3 6203268 2.678129962
6 11 3 29866 2.678507366
1 8 3 6468529 2.680817118
8 5 3 11977247 2.681477410
12 5 3 15842 2.682517602
5 11 3 6881830 2.683592894
4 14 3 219618 2.685098214
1 13 3 30347 2.686311232
8 5 3 1008268 2.686864600
13 3 3 182239 2.687677092
0 14 3 56122 2.688062458
8 1 3 984 2.689047954
12 7 3 178083071 2.690281752
0 12 3 5579 2.695568860
3 13 3 248306639 2.697327640
5 10 3 14819 2.697480008
6 10 3 51377 2.697928738
0 10 3 8533261 2.697981308
15 6 3 7643 2.698260274
14 4 3 176713 2.699639024
6 9 3 4684 2.699745648
2 15 3 130679 2.699822804
14 4 3 24989650 2.699951564
15 1 3 1136248 2.700618932
1 8 3 65453 2.703439576
1 15 3 105986 2.705331392
7 14 3 31031 2.705869100
2 13 3 194 2.705992094
15 2 3 316667149 2.706005964
0 13 3 147801402 2.709906794
5 11 3 30057706 2.712791570
7 12 3 6182 2.714714186
1 12 3 795168 2.715963188
2 13 3 13884 2.717117308
4 9 3 9755 2.718260368
2 11 3 2410505 2.719013462
14 3 3 7854906 2.719389974
12 1 3 11438 2.720334076
15 3 3 6290 2.721095130
7 10 3 32959236 2.722268718
0 11 3 114524 2.723305618
3 14 3 14553 2.726097648
14 0 3 2468 2.727424656
12 7 3 30376 2.727863472
3 9 3 1529205 2.728305388
13 1 3 32363 2.732152990
3 8 3 2007 2.733175708
1 8 3 49825 2.733202062
5 11 3 44244305 2.733304678
15 3 3 2056588159 2.733307304
0 10 3 30875 2.735395296
13 6 3 201653848 2.735772862
11 6 3 501861 2.736444874
7 14 3 1629989 2.739272658
4 10 3 1524655 2.739633608
15 2 3 3803449 2.739923950
12 4 3 1791 2.740089854
9 0 3 902 2.740491324
15 2 3 412 2.741120996
8 5 3 108816 2.741282204
4 10 3 2312473 2.742118274
0 10 3 8120126 2.742286362
2 15 3 1517210 2.742952198
12 7 3 14268 2.743836912
5 15 3 728 2.745766396
1 10 3 140966300 2.746087794
3 14 3 39416819 2.747040992
1 14 3 1693 2.747068024
4 8 3 1044073278 2.748000600
13 4 3 424473 2.748252660
8 5 3 203908 2.749410718
11 1 3 252619 2.750448618
4 15 3 75867 2.751274328
9 5 3 1487781 2.752326958
0 8 3 1358129 2.753401126
6 10 3 502479548 2.754220892
13 6 3 2566 2.757655500
2 9 3 988804 2.760880748
2 15 3 134661345 2.761693244
0 10 3 3901835 2.763526322
4 15 3 168018 2.765645684
10 2 3 404651 2.767140426
15 2 3 244919 2.768476138
2 13 3 203807 2.770517178
4 13 3 79647 2.771718810
3 10 3 136640 2.773634672
10 3 3 1878 2.773904264
6 14 3 53230368 2.774322122
7 14 3 2167967 2.774609912
11 4 3 1837842 2.775482842
15 3 3 90187 2.776425770
5 11 3 11147 2.776709712
7 14 3 279995 2.776759008
14 6 3 398550 2.777138952
1 13 3 2859139 2.777897044
14 1 3 128465219 2.778030644
15 4 3 22473 2.779812918
4 10 3 3882 2.781267690
5 9 3 19210 2.781653418
10 1 3 16498458 2.782528966
5 10 3 307413 2.783288386
1 10 3 7539 2.785656636
12 7 3 2107062 2.785782628
12 1 3 913 2.785977426
6 15 3 18211 2.786141930
3 8 3 1049266093 2.787609154
11 5 3 13536605 2.788065608
9 5 3 3750 2.790021386
10 5 3 981557 2.792112286
4 10 3 4945 2.792165278
8 1 3 27519 2.792470638
11 2 3 34330 2.794262208
9 3 3 105716 2.794782120
5 15 3 1465 2.795047294
7 11 3 77501 2.796850496
9 7 3 1984380 2.798243566
15 0 3 4039 2.799949030
12 1 3 6889 2.800022466
11 2 3 66480013 2.800364648
2 14 3 24013 2.801108536
6 13 3 790166 2.802219356
0 14 3 4997379 2.804200876
2 11 3 400628094 2.804418264
0 10 3 63497152 2.805421356
0 13 3 28 2.805547762
4 15 3 3895 2.805775138
13 6 3 185563562 2.807054554
5 12 3 84992 2.809075036
3 11 3 101605 2.809218030
4 9 3 262014262 2.809471992
3 12 3 2705977 2.811139366
4 8 3 4167393 2.812946532
5 15 3 90237094 2.815081114
10 0 3 1379634 2.815188408
9 5 3 3987591 2.815320518
12 1 3 2584 2.815696624
7 13 3 81642 2.817617844
13 2 3 917 2.819613790
4 12 3 477 2.819738760
4 9 3 29950 2.820049846
11 4 3 151306 2.820718398
14 3 3 51410 2.822318924
13 6 3 50365773 2.822329968
4 10 3 2752 2.823060194
3 9 3 3544 2.823906502
3 13 3 66755 2.824290818
14 5 3 156795 2.826098182
8 5 3 16747618 2.826099888
8 0 3 408386228 2.826488784
15 1 3 124611 2.827430216
6 15 3 124662 2.827855852
9 1 3 6331964 2.828255064
15 4 3 21338635 2.828748746
1 11 3 27107 2.828951528
6 15 3 7658242 2.832551426
11 3 3 9439 2.832592892
2 8 3 96325 2.832912852
0 14 3 7260948 2.833020648
4 11 3 172019638 2.833389344
12 3 3 27377 2.833985762
10 0 3 848 2.834361784
8 0 3 25258 2.834438490
1 15 3 769 2.836206806
3 13 3 22061 2.836396086
8 0 3 24321 2.836732256
12 0 3 63605 2.836974838
14 5 3 203698 2.837128186
15 3 3 1158 2.837393074
7 13 3 15851537 2.838860464
11 2 3 2949 2.839017062
15 4 3 3056 2.839958980
13 2 3 35350 2.840020250
0 14 3 14550008 2.842017936
11 3 3 1369759 2.842722234
3 12 3 1941589 2.843150384
12 6 3 114936 2.843333760
4 12 3 903827 2.844211698
9 0 3 1157 2.844241910
7 14 3 215610 2.844345282
2 11 3 9305 2.844346280
2 15 3 30481756 2.846094316
8 2 3 14490688 2.846597016
9 6 3 62965638 2.847076068
5 14 3 136174 2.849083716
13 3 3 49808036 2.851646418
7 12 3 5637652 2.851681746
1 10 3 3135 2.852941950
3 15 3 23360 2.853358524
7 9 3 112065 2.854650290
8 4 3 1025783 2.855219606
5 12 3 14580 2.856468170
3 15 3 26931 2.857471720
13 5 3 1681723 2.857605394
4 11 3 236497 2.857646992
10 0 3 14697 2.859393992
14 4 3 9712053 2.859754298
15 6 3 53398 2.860331806
4 12 3 709 2.860706532
14 7 3 31038497 2.861826590
14 5 3 1098 2.862666788
4 11 3 3841 2.863076280
6 10 3 25389660 2.863102142
5 15 3 37732 2.864722946
5 15 3 667871 2.866723202
1 13 3 130312259 2.870874856
14 0 3 67461 2.873907264
9 4 3 11535 2.874088808
2 15 3 1367 2.878253370
10 2 3 1455 2.880310286
4 15 3 365378 2.883501008
10 6 3 1616 2.883958208
15 1 3 1673 2.884307332
5 11 3 77 2.885422800
5 14 3 46734 2.887217228
5 11 3 225772 2.887883548
12 1 3 20833480 2.888592678
4 10 3 3982914 2.889089842
7 13 3 1207751 2.889990484
6 9 3 5570992 2.890211080
9 4 3 2812982 2.891615916
13 2 3 577764935 2.892347696
1 14 3 382835 2.892536886
7 11 3 830 2.892724672
8 7 3 26230122 2.893827862
9 5 3 29362014 2.894633606
9 6 3 26349 2.894698226
6 12 3 66729 2.897402444
5 12 3 414123 2.902356378
11 2 3 6929959 2.902721850
12 3 3 142231 2.903597254
2 8 3 24632939 2.904160626
8 3 3 256786 2.907165588
1 13 3 11150789 2.908953598
15 2 3 709429 2.909445558
2 13 3 301451833 2.910049948
15 7 3 618843 2.910073240
8 5 3 10558 2.910583456
13 1 3 31989374 2.911432716
7 13 3 357352 2.911847708
0 15 3 1306 2.913123190
8 1 3 1843026 2.913741776
9 1 3 92153 2.914792588
15 0 3 19019 2.915846312
2 14 3 595486 2.917664364
12 3 3 266322 2.918875748
0 13 3 1063513 2.920077930
8 4 3 865 2.921203248
14 7 3 287525 2.921759308
2 9 3 435 2.922634104
0 8 3 258618 2.922992980
9 1 3 684 2.923378982
12 6 3 1232 2.923750468
6 11 3 3655912 2.924292696
12 3 3 91746 2.924359748
15 3 3 39808 2.924801518
1 11 3 29687 2.925410522
4 12 3 165 2.926388550
7 13 3 82408 2.928459970
10 6 3 13633 2.928892420
3 14 3 779 2.929592338
10 1 3 595898 2.929810548
14 5 3 8960 2.930272088
9 7 3 401824 2.930339322
7 13 3 45952 2.930345156
8 5 3 3690 2.931349500
5 11 3 336934 2.932147302
6 13 3 10286 2.933408832
2 13 3 13196545 2.933933774
11 0 3 15672 2.934398060
10 2 3 260085416 2.935465884
7 15 3 2057 2.936044842
2 12 3 242524 2.937434140
4 14 3 633449 2.938031436
15 3 3 432081 2.938079356
13 5 3 16620 2.940088218
1 8 3 497120 2.940094510
5 10 3 2255136 2.941409520
13 0 3 714931 2.942834720
15 5 3 4777 2.943862400
4 11 3 14378 2.945646734
12 2 3 1428 2.946077656
2 12 3 22601 2.946613690
12 6 3 33838 2.947573454
11 4 3 11202 2.947636564
13 5 3 103999856 2.947821534
5 8 3 5781649 2.949357364
14 0 3 40309 2.950372220
3 15 3 241 2.950525890
15 6 3 45126895 2.954400010
0 11 3 271 2.954920962
15 3 3 644004 2.955990142
15 3 3 9454 2.956088784
1 13 3 112620645 2.956990034
3 8 3 12324021 2.958011044
5 8 3 55065 2.958935046
4 12 3 1993 2.960166122
12 7 3 93052 2.960876038
11 1 3 76567 2.961521612
15 2 3 7027 2.962065820
0 11 3 4119888 2.962652644
3 9 3 4416 2.962844150
3 8 3 323656 2.963335364
8 2 3 54787351 2.963447938
1 8 3 15584 2.963474586
12 2 3 193493 2.963664344
15 5 3 5975 2.964588364
12 2 3 21971 2.965693878
13 4 3 3086185 2.966809804
12 0 3 7665007 2.966857948
15 1 3 183917 2.969401028
12 1 3 301865 2.971169024
8 7 3 2503272 2.973894258
8 0 3 528077794 2.975812264
2 15 3 113638 2.975878152
0 8 3 236673257 2.976330014
1 9 3 109864 2.977186464
2 9 3 435658 2.980033916
2 14 3 12695 2.980127392
15 6 3 19626 2.980354818
5 12 3 33580141 2.984192988
5 14 3 232545 2.985194452
2 15 3 210392 2.985314182
2 11 3 4816 2.985571348
2 9 3 6726849 2.990874210
8 7 3 122909 2.991541206
14 5 3 6001 2.991768378
4 9 3 802 2.991866960
2 11 3 4334454 2.993755758
4 12 3 71439877 2.995759820
15 0 3 18425 2.996708842
7 9 3 29117723 3.000239560
2 10 3 6608 3.000408178
3 14 3 1937172 3.001779370
2 13 3 34724048 3.001842442
14 5 3 3645 3.002323836
12 6 3 119238053 3.002449410
4 14 3 4288 3.003650684
7 8 3 24900 3.006290274
0 14 3 3059 3.007357752
11 0 3 7596192 3.010053134
4 13 3 4911 3.011664548
5 9 3 7723 3.012225032
5 11 3 21230 3.012493346
10 4 3 2040561232 3.014433790
14 5 3 30222053 3.016720006
11 7 3 207134 3.018106886
3 15 3 22128 3.018857898
1 15 3 6499 3.019034754
15 3 3 247147 3.019906904
11 4 3 2436961 3.020716706
6 14 3 497856669 3.021309608
6 10 3 68731224 3.022055966
8 5 3 210024936 3.022505658
7 12 3 114929648 3.023388780
6 12 3 6298 3.024868456
3 12 3 1076912227 3.029193818
10 7 3 3977 3.030332804
10 2 3 1026 3.031147536
3 14 3 50793 3.033431388
6 14 3 1784722 3.034033912
15 0 3 32306766 3.035412814
15 6 3 183808 3.036748370
6 14 3 54569 3.038229172
10 7 3 893231 3.041524886
0 14 3 489615 3.042190550
6 8 3 30069457 3.042283974
9 4 3 79833 3.042589116
3 10 3 3521 3.042596234
0 13 3 153497 3.043353874
8 0 3 3722 3.043604010
7 12 3 151094 3.044582554
9 5 3 84217 3.044816770
6 11 3 44860 3.045109924
15 6 3 110883 3.045181516
4 8 3 7362 3.046771446
15 3 3 219448 3.047100720
3 14 3 23124581 3.047866658
5 15 3 228618 3.048586142
1 9 3 2307 3.048623198
11 3 3 14233 3.048776040
10 4 3 1655179332 3.048970854
4 13 3 1856440 3.050362512
6 9 3 4623507 3.051025828
0 8 3 38686 3.051594602
14 1 3 1425675368 3.052518604
2 13 3 18228 3.052655774
0 11 3 195053 3.053793270
2 9 3 7884 3.054382344
5 11 3 26249 3.055506838
8 4 3 171127339 3.055984464
5 11 3 35495 3.057132698
2 15 3 469832 3.058537036
11 6 3 458774 3.058940426
11 0 3 513579 3.060710854
3 12 3 1979 3.061003344
5 12 3 824576 3.061687994
8 4 3 174049 3.062751700
10 0 3 2626287 3.063034152
4 11 3 1285 3.063345490
0 11 3 3439 3.063840642
12 7 3 3154 3.064028278
9 4 3 432127 3.064722900
2 10 3 26946090 3.065115346
13 0 3 20344900 3.065738010
11 6 3 23864 3.066039936
4 15 3 25144426 3.067427412
12 5 3 7523824 3.068638456
14 0 3 5799 3.069333488
0 14 3 18389305 3.070363840
13 5 3 31164 3.070995268
8 0 3 10117 3.071695664
13 3 3 5944109 3.073388878
3 14 3 4142018 3.075462868
1 13 3 1588 3.076185226
0 9 3 442988 3.076472752
2 14 3 1484 3.078271572
11 7 3 3 3.079135194
5 14 3 8367657 3.080338144
7 13 3 493114918 3.080363674
13 7 3 326805 3.080561062
11 3 3 1928424 3.080838680
13 1 3 762755 3.080946260
15 3 3 17129900 3.081896472
3 11 3 3546049 3.084802560
13 5 3 301564 3.086453246
9 0 3 10555 3.086801292
0 12 3 790 3.086881002
3 15 3 33547259 3.087944950
11 2 3 1163 3.088052676
12 4 3 804 3.089512900
1 12 3 35402 3.089794126
10 5 3 1001 3.090214708
13 7 3 2532105 3.092726606
7 12 3 6618 3.092914534
11 5 3 3504 3.094075702
10 0 3 6001490 3.094349778
0 10 3 32951382 3.094902782
12 5 3 6287035 3.095593112
1 14 3 535060999 3.096853974
8 4 3 3833994 3.097255668
12 0 3 10239 3.099599164
15 2 3 2450 3.099853246
15 6 3 6394 3.099935560
1 10 3 3619320 3.101743456
3 15 3 58334 3.101968952
7 10 3 42471325 3.102979816
12 7 3 3883 3.104640176
12 5 3 63778 3.104810566
14 3 3 2279 3.105304036
1 8 3 213048 3.106031464
13 5 3 24584 3.106141002
3 15 3 1813256 3.108213498
5 13 3 35476 3.109698400
9 3 3 86838218 3.110468596
1 8 3 341 3.111079708
9 0 3 5344 3.114379730
14 7 3 5523 3.114470630
15 5 3 322313 3.115219500
0 11 3 10481 3.117992620
0 8 3 166506 3.118211916
13 5 3 899219 3.118389106
12 0 3 122598626 3.120430768
1 9 3 6831757 3.121076094
0 9 3 27462 3.121764502
13 7 3 845221 3.125477680
1 13 3 965 3.125527704
0 15 3 56119 3.125664804
6 14 3 40983 3.126786618
12 6 3 7989045 3.127048592
11 5 3 801 3.127177592
2 14 3 32896 3.130773438
3 10 3 636880 3.130983124
2 15 3 4826365 3.131736530
6 10 3 9801 3.131807964
1 10 3 65917 3.133395374
11 3 3 75072 3.134007362
14 6 3 49483 3.136694270
11 0 3 243306608 3.138593132
10 6 3 11796 3.140443794
6 12 3 852313 3.142523798
8 4 3 9047 3.146443808
4 10 3 41595 3.146882238
1 15 3 5160693 3.147137902
15 1 3 53641 3.148036356
10 5 3 328 3.149699962
5 14 3 164297 3.151618736
2 15 3 20868 3.152104192
6 10 3 654452 3.152858964
15 4 3 13487 3.152969342
11 6 3 36836 3.153697164
6 8 3 50596 3.153903500
12 5 3 16357 3.155415942
6 15 3 124 3.156753242
5 12 3 18486744 3.157939792
14 7 3 3912517 3.161103944
8 4 3 151293 3.162130296
12 4 3 11036 3.162865040
1 8 3 181966 3.163052662
2 8 3 373346 3.166417494
7 11 3 6181 3.167508726
7 13 3 443 3.168162466
10 7 3 594916890 3.169485778
3 14 3 28657 3.169676720
3 12 3 85236 3.171934456
10 2 3 661728 3.174971204
9 6 3 429772641 3.176240600
10 6 3 105257 3.177307074
14 6 3 115 3.183553712
12 4 3 599 3.184782598
9 3 3 15387 3.185152980
14 5 3 494073 3.186848634
2 14 3 4835831 3.187544198
5 15 3 6501 3.188711196
8 3 3 121579 3.188777976
0 15 3 38804 3.190595748
2 14 3 9346 3.191283108
4 11 3 12819 3.191381988
8 5 3 19172 3.191715764
5 13 3 189798 3.193086948
9 7 3 18542713 3.193373096
2 8 3 6477 3.194148978
13 3 3 35013211 3.196267992
0 10 3 4705 3.197027108
11 5 3 5047 3.197335516
4 15 3 5397 3.198400490
7 13 3 878 3.199046748
12 5 3 5024 3.201523642
0 14 3 201957 3.204502866
12 5 3 7540286 3.205952920
3 15 3 16361095 3.206070108
13 3 3 852 3.206555940
3 8 3 1643674 3.206957204
13 4 3 49331 3.207370608
14 3 3 2930535 3.207993780
14 7 3 1949130 3.208955166
9 2 3 56716765 3.208984398
14 4 3 122738 3.209787356
12 2 3 333075 3.211445428
11 5 3 237 3.212114998
12 5 3 50555 3.212781134
5 13 3 3579 3.216468394
10 0 3 64077428 3.218054638
11 5 3 22363856 3.218404606
13 0 3 80299 3.220799106
8 3 3 1205158 3.221247066
5 13 3 25879871 3.221499818
11 0 3 62853 3.222229388
0 12 3 21765314 3.223220674
15 4 3 59650 3.223515474
15 6 3 1018245 3.223877806
15 0 3 6386079 3.225932442
5 11 3 1847 3.227538270
5 12 3 401742 3.228402954
1 8 3 257063881 3.229029294
14 5 3 169601 3.230461372
7 13 3 208665915 3.233460574
9 5 3 14590 3.236337210
4 9 3 58192340 3.238281164
7 14 3 2866674 3.238752162
4 13 3 7666 3.245140648
3 8 3 771135 3.246274962
8 1 3 193654 3.246683916
5 13 3 60272 3.247623244
8 5 3 30815387 3.247663556
8 5 3 14335994 3.249895330
14 0 3 39947 3.253278906
7 13 3 1248 3.253537726
13 1 3 1845923073 3.253723168
7 13 3 6967 3.254258872
7 15 3 90219 3.257611488
6 13 3 382080 3.258194796
15 1 3 67390 3.259127884
4 8 3 2653 3.260072824
7 10 3 1030804313 3.260378012
3 9 3 127457 3.260514970
10 2 3 5621461 3.260933692
2 15 3 294000 3.263016874
15 6 3 378071 3.263747054
4 8 3 2206 3.264446536
4 8 3 47531 3.265430148
6 8 3 22573 3.266422008
13 1 3 6465581 3.266583168
1 8 3 9980 3.267399218
8 5 3 1047069 3.269563620
9 7 3 31028231 3.270620736
13 6 3 40353 3.271391104
5 9 3 606871477 3.271530944
4 8 3 88745 3.272768478
2 10 3 595322 3.273373190
7 14 3 2859836 3.273810274
13 2 3 31604351 3.274544524
13 0 3 9165717 3.274606362
11 4 3 243344854 3.274828460
14 7 3 423894025 3.274985984
13 3 3 246379 3.275000176
14 6 3 820614 3.279054964
13 0 3 80960 3.279496524
3 9 3 272 3.280846192
6 14 3 3314 3.281513552
5 8 3 24084 3.281780676
13 2 3 30078 3.283360484
11 4 3 15377241 3.283473126
4 13 3 1632759981 3.283606612
4 8 3 9501795 3.284280204
13 2 3 7668 3.284304794
5 13 3 23720693 3.284963640
10 0 3 97096 3.285987906
5 11 3 2507778 3.286688848
6 14 3 4915 3.289359388
3 11 3 1578 3.290106470
6 9 3 137377 3.290742258
15 7 3 41832 3.290902942
9 4 3 286 3.292212166
6 13 3 9999 3.293441452
5 13 3 201351 3.297037792
11 1 3 24520 3.297663542
5 10 3 31055281 3.300582866
8 0 3 358639 3.301485870
5 13 3 4067010 3.302653944
1 8 3 36917677 3.304292480
3 9 3 13664 3.304645900
1 15 3 63939 3.304684492
7 14 3 190544 3.305605980
4 11 3 342470 3.308657688
1 11 3 9541 3.308810378
5 13 3 25452 3.309080430
14 7 3 52223567 3.309231832
1 10 3 1171 3.309502048
9 1 3 106965 3.311126418
10 7 3 28866 3.312213522
0 10 3 289996664 3.314075978
4 13 3 18484 3.315300996
11 6 3 6370 3.315365958
13 4 3 1008113 3.316098884
6 10 3 435201 3.317908102
1 12 3 3252825 3.318248486
1 15 3 35804 3.319767686
10 1 3 181899 3.319832150
14 3 3 265561776 3.319890308
3 11 3 432 3.320795644
7 10 3 2341 3.321441676
3 15 3 15744 3.322847574
10 0 3 314350 3.324651714
6 13 3 14131 3.324821076
6 14 3 33003738 3.325536758
10 4 3 93256731 3.325756402
2 8 3 2485367 3.326450758
8 6 3 4842 3.326765328
8 7 3 118161423 3.327546880
1 14 3 187772 3.328708514
14 2 3 14067 3.329236124
7 15 3 10871 3.330200692
6 13 3 359848 3.330879838
11 7 3 165720 3.331511550
4 9 3 3316031 3.331979408
1 15 3 341579 3.332738330
0 10 3 1853723 3.332980312
8 1 3 269 3.335103336
1 14 3 8581 3.335144360
11 1 3 42862 3.336446136
10 2 3 69112 3.337628468
7 8 3 599870 3.337739354
12 0 3 83417945 3.338124824
3 12 3 30473 3.338187800
13 1 3 3878 3.338428926
5 12 3 10149992 3.338632258
15 6 3 11694 3.339338704
7 14 3 738322 3.340130674
11 4 3 11225050 3.342522400
4 9 3 24621573 3.342945428
4 10 3 51057 3.344341812
1 15 3 218590 3.345055712
9 5 3 35739 3.345247174
9 6 3 28004 3.345898378
13 2 3 1804523 3.348663314
11 0 3 373 3.349254134
4 14 3 4947033 3.350321708
10 4 3 220277 3.350322434
7 12 3 12519 3.350936742
6 11 3 75858999 3.351050680
15 5 3 1954 3.351839382
10 6 3 376313 3.352055234
7 9 3 652079 3.352258442
9 7 3 22777 3.352964760
10 6 3 188185927 3.353670208
10 0 3 1491971667 3.354544066
10 5 3 227970 3.354611498
7 9 3 47291 3.354891330
8 5 3 53083 3.355209328
4 12 3 885011 3.355600160
5 12 3 55464858 3.355613072
5 9 3 148799 3.356831500
12 3 3 19430715 3.358760520
8 5 3 694949 3.360134404
6 9 3 5995 3.361169552
2 9 3 49392 3.365130152
1 12 3 26171925 3.368421300
0 8 3 146512560 3.368996610
3 13 3 1185136 3.370549332
3 15 3 953576 3.372354794
4 12 3 41435 3.374361692
10 3 3 129302392 3.376207590
6 11 3 14569749 3.377111152
7 11 3 60936 3.378450712
10 7 3 8170757 3.379377046
5 13 3 42879 3.379661334
3 11 3 61242 3.379829998
15 4 3 3629589 3.379960550
7 15 3 942020 3.380451686
7 11 3 27945 3.381379260
9 2 3 3443 3.381460246
13 5 3 230325 3.381854102
8 6 3 4563294 3.383026726
10 0 3 68483 3.383293918
11 4 3 7942 3.383415398
8 5 3 249223 3.384572462
8 0 3 2097918 3.385569148
5 9 3 16215457 3.387057704
9 7 3 1262953 3.387637814
6 13 3 5701133 3.388255010
4 9 3 10977723 3.389636282
1 14 3 44422 3.389962914
12 0 3 30424 3.392346174
2 8 3 146564078 3.392612468
15 4 3 20576 3.393948616
4 13 3 4040326 3.397768796
1 11 3 5556390 3.398590036
1 9 3 407338 3.399136946
7 13 3 61916952 3.399920056
10 2 3 46848608 3.402027214
10 6 3 11276036 3.407019426
4 15 3 4392 3.407475202
14 5 3 876770643 3.408539620
11 6 3 6258 3.409265938
14 0 3 8569972 3.411911818
4 9 3 13227 3.416327488
6 9 3 222013 3.418903572
12 7 3 639080 3.421123154
7 12 3 36476 3.423533238
9 1 3 984411 3.424779880
0 9 3 7970 3.425582428
1 13 3 317309 3.425585870
10 5 3 24893 3.427687528
10 1 3 4535 3.427731704
9 3 3 11391704 3.428148634
0 8 3 1415654 3.428171248
3 14 3 118597 3.428473258
7 8 3 672013 3.430799254
15 6 3 3165619 3.430817986
3 8 3 258446 3.431918196
4 14 3 27736 3.432503492
11 5 3 1552070 3.435119154
7 12 3 902 3.436004124
7 8 3 194334197 3.438058466
12 1 3 187080 3.438752276
1 13 3 209451918 3.440982860
14 5 3 1326623 3.441095182
15 4 3 174731 3.447943724
0 8 3 126940 3.448337460
10 4 3 860 3.449673022
9 5 3 5044509 3.451348464
10 0 3 34824619 3.452764558
14 0 3 1042050 3.454451778
5 14 3 1039 3.454814284
8 7 3 27350 3.455195660
7 9 3 19605096 3.455481980
14 7 3 3432788 3.456372522
5 9 3 64189 3.456448104
11 0 3 3193 3.457176614
7 9 3 251010 3.457491416
11 6 3 1902 3.457517700
0 12 3 3907135 3.460063290
2 10 3 48222 3.460312886
12 6 3 45670 3.462176034
8 6 3 154553 3.463574232
4 12 3 155183 3.465920172
3 12 3 24954015 3.467441928
0 8 3 232541 3.469766274
2 12 3 3634 3.470083872
7 13 3 161440 3.471307214
2 12 3 87542 3.471920372
9 0 3 6019 3.472749488
7 10 3 1984 3.473937674
6 11 3 201117 3.474298396
0 14 3 487177 3.474584898
8 3 3 3969 3.474879114
10 2 3 42146 3.477550496
1 11 3 20855 3.478249556
14 4 3 147310 3.478264658
12 4 3 60069 3.479876798
10 2 3 80601 3.479920418
8 5 3 8981 3.480508346
8 3 3 4830880 3.480532406
15 0 3 1322924 3.482481064
4 8 3 45093 3.483280630
9 3 3 6884694 3.484305196
7 10 3 312704 3.484388772
10 5 3 1627572 3.484653814
2 12 3 87660 3.484755626
14 6 3 53451 3.484848020
15 2 3 229018 3.485066046
14 5 3 19840 3.485407994
6 13 3 75540 3.485452986
11 6 3 642160 3.486384782
1 12 3 1861485 3.486710150
14 6 3 7851 3.489391806
11 7 3 2965 3.489793750
12 0 3 22073 3.489883376
6 12 3 26795689 3.489992204
7 9 3 108980103 3.494122858
14 0 3 102414 3.497682332
4 11 3 16141 3.497737782
3 14 3 9847 3.497779806
7 8 3 226405 3.498038204
4 11 3 7697 3.498091116
10 5 3 191573 3.499586018
6 13 3 3614999 3.501196946
15 0 3 16222113 3.502183414
13 2 3 5447 3.502337346
13 7 3 676 3.502617018
12 5 3 598 3.502917818
13 1 3 148096 3.503055580
0 9 3 22494321 3.503252704
7 11 3 8367272 3.504250868
11 4 3 1808 3.505579028
10 2 3 15782 3.506621422
11 2 3 156681 3.507251096
15 5 3 2020 3.507843412
4 12 3 781254 3.509442794
11 4 3 9076 3.509863950
3 9 3 2131227 3.510846368
10 0 3 849 3.511137420
1 8 3 290248 3.511461612
9 4 3 844 3.511707960
13 2 3 29091593 3.512786232
10 2 3 649936 3.513095618
1 13 3 11231314 3.514128040
15 2 3 761 3.514313366
8 5 3 1694095903 3.514421926
6 13 3 5343 3.515406188
2 15 3 38282 3.515459906
0 11 3 159553655 3.516077922
12 1 3 83129 3.516217878
0 11 3 5645 3.519607914
1 12 3 3031 3.520471722
13 5 3 4463856 3.520754016
15 4 3 3384061 3.521328496
8 1 3 492 3.521722562
6 8 3 740534 3.521856686
3 10 3 91995 3.521942928
3 15 3 125039 3.522327100
6 9 3 8120 3.522847238
12 1 3 3170 3.523327336
9 5 3 489540 3.523646828
9 4 3 1788334244 3.524038952
11 0 3 29604 3.524667732
13 2 3 234855 3.525634424
9 6 3 115626 3.526220798
9 2 3 520 3.528552988
6 11 3 585033201 3.528661920
12 6 3 60923245 3.531497618
9 1 3 53251 3.532386640
14 0 3 37372 3.534506598
15 5 3 610 3.534788024
9 7 3 14205075 3.537961114
7 9 3 55275995 3.539090568
11 7 3 2039908 3.539689694
0 9 3 598629 3.540258472
10 7 3 82490 3.540414704
12 0 3 33666020 3.541087648
6 11 3 9235877 3.541366116
11 3 3 683984 3.541944336
6 13 3 18072 3.543022850
6 14 3 489990 3.543116750
3 8 3 93526 3.544671794
3 13 3 13765 3.545430970
7 14 3 2508 3.546621902
15 2 3 1038585 3.547524254
8 3 3 2829 3.547568696
2 9 3 40524 3.547770014
7 12 3 1043578 3.550743178
7 14 3 812 3.552295060
14 5 3 22542592 3.553626008
13 2 3 162345116 3.555881594
9 0 3 80659 3.556646954
1 15 3 7397 3.557219274
15 1 3 2458890 3.560340450
8 2 3 3981639 3.562047810
4 15 3 73750 3.562887242
4 13 3 230940 3.563358850
14 6 3 11884 3.564728868
5 15 3 19535836 3.565380768
10 1 3 2591219 3.565567946
2 11 3 69106 3.566173398
15 1 3 365155 3.566232362
6 10 3 1496 3.568083506
2 14 3 47780991 3.568521704
15 4 3 912473 3.570446060
1 13 3 3668 3.571210246
14 3 3 36762726 3.571536738
10 2 3 320425216 3.573209544
15 0 3 946079 3.573816132
3 9 3 52754 3.574157612
1 13 3 7592 3.575778896
2 13 3 435441 3.576664050
12 2 3 5280215 3.577731254
4 10 3 3262 3.579465812
15 7 3 4913948 3.580029642
9 5 3 912812 3.580417402
2 15 3 66115 3.580651372
0 11 3 1374 3.581567350
6 10 3 88424804 3.581978026
10 4 3 265449410 3.582253022
5 8 3 9024 3.583226622
11 0 3 683851 3.583933426
15 7 3 1619 3.585105414
12 5 3 344911 3.585328256
2 12 3 2884249 3.588018620
15 2 3 11811943 3.588566594
6 12 3 1558 3.589315936
2 10 3 21728 3.589527780
6 15 3 5800558 3.590583838
15 3 3 13042 3.591161302
1 8 3 3498708 3.592000920
14 2 3 16201 3.593257800
1 14 3 3097489 3.593690718
4 11 3 29602 3.593944936
1 13 3 2591449 3.594434092
2 11 3 63217 3.595445706
5 8 3 30212 3.596327726
6 11 3 40421 3.597226368
14 0 3 21616997 3.597810628
3 10 3 9362 3.598062876
6 11 3 459198 3.599862952
10 0 3 1176637841 3.601100838
15 0 3 43884 3.601464782
7 14 3 1120 3.602754188
0 12 3 2042449 3.604114666
15 4 3 14275 3.604680804
11 2 3 11039 3.604931362
0 8 3 58890 3.605100688
7 12 3 83456641 3.605699696
11 0 3 934 3.606742044
13 7 3 928356 3.606805380
15 1 3 19211 3.607045804
8 7 3 26146 3.607443480
2 12 3 53036 3.608090162
11 2 3 495 3.609108878
12 1 3 1020460570 3.609601540
15 5 3 91755 3.609748674
8 5 3 166296 3.609968590
9 2 3 49840041 3.611604940
10 4 3 2087 3.612082864
10 2 3 2209 3.612502708
3 12 3 86309627 3.613349056
2 10 3 11726 3.613386630
3 14 3 194264 3.613662248
9 3 3 3635 3.615441592
1 15 3 1452891 3.615652458
14 4 3 100391 3.616710238
5 10 3 110653 3.616887594
3 14 3 59616052 3.618157172
11 1 3 2749647 3.620018186
8 3 3 1575848 3.620912110
10 7 3 5438 3.621475490
10 7 3 8830 3.622478660
15 5 3 29606 3.626151078
8 1 3 3866 3.626612640
11 1 3 20282747 3.626772056
0 15 3 7073 3.627766934
4 13 3 8804 3.629000116
4 13 3 80064 3.629207404
6 12 3 22879 3.629736130
9 7 3 20397 3.631243094
2 11 3 529736 3.633391778
0 10 3 132898288 3.635526372
8 0 3 824110 3.636569058
5 14 3 25895342 3.639717718
2 8 3 39906 3.640609754
15 7 3 1714843 3.642221148
6 11 3 8370 3.642263452
13 2 3 11597 3.642890288
2 10 3 91495 3.643644776
3 8 3 516536 3.643789476
4 13 3 20919790 3.645233476
10 1 3 7315133 3.645555096
0 10 3 348 3.645815022
3 15 3 1034 3.647309830
3 12 3 1339 3.647628376
12 0 3 2143 3.648669654
12 4 3 21451 3.649901990
12 2 3 158217835 3.650442756
10 7 3 12357 3.651067478
6 9 3 3585 3.653167256
4 15 3 4081552 3.653307968
9 5 3 565 3.653418748
0 14 3 62807 3.653691686
1 12 3 91467736 3.655508340
1 13 3 11513 3.655888196
11 3 3 3673 3.657133258
3 12 3 74522 3.657856724
7 8 3 6282 3.658530722
12 5 3 665161 3.659371454
7 11 3 528671262 3.662389388
8 2 3 611 3.662472126
0 10 3 4302962 3.663080920
14 2 3 6725 3.663928332
3 9 3 12274 3.664726728
0 11 3 62098491 3.665903080
11 6 3 108577 3.667167030
4 8 3 121895603 3.668235376
11 1 3 212410 3.669756344
14 0 3 21786197 3.669917022
10 6 3 1387 3.670053478
4 14 3 251735921 3.671120020
3 8 3 256242781 3.671965308
1 9 3 6660280 3.672023396
11 4 3 15943 3.672922320
1 14 3 612331 3.675698978
12 2 3 1314039 3.677506194
7 15 3 115439088 3.677867572
10 1 3 3555 3.678264366
5 13 3 1084503 3.678866346
1 12 3 1660 3.679414732
1 11 3 2802110 3.680935336
13 0 3 32946627 3.681223470
6 13 3 986961 3.681649244
1 13 3 56841 3.681986998
1 13 3 42563 3.682051676
8 5 3 15874 3.682393078
12 3 3 434 3.683052070
6 11 3 279683 3.683366866
5 15 3 101319824 3.684208518
0 15 3 980 3.684721592
10 3 3 15302655 3.685256180
2 11 3 302238299 3.685605932
4 12 3 540907803 3.685707084
3 11 3 7163 3.687067364
8 6 3 21463 3.689383580
11 5 3 12750435 3.689882180
10 2 3 123581 3.690570332
7 12 3 115417 3.691065456
9 7 3 66968 3.691452508
5 11 3 1002143 3.691654122
10 4 3 22421593 3.692426122
3 8 3 1015 3.693470156
2 14 3 211292 3.693584170
6 14 3 1761 3.693799476
13 7 3 2706 3.694586988
6 14 3 2675 3.695657120
1 12 3 517150 3.696266196
13 2 3 283346 3.696310676
13 0 3 78068 3.697400102
14 3 3 261818 3.697403826
6 15 3 3268 3.697591834
15 0 3 1540537 3.697866682
5 8 3 18380 3.698075214
10 5 3 2082318 3.698373196
12 5 3 934 3.699594164
13 2 3 1824048 3.702582366
10 2 3 3774874 3.702621192
12 3 3 336 3.704900984
15 2 3 2921578 3.705313208
1 15 3 25308 3.705324284
2 9 3 395630 3.705629756
10 7 3 275339 3.705697890
7 10 3 2451200 3.706097026
6 15 3 84720 3.708578474
10 7 3 1638 3.709499546
10 0 3 2369 3.709560664
3 11 3 3810 3.710888560
3 15 3 7879418 3.711881758
14 5 3 29874222 3.715547896
12 7 3 1868290 3.717294864
5 14 3 971585 3.717390968
9 2 3 1348601 3.717794160
9 5 3 68814 3.719407932
14 1 3 125533 3.719718214
2 15 3 5737429 3.721782844
11 2 3 13126 3.722763462
13 6 3 20799110 3.723387892
9 7 3 173492 3.723778694
15 7 3 157498 3.723889484
13 1 3 89746 3.724494140
12 0 3 187784316 3.724812610
8 0 3 1444761 3.725512538
14 1 3 4021 3.728281078
2 11 3 5699110 3.728605882
7 10 3 447 3.729928138
3 15 3 3229621 3.730372426
14 3 3 189245 3.732684820
5 8 3 84489 3.732739672
3 15 3 381954 3.734836484
10 3 3 99756 3.735715200
12 4 3 3844 3.739257542
3 15 3 1016 3.740817842
13 1 3 5710 3.741112286
0 8 3 988219 3.741964028
3 10 3 28054285 3.742882926
11 7 3 144113 3.746048546
1 13 3 1557291 3.746084322
7 14 3 17314700 3.746292188
7 12 3 3805766 3.747186840
7 11 3 730114 3.747667412
3 15 3 3924628 3.747953970
2 8 3 1428433 3.748505998
15 6 3 1795 3.748866704
0 11 3 503158 3.750265406
9 7 3 128922 3.750630436
9 5 3 6815 3.750868492
9 1 3 1945 3.751827570
15 4 3 2506 3.755255712
5 13 3 4111015 3.756048202
5 11 3 27519 3.756665956
0 12 3 7627 3.756702944
9 5 3 23890212 3.757417950
15 6 3 100736 3.757598434
4 8 3 2563 3.757778002
15 0 3 5752 3.759617154
2 8 3 66438 3.760389970
5 13 3 23 3.761701808
12 2 3 175609 3.762219976
10 4 3 1486496 3.762679382
14 2 3 2819 3.762911896
13 7 3 174 3.765350234
2 12 3 1417971 3.765886576
8 2 3 4765 3.767545504
0 15 3 618196 3.767961700
6 14 3 15343 3.769331750
11 0 3 90792 3.769968948
6 10 3 287680 3.770956454
7 9 3 45751 3.771451510
5 11 3 3029 3.772004098
10 0 3 874 3.773137736
14 1 3 332471 3.774284090
9 6 3 6563 3.774619346
14 5 3 7807 3.774819866
13 3 3 3068167 3.776224322
0 9 3 637315 3.778706020
2 15 3 6444 3.778778846
14 2 3 116607056 3.778814700
3 12 3 8264 3.779351634
3 13 3 75842 3.780293490
3 12 3 3867 3.780302788
11 3 3 2458 3.781665332
9 2 3 28308 3.782483004
1 12 3 253088 3.783093454
5 10 3 4141349 3.784160602
7 14 3 2763210 3.784446766
7 14 3 87589987 3.786667006
5 8 3 30986 3.786887982
12 4 3 2031375 3.786997692
6 14 3 81061 3.788308632
13 2 3 1168 3.789311554
4 8 3 63921 3.789453722
12 3 3 5089 3.789583830
0 13 3 2957 3.789953572
13 0 3 924167109 3.790205616
12 5 3 57897 3.790221302
9 4 3 47060 3.790284990
7 10 3 1141 3.791407888
4 14 3 284308 3.792439490
15 2 3 74536 3.793001052
5 12 3 1496 3.793091972
5 10 3 210330 3.793158304
2 11 3 658934 3.793348972
10 2 3 58061 3.793367294
4 8 3 1997 3.794383904
15 0 3 15224 3.794629870
12 3 3 2894 3.794714766
15 4 3 26100 3.795551398
10 4 3 37362578 3.796502624
1 15 3 1767860685 3.796556514
4 8 3 58841 3.798594508
5 13 3 382519 3.798998246
15 6 3 911 3.800054354
13 4 3 102316 3.801796084
2 8 3 1952 3.802199102
0 9 3 3419 3.802291490
15 2 3 2916519 3.802583050
6 14 3 45676 3.804199828
1 10 3 1728738 3.804532014
4 12 3 173372 3.804687468
9 4 3 218529 3.806149496
8 7 3 436162 3.806155500
0 11 3 5267600 3.806540098
6 13 3 21223 3.806617386
15 3 3 26343 3.808408168
9 3 3 62519141 3.808471056
7 13 3 3760 3.809828522
15 7 3 31032 3.812079932
5 11 3 1606459 3.812202978
15 4 3 24414 3.814127720
10 7 3 9917 3.814140068
6 9 3 358777 3.815935656
5 10 3 8909 3.816595738
7 14 3 12620386 3.816645914
8 5 3 28653254 3.818061594
15 3 3 345 3.819123424
2 8 3 9691 3.819585412
7 11 3 20088 3.821106228
0 11 3 610 3.821474554
10 7 3 366919 3.822455668
13 4 3 30587 3.822647716
8 1 3 3122 3.825601686
11 4 3 3945 3.826269154
5 11 3 1299087138 3.826472726
13 0 3 106005 3.829043734
3 8 3 573 3.829441800
13 3 3 17142 3.832192262
0 10 3 3009645 3.832560544
3 15 3 14093 3.834021672
6 9 3 2278393 3.834069000
4 11 3 108171 3.834260386
15 5 3 11899 3.834384938
14 1 3 1775377571 3.834388078
11 0 3 5676 3.835155174
6 10 3 1205322 3.835413542
2 8 3 1470945210 3.835668520
1 15 3 10202 3.837878604
6 8 3 1001826 3.838246936
4 8 3 5170561 3.839716980
7 14 3 16481608 3.841395630
10 0 3 261257 3.842009046
11 4 3 823368 3.842838880
15 0 3 1033789580 3.843955588
15 2 3 3575 3.844723618
1 11 3 677 3.845016346
0 15 3 22543 3.845810474
0 8 3 260813 3.846554664
14 6 3 5471986 3.847864836
14 7 3 14691589 3.850137392
12 7 3 1769 3.850787794
12 5 3 537 3.851662904
6 13 3 3006026 3.851978024
7 14 3 31291344 3.852388656
6 8 3 857 3.853715522
5 13 3 308054 3.854288836
14 6 3 29394 3.854777198
4 11 3 96647 3.855463196
0 12 3 588 3.856024344
6 12 3 27096 3.856712656
0 10 3 5779 3.857084970
0 9 3 38950 3.857856598
8 7 3 48611 3.859438174
4 8 3 112901 3.860250650
6 11 3 1712339 3.860733636
14 7 3 143595 3.860862532
12 7 3 40586386 3.860994676
2 11 3 2310 3.864535432
0 8 3 3983 3.865051080
1 15 3 58597 3.865211842
1 9 3 917853 3.865297672
15 5 3 13756440 3.865303734
4 15 3 13569 3.865502280
11 3 3 2005 3.865574836
3 15 3 9064 3.867621516
13 6 3 266062 3.868430948
7 10 3 3136824 3.871040316
15 6 3 571338 3.871193708
8 3 3 246472 3.871567474
13 5 3 11480028 3.871776580
2 11 3 25328 3.872255912
12 5 3 78129712 3.876072648
11 1 3 662709 3.876183352
1 13 3 35601261 3.876231194
9 4 3 15868 3.877136592
7 9 3 759 3.877415314
4 15 3 630354 3.878078772
2 10 3 2415 3.878338172
12 7 3 1747 3.879882228
11 2 3 65369 3.882096954
6 11 3 124586797 3.882349460
2 12 3 11932 3.883196892
2 14 3 45192 3.883324872
12 6 3 28882317 3.884195768
8 2 3 3230 3.884464624
8 1 3 280 3.884872936
15 7 3 165854573 3.885124094
2 11 3 23587 3.886420946
15 7 3 3885154 3.886831288
6 15 3 9760 3.888248776
13 7 3 6600 3.888309926
13 4 3 238449978 3.889025948
1 13 3 65184913 3.890274040
11 4 3 1317 3.890458282
8 1 3 73986 3.890751688
6 14 3 623 3.891363528
15 0 3 3222967 3.892326758
5 8 3 22177 3.892642348
14 2 3 76484 3.892740226
0 10 3 31542 3.894204248
0 13 3 2557227 3.894830986
2 15 3 2043 3.896440164
15 5 3 109966 3.899978802
15 0 3 1572 3.900225760
9 5 3 459 3.900256168
12 7 3 641455 3.900888358
15 0 3 3295185 3.901043476
0 15 3 38027 3.901425518
8 5 3 62100748 3.902323882
8 7 3 595923 3.903285950
8 2 3 27516 3.903635188
15 2 3 324834 3.904835494
15 2 3 1911394 3.910651898
11 4 3 20226080 3.910839216
7 9 3 206015978 3.912071290
4 14 3 8843489 3.912451100
10 1 3 2087 3.912487598
13 0 3 313 3.913706162
5 11 3 25727893 3.913876142
14 1 3 93591 3.914199168
11 4 3 27981 3.914540132
10 2 3 32591 3.915710054
6 15 3 522483727 3.916780960
12 5 3 4133847 3.917813312
9 3 3 115320611 3.921073592
8 2 3 759262 3.921755534
2 8 3 3908087 3.922058250
0 14 3 1364642 3.926267734
5 13 3 13821 3.928855168
4 15 3 5802 3.930920432
8 7 3 57621 3.931453280
12 7 3 8584 3.932156278
13 3 3 11253286 3.932926998
13 5 3 173641 3.933529632
5 12 3 1288465 3.933694026
7 11 3 1232753 3.933799708
6 9 3 124786758 3.934908510
6 13 3 1769408835 3.936659436
8 0 3 4258 3.937235912
3 8 3 189647 3.937862246
3 10 3 693 3.938392492
8 4 3 6332 3.939097426
14 5 3 34698911 3.940930748
6 10 3 1976072 3.940980768
8 2 3 6787615 3.941132350
14 5 3 734279 3.942744170
13 4 3 255310581 3.942956982
11 0 3 3320 3.943827140
7 9 3 21440005 3.943936574
4 8 3 720223 3.944038092
0 13 3 4211 3.944195780
7 13 3 34486786 3.945374468
14 3 3 5410614 3.945653864
3 12 3 91402 3.946533610
2 13 3 17116 3.949496614
1 10 3 158774437 3.952957542
9 5 3 95328390 3.953573528
7 12 3 4090 3.954924336
11 6 3 517 3.954989466
11 4 3 794257 3.955137734
10 1 3 142006 3.955338322
14 3 3 400659 3.955597046
9 6 3 16839 3.957877196
10 1 3 1968009 3.958785812
6 15 3 463676351 3.958881310
5 9 3 139871078 3.960002598
5 8 3 45499946 3.960473356
9 0 3 18983 3.960854114
14 1 3 2809865 3.961704002
1 13 3 8364 3.963050028
11 7 3 16477127 3.963159974
1 10 3 174819 3.969519672
12 4 3 20818 3.969702104
3 12 3 383068 3.970783926
6 13 3 944 3.971024712
6 11 3 772371422 3.971158184
12 6 3 46907 3.971495382
15 4 3 745 3.975202616
11 1 3 209451 3.979880648
12 5 3 11881 3.982311830
11 1 3 7551 3.982379314
7 14 3 1371251 3.983371380
11 4 3 636322 3.986530706
7 8 3 34798 3.989165470
11 5 3 6010072 3.990390974
11 3 3 191308 3.994114470
5 14 3 424 3.996737942
