5 15 10923 10923 90079 2001601676 967918 968035
5 9 10686 10686 600 2004151420 960329 960531
10 1 10755 10755 2146 2007440244 960619 960663
2 8 10526 10526 42500 2007465714 963967 964045
10 2 10051 10051 4753 2008760246 960834 960879
6 9 10881 10881 102513 2010883896 968948 969076
1 10 10129 10129 18993065 2009997658 4116579 2552862
6 8 10147 10147 1420331 2012325410 2163850 1079563
10 3 10157 10157 3024908 2014175614 2257026 1214088
1 10 10130 10129 242214 2017456584 982500 980790
12 6 10873 10873 1046 2018807304 960528 960571
9 0 10176 10176 6646 2020097376 961738 961038
2 13 10352 10352 69513 2025151808 1206749 966309
14 1 10546 10546 3643401 2024177998 3719627 1265945
3 15 10850 10850 4124571 2026761568 3781855 1306285
4 10 10930 10930 1920 2030924026 960650 960641
9 1 10240 10240 13562198 2023747362 8437737 2097537
9 4 10656 10656 44007 2031740700 965386 964173
9 3 10732 10732 2366 2031873082 960682 960680
9 6 10639 10639 18411491 2019046758 14655287 2504101
3 12 10238 10238 119451 2033365314 973659 970496
0 11 10628 10628 96478 2035202318 975658 968570
2 10 10400 10400 2311799 2035208454 2292210 1154302
0 12 10364 10364 40809628 2024133244 14388487 4381960
2 9 10769 10769 230220 2038862442 979805 979784
5 11 10588 10588 53917 2039624484 964914 965000
3 11 10063 10063 622336 2039649902 1012450 1012659
0 8 10277 10277 59287 2042513542 965494 965453
12 1 10628 10628 8383519 2043004470 1923486 1663356
12 5 10925 10925 3350 2047899310 960983 960763
6 10 10641 10641 16427 2047958794 963512 961859
3 9 10020 10020 2567 2048767416 1222858 960696
1 12 10998 10998 216762 2049032818 997698 978654
0 8 10278 10277 63999 2052215074 1143163 965845
14 0 10280 10280 4558388 2050153968 3295988 1342657
5 14 10439 10439 643 2054544438 1126522 960535
7 14 10684 10684 685722 2061468322 1085908 1017972
2 10 10401 10400 37750 2064453044 1131802 963645
4 13 10738 10738 28458 2065028520 963004 962868
5 12 10657 10657 2160 2066705008 1126939 960664
12 1 10629 10628 1854 2070236814 960678 960636
10 4 10999 10999 13754507 2067941522 9812908 2113659
14 2 10720 10719 3197 2077753356 966841 960751
14 6 10945 10944 69521 2080881710 2524285 966310
5 8 10350 10350 11510 2087373998 962477 961446
14 1 10547 10546 147148 2087401122 1152838 972820
8 0 10749 10749 7500 2088696638 1127404 961110
11 0 10165 10163 1726565 2092913128 1445952 1105236
0 13 10513 10513 128220 2045854784 51869118 971232
1 13 10218 10218 4068882 2091799438 7458515 1301615
8 1 10369 10368 29636 2102919156 963588 962966
10 4 11000 10999 2974641 2103052814 2891019 1209875
7 13 10935 10935 248625 2105031828 1002044 981326
9 5 10968 10967 1470477 2115730230 1466675 1083766
15 1 10482 10482 2462046 2128546562 1719581 1166901
13 6 10700 10700 95537729 2042125620 94491669 8970364
8 3 10232 10232 21973 2136532020 1126194 962322
11 0 10163 10163 103842919 2073697798 65584325 9666670
14 6 10944 10944 51538141 2048724762 93623582 5281441
9 5 10969 10967 56 2142661270 1125995 960488
15 5 10184 10182 45023506 2110238194 36954232 4735252
5 12 10658 10657 200569 2151358790 8044721 977297
9 4 10657 10656 2588150 2161979300 1604836 1177473
10 0 10574 10573 48835 2169066630 1218216 964574
14 3 10113 10113 403 2169472628 1259036 960516
10 5 10207 10204 1258 2171507966 1264544 960588
8 0 10750 10749 988 2171571028 1325369 960562
15 6 10621 10621 31896146 2148933828 26108279 3634656
4 12 10286 10284 470708 2159258828 20625348 999945
7 13 10937 10935 27934 2172453238 7512829 962822
1 10 10132 10129 947 2192740622 1237425 960559
9 3 10734 10732 406 2199739378 1126512 960516
14 7 10453 10450 1402 2121258736 90846410 960599
9 7 10760 10759 83078 2133611568 78609172 967448
10 0 10575 10573 1753556 2214404224 1403880 1107499
12 3 10748 10747 922855 2148037330 75388192 1037852
13 3 10248 10248 66040 2160020752 64049147 966020
13 1 10080 10076 61575 2241279130 1355519 965644
2 12 10286 10283 2928 2268651934 1292744 960725
14 2 10723 10719 356858 2276027674 1160906 990399
3 9 10021 10020 355 2285474670 1373796 960512
6 10 10642 10641 6867 2286788620 9468105 961056
1 13 10219 10218 3557 2295788498 2254292 960779
13 1 10081 10076 29675566 2294187444 7770314 3448481
2 15 10924 10919 151444 2255433568 57894172 973179
4 9 10932 10931 325996 2294333122 25430077 987811
9 1 10241 10240 66101 2319214428 1133087 966025
5 15 10926 10923 61992 2310467100 11790532 965677
8 7 10733 10732 691422 2329598658 1375414 1018451
8 6 10154 10152 141969 2334209360 1143117 972382
5 8 10353 10350 943 2335718862 1136502 960559
14 6 10947 10944 18708 2336193324 1148071 962049
5 9 10691 10686 14679 2342807996 4762997 961711
3 15 10851 10850 10821 2346511820 1267090 961387
14 1 10548 10546 165112910 2165483504 193275915 14803546
0 8 10280 10277 23068 2353619582 5780027 962417
9 3 10736 10732 40587174 2339724324 19685687 4363311
14 7 10455 10450 916 2363451316 1438027 960557
8 6 10156 10152 48781 2368279414 1273752 964570
5 8 10355 10350 1841 2376653372 2254198 960634
13 7 10319 10316 12915159 2384200402 2593979 2043290
12 0 10747 10747 10051 2389458300 1129488 961326
9 6 10642 10639 4665995 2392933534 1626244 1351677
0 10 10480 10477 576 2397541670 1126451 960529
13 2 10652 10649 9602 2397445856 1288673 961286
1 15 10842 10839 546 2422995920 1189613 960527
11 1 10394 10391 790 2424707874 1126342 960547
14 0 10284 10280 57221 2442994264 1134527 965280
13 0 10888 10888 260356069 2325385002 119527427 22788736
10 7 10125 10125 124591 2471020502 1141683 970927
13 5 10230 10229 168757815 2151192838 322196355 15109135
9 3 10737 10732 278011 2475287888 1162771 983792
13 0 10890 10888 23918 2479252268 1131144 962485
9 2 10799 10797 41905932 2447484176 35937824 4473873
13 0 10889 10888 26385575 2456633560 29781715 3172648
9 6 10643 10639 18605 2493699632 1390805 962041
5 11 10595 10588 8883 2496768298 4842847 961225
12 6 10881 10873 678 2515884822 1397729 960538
9 0 10181 10176 116717 2521010670 1306159 970266
10 0 10576 10573 18559 2529674452 1135324 962037
10 6 10892 10889 6647 2531521700 1292698 961038
10 2 10053 10051 95940 2535986716 1136987 968523
8 4 10586 10584 616050 2543674702 1373559 1012133
8 5 10249 10244 4919 2554227830 1288830 960892
4 10 10935 10930 11460 2571106924 6803578 961442
11 7 10457 10452 1825 2593519000 1147157 960633
10 1 10757 10755 7460 2608410192 1128417 961107
9 3 10738 10732 35748 2614474608 1132372 963478
12 1 10630 10628 559483 2617539380 1380142 1007389
8 0 10752 10749 688 2618733372 1336424 960538
11 5 10558 10552 153013476 2402328192 218280837 13789131
4 11 10727 10720 2004 2624332602 1127320 960651
13 1 10085 10076 5371 2628881700 1132391 960932
8 2 10298 10294 111878 2629578076 1304975 969860
10 2 10056 10051 183360 2630475436 1314470 975855
4 12 10289 10284 21838 2630192386 4511693 962311
4 9 10934 10931 27936 2629204788 7022537 962822
10 5 10209 10204 51392702 2558744228 86944793 5269245
15 6 10622 10621 1600753 2649461982 1513716 1094688
9 6 10647 10639 22683 2672752836 1129582 962382
9 5 10973 10967 42555898 2633763450 43809767 4528366
14 6 10950 10944 61174834 2636611180 48516835 6089378
8 5 10251 10244 11977247 2681477410 4278747 1964655
8 1 10373 10368 984 2689047954 1187958 960562
6 9 10884 10881 4684 2699745648 1331495 960873
7 8 10107 10103 123600 2671903878 30719840 970844
5 10 10962 10956 14819 2697480008 5264886 961723
1 15 10849 10839 105986 2705331392 10782689 969365
15 3 10307 10304 6290 2721095130 1272713 961010
1 8 10161 10156 65453 2703439576 20766234 965969
15 2 10485 10481 412 2741120996 1130745 960516
8 5 10253 10244 108816 2741282204 1331564 969603
5 15 10928 10923 728 2745766396 1167182 960542
13 6 10705 10700 2566 2757655500 1292488 960696
10 3 10160 10157 109969238 2610886042 152004163 10180303
15 2 10486 10481 244919 2768476138 1327063 981014
15 3 10309 10304 90187 2776425770 1301800 968044
12 7 10837 10831 2107062 2785782628 1494173 1137139
12 1 10632 10628 913 2785977426 1319721 960556
4 10 10938 10930 3882 2781267690 6388552 960805
10 5 10212 10204 981557 2792112286 1424626 1042775
12 1 10633 10628 6889 2800022466 1293183 961058
2 14 10813 10807 24013 2801108536 2558586 962497
7 9 10126 10126 1585750 2323179668 492934994 1093430
12 1 10634 10628 2584 2815696624 1257315 960698
4 12 10290 10284 477 2819738760 1137572 960522
13 2 10654 10649 917 2819613790 1457933 960557
11 3 10822 10819 9439 2832592892 1142910 961273
12 3 10752 10747 27377 2833985762 1299848 962777
8 0 10754 10749 25258 2834438490 1130369 962600
15 3 10310 10304 1158 2837393074 1127030 960580
13 2 10655 10649 35350 2840020250 1132436 963446
3 15 10856 10850 26931 2857471720 2261003 962738
4 12 10292 10284 709 2860706532 1360561 960540
4 11 10730 10720 3841 2863076280 2729737 960802
7 9 10129 10126 112065 2854650290 18101603 969879
9 4 10660 10656 11535 2874088808 1416990 961448
14 7 10459 10450 31038497 2861826590 17930091 3562749
13 6 10707 10700 50365773 2822329968 59261600 5183147
10 6 10894 10889 1616 2883958208 1292498 960616
6 12 10622 10619 66729 2897402444 4522165 966075
11 2 10919 10913 6929959 2902721850 3594858 1541487
8 3 10236 10232 256786 2907165588 1492871 982009
9 6 10648 10639 62965638 2847076068 65505095 6239520
8 1 10375 10368 1843026 2913741776 1468963 1115003
2 9 10771 10769 435 2922634104 1349947 960518
4 12 10293 10284 165 2926388550 1135830 960497
5 14 10444 10439 2002645 2429279898 501562945 1128383
3 14 10908 10902 779 2929592338 1298771 960546
3 15 10857 10850 241 2950525890 1204489 960503
12 1 10636 10628 301865 2971169024 1335889 985788
14 5 10598 10592 3645 3002323836 1392495 960786
4 13 10742 10738 4911 3011664548 1232376 960892
15 6 10627 10621 183808 3036748370 2811014 975891
8 0 10757 10749 3722 3043604010 1292936 960793
15 3 10316 10304 219448 3047100720 1162370 978880
1 9 10407 10400 2307 3048623198 1218513 960676
6 11 10441 10431 44860 3045109924 4790831 964241
2 9 10774 10769 7884 3054382344 4242803 961141
11 6 10582 10579 458774 3058940426 1299156 998944
10 0 10580 10573 2626287 3063034152 1648502 1180670
12 7 10839 10831 3154 3064028278 1194756 960747
14 0 10290 10280 5799 3069333488 2752051 960966
8 0 10758 10749 10117 3071695664 1294052 961331
11 7 10459 10452 3 3079135194 1292246 960484
13 1 10088 10076 762755 3080946260 1395812 1024430
13 0 10894 10888 20344900 3065738010 20472273 2666196
13 5 10238 10229 301564 3086453246 1343397 985764
9 0 10186 10176 10555 3086801292 1128222 961366
13 7 10322 10316 2532105 3092726606 1625720 1172775
14 3 10119 10113 2279 3105304036 1169674 960673
1 8 10166 10156 341 3111079708 1513199 960511
9 0 10187 10176 5344 3114379730 1293020 960930
11 3 10826 10819 75072 3134007362 1140656 966777
2 14 10817 10807 32896 3130773438 5703825 963238
6 10 10647 10641 9801 3131807964 4909911 961302
15 1 10493 10482 53641 3148036356 1284657 964978
10 5 10214 10204 328 3149699962 1292121 960510
2 15 10936 10919 20868 3152104192 1291204 962230
6 15 10317 10307 124 3156753242 1287251 960493
14 7 10462 10450 3912517 3161103944 1639564 1288507
12 4 10839 10833 11036 3162865040 1131579 961408
10 2 10061 10051 661728 3174971204 1381996 1015960
8 5 10259 10244 19172 3191715764 1408027 962090
0 15 10926 10916 38804 3190595748 5101832 963734
9 7 10766 10759 18542713 3193373096 15101649 2515102
14 1 10550 10546 128465219 2778030644 437043974 11731006
8 3 10238 10232 1205158 3221247066 1431817 1061523
5 11 10608 10588 1847 3227538270 2830332 960635
7 13 10951 10935 6967 3254258872 2539464 961064
10 0 10583 10573 97096 3285987906 1184720 968624
6 14 10799 10786 4915 3289359388 1127387 960892
11 1 10398 10391 24520 3297663542 1130892 962537
8 5 10260 10244 30815387 3247663556 51328565 3544044
9 2 10802 10797 56716765 3208984398 94214289 5715614
13 2 10657 10649 31604351 3274544524 31179601 3610191
1 10 10138 10129 1171 3309502048 1403203 960581
3 9 10030 10020 13664 3304645900 11686564 961626
6 13 10288 10281 14131 3324821076 4841123 961668
3 12 10246 10238 30473 3338187800 12861231 963036
10 6 10898 10889 376313 3352055234 1532869 992032
6 9 10888 10881 5995 3361169552 1265575 960982
7 11 10771 10760 27945 3381379260 7521226 962823
9 7 10769 10759 1262953 3387637814 1533486 1066366
15 4 10721 10712 20576 3393948616 1273030 962206
10 6 10900 10889 11276036 3407019426 17873245 1905866
0 9 10560 10553 7970 3425582428 1127965 961148
10 5 10216 10204 24893 3427687528 1130623 962567
15 6 10633 10621 3165619 3430817986 1559284 1225886
7 12 10993 10984 902 3436004124 1172630 960556
4 14 10647 10639 27736 3432503492 15150028 962806
10 4 11008 10999 860 3449673022 1291226 960552
14 0 10293 10280 1042050 3454451778 2858262 1047849
10 2 10064 10051 46848608 3402027214 56455388 4888268
8 3 10239 10232 3969 3474879114 1127227 960812
12 5 10929 10925 209308833 2574832486 902255424 18508933
10 2 10065 10051 42146 3477550496 1297981 964016
4 8 10450 10437 45093 3483280630 1136779 964264
1 11 10114 10108 20855 3478249556 6972937 962229
9 3 10743 10732 6884694 3484305196 1896463 1537693
11 6 10588 10579 642160 3486384782 1226392 1014321
13 7 10324 10316 676 3502617018 1286271 960537
13 1 10092 10076 148096 3503055580 1153250 972899
10 4 11006 10999 93256731 3325756402 181741476 8779125
6 13 10291 10281 75540 3485452986 24181955 966815
9 4 10665 10656 844 3511707960 1149146 960551
9 2 10804 10797 520 3528552988 1260372 960525
15 2 10492 10481 1038585 3547524254 1424615 1047556
7 14 10696 10684 812 3552295060 1235644 960548
5 13 10858 10858 4511255 2176442438 1379484959 1338706
12 0 10756 10747 33666020 3541087648 20990155 3783042
15 1 10496 10482 365155 3566232362 1350600 991097
0 11 10642 10628 1374 3581567350 1133723 960597
15 7 10047 10040 1619 3585105414 1312805 960617
4 11 10737 10720 29602 3593944936 6359262 962963
7 14 10697 10684 1120 3602754188 3643007 960577
10 2 10070 10051 2209 3612502708 1307043 960668
2 10 10413 10400 11726 3613386630 1167731 961464
8 1 10379 10368 3866 3626612640 1237363 960804
6 12 10627 10619 22879 3629736130 4546392 962398
2 8 10537 10526 39906 3640609754 5131018 963826
14 0 10296 10280 21616997 3597810628 62805382 2772849
9 2 10805 10797 49840041 3611604940 66088126 5139072
8 6 10161 10152 21463 3689383580 1375041 962281
12 3 10758 10747 336 3704900984 1126059 960510
9 5 10985 10967 68814 3719407932 1295751 966250
3 11 10073 10063 3810 3710888560 10645407 960800
3 12 10241 10238 2705977 2811139366 927148468 1187349
13 6 10709 10700 20799110 3723387892 16076529 2704280
11 7 10463 10452 144113 3746048546 1147533 972565
15 6 10634 10621 1795 3748866704 1292830 960631
0 12 10377 10364 7627 3756702944 1128449 961120
4 8 10452 10437 2563 3757778002 1197061 960696
8 2 10303 10294 4765 3767545504 1292931 960880
10 0 10591 10573 874 3773137736 1126799 960553
14 1 10554 10546 332471 3774284090 1165468 988356
11 3 10829 10819 2458 3781665332 1289032 960688
9 2 10807 10797 28308 3782483004 1331277 962856
12 5 10942 10925 57897 3790221302 1144224 965334
9 4 10667 10656 47060 3790284990 1304993 964429
7 10 10512 10495 1141 3791407888 1385990 960578
7 9 10137 10126 45751 3771451510 22445196 964316
12 3 10760 10747 2894 3794714766 1293121 960723
2 8 10540 10526 1952 3802199102 1384946 960643
6 14 10806 10786 45676 3804199828 1134657 964310
15 3 10319 10304 26343 3808408168 1187904 962691
7 13 10954 10935 3760 3809828522 2585873 960796
4 8 10455 10437 58841 3798594508 19721097 965413
3 8 10078 10064 573 3829441800 1126772 960529
8 7 10734 10732 217606493 2580805700 1250841000 19204610
13 3 10258 10248 17142 3832192262 1355759 961920
15 5 10201 10182 11899 3834384938 1235723 961478
9 3 10745 10732 62519141 3808471056 32017205 6202088
14 7 10468 10450 143595 3860862532 1309551 972520
0 9 10565 10553 38950 3857856598 4636986 963745
0 8 10294 10277 3983 3865051080 1288201 960814
4 11 10739 10720 96647 3855463196 13341581 968584
7 9 10138 10126 759 3877415314 1561878 960544
4 8 10457 10437 112901 3860250650 27985783 969946
8 1 10382 10368 73986 3890751688 1138365 966683
14 2 10731 10719 76484 3892740226 1456894 966894
15 5 10203 10182 109966 3899978802 1163416 969699
9 5 10988 10967 459 3900256168 1154249 960520
12 7 10846 10831 641455 3900888358 1363556 1014261
15 0 10698 10675 3295185 3901043476 1657084 1236751
8 7 10745 10732 595923 3903285950 1370505 1010442
3 10 10466 10457 693 3938392492 1126491 960539
14 1 10557 10546 2809865 3961704002 1602644 1196059
6 13 10299 10281 944 3971024712 1288937 960559
11 7 10464 10452 16477127 3963159974 10175398 2341925
11 4 10380 10359 636322 3986530706 1387387 1013831
5 14 10452 10439 971585 3717390968 310732906 1041939
9 3 10746 10732 115320611 3921073592 123129321 10628961
12 5 10944 10925 78129712 3876072648 173215560 7510876
1 15 10858 10839 1452891 3615652458 495487351 1082290
10 6 10899 10889 188185927 3353670208 786434841 16737988
14 3 10121 10113 265561776 3319890308 841093835 23225180
10 4 11009 10999 265449410 3582253022 612579597 23215760
13 2 10664 10649 162345116 3555881594 657477605 14571497
13 6 10706 10700 185563562 2807054554 1421255838 16518130
6 11 10440 10431 3655912 2924292696 1362963992 1266992
0 11 10636 10628 4119888 2962652644 1325556429 1305891
4 8 10443 10437 4167393 2812946532 1504532164 1309876
1 12 11005 10998 3252825 3318248486 1000358202 1233197
2 11 10901 10891 4334454 2993755758 1325030841 1323882
4 9 10940 10931 3316031 3331979408 988498699 1238499
3 9 10031 10020 2131227 3510846368 827833575 1139165
7 14 10692 10684 2859836 3273810274 1114187423 1200249
3 11 10068 10063 3546049 3084802560 1321262004 1257784
6 9 10886 10881 4623507 3051025828 1393161646 1348116
3 14 10912 10902 4142018 3075462868 1387551945 1307750
0 15 10916 10916 7266445 2121243878 2358518202 1569700
4 10 10941 10930 3982914 2889089842 1623204486 1294407
1 11 10115 10108 2802110 3680935336 872035306 1195412
4 10 10931 10930 7062463 2179699948 2434046669 1552598
7 13 10938 10935 5646156 2542344086 2101489255 1433856
1 15 10852 10839 5160693 3147137902 1512610318 1393153
2 14 10818 10807 4835831 3187544198 1487327062 1365916
1 8 10160 10156 6468529 2680817118 1997653292 1502803
4 14 10646 10639 4947033 3350321708 1334057623 1375242
0 12 10375 10364 3907135 3460063290 1239320538 1288057
0 14 10957 10952 7260948 2833020648 1884633713 1569238
6 13 10290 10281 5701133 3388255010 1355970460 1438466
5 8 10359 10350 5781649 2949357364 1815447346 1445214
4 13 10740 10738 6041531 2485921054 2320909850 1467003
7 12 10997 10984 3805766 3747186840 1092782869 1279556
7 10 10513 10495 3136824 3871040316 1011828509 1223472
5 13 10873 10858 4111015 3756048202 1128210902 1305151
4 15 10366 10354 4081552 3653307968 1243288628 1302679
3 15 10868 10850 3229621 3730372426 1178808129 1231252
6 13 10292 10281 3614999 3501196946 1416431344 1263561
1 8 10172 10156 3498708 3592000920 1352382401 1253812
0 10 10494 10477 4302962 3663080920 1301624992 1321240
9 6 10650 10639 429772641 3176240600 1806248298 36992619
7 12 10987 10984 5637652 2851681746 2151094755 1433142
5 11 10598 10588 6881830 2683592894 2329258236 1537453
15 1 10484 10482 372126540 2230018082 2813894770 32159570
5 10 10967 10956 4141349 3784160602 1268362560 1307693
15 2 10483 10481 316667149 2706005964 2383884042 27509857
4 8 10456 10437 5170561 3839716980 1277494434 1393981
7 14 10685 10684 6203268 2678129962 2457937840 1480564
2 11 10906 10891 5699110 3728605882 1410589035 1438296
3 11 10066 10063 9437268 2376285416 2820086008 1751703
2 9 10773 10769 6726849 2990874210 2209985439 1524459
1 9 10408 10400 6831757 3121076094 2083885618 1533255
0 11 10645 10628 5267600 3806540098 1425958745 1402117
3 8 10064 10064 11950833 2085885358 3183052691 1962438
3 15 10867 10850 7879418 3711881758 1563399577 1621092
1 11 10113 10108 5556390 3398590036 1895975745 1426330
6 15 10316 10307 7658242 2832551426 2546215949 1602549
8 0 10756 10749 528077794 2975812264 2473454033 2284850
4 14 10650 10639 8843489 3912451100 1540622560 1701920
6 11 10446 10431 9235877 3541366116 1922925340 1734816
1 9 10410 10400 6660280 3672023396 1823399426 1518880
0 8 10281 10277 9865846 2590126414 2970229137 1787633
5 14 10448 10439 8367657 3080338144 2528909865 1662025
0 10 10485 10477 8120126 2742286362 2867191496 1641274
4 9 10942 10931 10977723 3389636282 2236737116 1880853
5 12 10667 10657 10149992 3338632258 2289530801 1811455
1 13 10231 10218 11231314 3514128040 2120360213 1902116
4 8 10449 10437 9501795 3284280204 2350309196 1757111
0 15 10920 10916 10144005 2341938860 3339279311 1810957
0 10 10481 10477 11580573 2420932034 3337990479 1931396
7 14 10701 10684 12620386 3816645914 1958147284 2018575
2 13 10362 10352 13196545 2933933774 2984306891 2066880
10 7 10129 10125 594916890 3169485778 2768266820 7888639
2 12 10290 10283 15018016 2593019198 3363537105 2219594
3 12 10240 10238 13500293 2301533034 3669801314 2092347
2 8 10530 10526 13148185 2600931830 3372265706 2062826
3 8 10069 10064 12324021 2958011044 3015478100 1993729
7 14 10702 10684 16481608 3841395630 2153173525 2342299
6 11 10443 10431 14569749 3377111152 2617786621 2182008
