15 11 10637 10637 2036655 2003265846 279420 250994
5 2 10440 10440 2400 2008302845 80464 80443
5 15 10923 10923 360316 2003203355 10234321 10230611
2 0 10612 10612 170001 2014931430 36116 34416
6 3 10910 10910 410054 2021767795 118797 114622
10 2 10051 10051 8584 2014880491 10201254 10201121
6 0 10398 10398 5681326 2024650826 708133 556564
10 4 10999 10999 19013 2017520495 10202282 10201997
1 5 10242 10242 75972262 2019995316 9099517 6449757
10 11 10072 10072 417029 2029007493 98504 55127
8 10 10164 10164 85201 2038723434 29332 27306
10 7 10125 10125 12099632 2028351233 11377062 11214834
2 5 10972 10972 7680 2050303620 80970 80885
14 15 10233 10233 16498284 2048355996 3349571 1403378
15 5 10182 10182 12373 2041784431 10286371 10201439
9 13 10204 10204 3413362 2053003380 722834 366418
3 6 10890 10890 9464 2053787904 82538 81035
8 15 10521 10521 3328650 2053407330 706066 359315
12 9 10743 10743 477804 2055702524 170149 120299
12 3 10747 10747 8140493 2037614610 21301337 10882900
4 2 10375 10375 920882 2061848055 238893 157447
13 10 10074 10074 155324 2062620459 178921 93264
1 6 10137 10137 215669 2063442560 109681 98322
3 9 10020 10020 176028 2053523139 10300830 10215161
10 11 10073 10072 13403 2082330607 21390 21286
9 8 10093 10093 867048 2088786609 346390 92856
13 14 10510 10510 2486448 2094545379 455263 228625
15 12 10347 10347 8035498 2093080787 2219163 693858
6 12 10619 10619 23271 2095917595 10286710 10202353
5 4 10829 10829 1509858 2107620107 303973 146747
7 6 10169 10169 22360 2111282793 23079 22037
4 6 10531 10531 8082 2113029261 20903 20841
5 4 10830 10829 151003 2115583407 48465 32823
10 6 10889 10889 903 2110505624 10284361 10200476
12 2 10036 10035 10268 2086506733 41217215 10201263
7 9 10126 10126 10799 2119345696 10293121 10201306
0 14 10952 10952 3069378 2121932232 10648985 10457739
2 5 10973 10972 12788 2136098725 81599 81312
7 5 10416 10416 807077 2145127571 101911 87828
5 6 10228 10228 479446 2156568138 110230 60358
9 11 10078 10078 5436 2165700498 29871 20617
15 14 10609 10609 6966281 2167347748 2095669 604215
6 15 10307 10307 2409389 2163365479 10655197 10402405
7 6 10170 10169 221118 2174770686 61694 38701
10 11 10074 10072 2433440 2184071288 340291 224181
12 15 10831 10830 221258 2186846003 210486 38713
7 6 10172 10169 16551 2188748630 25160 21549
0 15 10916 10916 2868068 2181635487 10763031 10440862
4 7 10039 10039 8064673 2192457834 2201104 696303
3 0 10069 10069 2259560 2204612507 690028 209603
12 15 10830 10830 214676070 2121205394 88920133 18018605
8 11 10745 10745 52173 2218953068 42591 24537
10 8 10997 10997 166149 2224236475 35908 34093
8 9 10793 10793 222860413 2132483204 95707568 18704779
12 13 10497 10497 18945315 2094165551 134536240 1608537
13 14 10511 10510 121577 2232144272 44448 30354
9 8 10094 10093 24223064 2235375622 6979980 2051025
13 12 10223 10223 116362 2244281864 43512 29918
1 7 10804 10804 35595 2247615316 230823 83225
3 4 10192 10192 130366 2253266277 376678 91172
15 14 10610 10609 5985068 2251484793 5151931 521951
14 12 10344 10344 983737 2274670060 391485 102637
14 13 10598 10598 382150917 2068871464 206442922 32059693
3 5 10663 10663 1307 2276892550 359523 80352
5 7 10893 10893 99185034 2271323512 26556080 8335836
4 7 10040 10039 264163 2310157428 144480 42310
12 14 10163 10163 951358 2323939574 600510 99924
0 3 10798 10798 44619 2328703433 33878 23902
8 11 10746 10745 15989 2344468144 116554 21500
2 3 10524 10524 117806139 2141596018 209117805 9897030
14 13 10599 10598 622446 2360485801 145135 72348
7 4 10556 10556 3790 2379086361 22022 20478
14 13 10600 10598 40185 2379816669 27119 23532
0 1 10394 10394 7196 2380109796 21701 20766
5 7 10894 10893 9206 2386704940 23813 20934
0 7 10769 10768 1625 2391024459 275468 80377
3 2 10525 10525 7140 2398222729 24343 20761
0 2 10783 10783 11393 2403598831 23279 21117
12 13 10500 10497 52876 2440857290 54752 24593
15 12 10348 10347 252356 2470044320 233773 41320
0 2 10784 10783 9406 2475873189 22897 20950
9 11 10079 10078 1627342 2501062087 1092301 156598
15 12 10349 10347 3554974 2504297701 3027625 318209
3 1 10949 10949 32464642 2488225894 21199423 2741996
0 1 10395 10394 9880100 2515230277 6283082 848511
2 1 10296 10296 894105439 2379590185 176598174 32032289
2 3 10525 10524 1423 2559438508 20508 20281
11 8 10687 10687 3877 2584698985 22113 20485
5 6 10230 10228 142432246 2361856655 250768390 11961682
4 7 10041 10039 5498 2626803526 23203 20622
14 13 10601 10598 113511423 2470061396 162228194 9536959
7 5 10417 10416 26164 2661727704 38327 22356
13 12 10224 10223 15857338 2668754402 6095926 1349641
0 1 10396 10394 6797763 2693012570 2848426 590085
3 2 10526 10525 64237 2711266279 68649 25548
15 13 10186 10184 195127 2721626330 210951 36522
10 9 10054 10054 1540078363 2244084007 495303160 291313
5 6 10229 10228 593710869 2227443995 516496885 6847206
15 13 10187 10184 100196 2753767432 134507 28563
6 4 10482 10482 144590 2754010283 76057 32284
15 12 10350 10347 21933380 2749274734 23204882 1859056
12 13 10502 10497 18663981 2757879281 19926522 1584948
10 14 10593 10593 55715 2780984540 268397 84912
12 14 10164 10163 782783 2786980785 719231 85789
9 11 10080 10078 97283676 2713633144 86173770 8176424
0 1 10397 10394 29624 2808919582 28522 22645
12 14 10165 10163 2184 2818021789 22535 20346
2 6 10293 10292 486 2827414934 247725 80282
1 3 10606 10606 377150 2832562775 162121 51783
11 10 10530 10530 1857337 2853270034 1268681 175881
11 10 10531 10530 1314211 2865431903 900155 130346
5 4 10831 10829 84911 2872061243 47241 27279
5 6 10231 10228 4282 2888136551 21047 20521
0 3 10799 10798 464787 2898167418 194692 59128
8 10 10165 10164 24166124 2917148942 11380747 2046251
15 12 10351 10347 1626 2944383422 22045 20297
10 11 10075 10072 1063335 2964277084 628240 109312
5 4 10832 10829 2691 2967249119 21219 20386
4 7 10042 10039 15231 2969350303 33051 21439
15 14 10611 10609 34699 2977306891 57752 23070
