5 15 10923 10923 90079 2000800838 1207827 1207955
15 5 10182 10182 509163 2000816460 1242610 1243091
5 9 10686 10686 600 2002075710 1200270 1200451
10 1 10755 10755 2146 2003720122 1200528 1200583
2 8 10526 10526 42500 2003732856 1203876 1203965
10 2 10051 10051 4753 2004380122 1200743 1200799
6 9 10881 10881 102513 2005441948 1208857 1208996
6 8 10147 10147 1420331 2006162704 1318341 1319483
1 10 10129 10129 18993065 2004998828 2777042 2792782
10 5 10204 10204 31369 2007251870 1205473 1203032
10 3 10157 10157 3024908 2007087806 1458286 1454008
1 10 10130 10129 242214 2008728290 1220631 1220710
12 6 10873 10873 1046 2009403652 1200439 1200491
8 6 10152 10152 6654 2009680858 1201453 1200959
9 0 10176 10176 6646 2010048686 1202286 1200958
15 5 10183 10182 21300 2010446104 1203858 1202188
9 6 10639 10639 18411491 2009523378 2729073 2744021
14 2 10719 10719 3093 2012383690 1230088 1200662
2 13 10352 10352 69513 2012575902 1206220 1206229
3 15 10850 10850 4124571 2013380784 1544564 1546205
14 1 10546 10546 3643401 2012088998 4187552 1505865
4 10 10930 10930 1920 2015462012 1200640 1200561
0 12 10364 10364 40809628 2012066622 4666871 4621880
0 14 10952 10952 853340 2015472988 1301883 1271946
13 7 10316 10316 832162 2015655114 1269501 1270171
9 4 10656 10656 44007 2015870346 1205829 1204093
9 3 10732 10732 2366 2015936536 1200573 1200600
9 1 10240 10240 13562198 2011873678 5957684 2337457
3 12 10238 10238 119451 2016682656 1210365 1210416
9 5 10967 10967 488 2017156972 1200388 1200442
0 11 10628 10628 96478 2017601158 1208802 1208490
2 10 10400 10400 2311799 2017604224 1392457 1394222
2 9 10769 10769 230220 2019431218 1219644 1219704
8 5 10244 10244 38831 2019505118 1203607 1203656
5 11 10588 10588 53917 2019812242 1204885 1204920
3 11 10063 10063 622336 2019824950 1252070 1252579
10 5 10205 10204 111772 2020582648 1209665 1209771
0 8 10277 10277 59287 2021256770 1205818 1205373
0 13 10513 10513 128220 2022927390 1211578 1211152
12 5 10925 10925 3350 2023949654 1200922 1200683
6 10 10641 10641 16427 2023979396 1277530 1201779
3 9 10020 10020 2567 2024383706 1209332 1200616
1 12 10998 10998 216762 2024516406 1279773 1218574
12 1 10628 10628 8383519 2021502234 4805892 1903276
14 7 10450 10450 52727 2025589784 1216448 1204821
0 8 10278 10277 63999 2026107534 1211860 1205765
14 7 10451 10450 621612 2026697138 1255344 1252517
5 14 10439 10439 643 2027272218 1200524 1200455
8 6 10153 10152 5817 2027486348 1201034 1200888
14 0 10280 10280 4558388 2025076980 4609891 1582577
6 14 10787 10786 7335 2029185854 1367362 1201017
3 14 10902 10902 4736328 2026298410 4544048 1597496
11 2 10913 10913 377464 2030461546 1242258 1232048
7 14 10684 10684 685722 2030734160 1298838 1257892
12 3 10747 10747 225 2030993408 1200416 1200421
10 6 10889 10889 11681 2031221150 1201599 1201380
5 11 10589 10588 5590 2031336778 1200920 1200870
3 11 10064 10063 2020 2031837778 1200734 1200573
2 10 10401 10400 37750 2032226518 1205268 1203565
11 5 10552 10552 34202 2032452370 1203381 1203270
4 13 10738 10738 28458 2032514258 1203040 1202788
5 12 10657 10657 2160 2033352502 1246090 1200584
14 7 10452 10450 1235567 2033734150 1455259 1303991
5 15 10924 10923 767344 2034284660 1269990 1264736
12 1 10629 10628 1854 2035118404 1200551 1200556
6 14 10786 10786 49375864 2025273218 11263436 5340072
7 11 10760 10760 196688 2036446786 1314197 1216891
13 6 10701 10700 91568 2036659006 1209260 1208078
14 2 10720 10719 3197 2038876672 1200727 1200671
0 12 10365 10364 18381918 2034713108 5991397 2741540
14 2 10721 10719 201769 2040250994 1282844 1217317
14 6 10945 10944 69521 2040440848 1244968 1206230
10 4 10999 10999 13754507 2033970758 9400703 2353579
2 11 10891 10891 119861 2042472700 1210515 1210449
14 6 10946 10944 957646 2043181066 1317252 1280690
2 14 10807 10807 1078350 2043262856 1333685 1290811
14 6 10944 10944 51538141 2024362378 20484373 5521361
5 8 10350 10350 11510 2043686996 1201660 1201366
14 1 10547 10546 147148 2043700554 1221091 1212740
1 15 10839 10839 602347 2043744878 1255835 1250903
9 6 10640 10639 41481 2043889292 1205161 1203879
12 5 10927 10925 1359 2044093594 1200764 1200516
8 0 10749 10749 7500 2044348318 1221825 1201030
4 15 10354 10354 1741570 2044792044 1370823 1346414
11 0 10164 10163 2039 2046187956 1205214 1200574
1 13 10218 10218 4068882 2045899716 1586067 1541535
3 8 10064 10064 11950833 2042942676 4571112 2202358
11 0 10165 10163 1726565 2046456562 1460359 1345156
13 1 10076 10076 29451534 2039869994 8205374 3669618
6 12 10619 10619 3629075 2046645238 1606909 1504665
3 11 10065 10063 238 2047423380 1200502 1200422
6 8 10148 10147 120712 2047637796 1210734 1210521
1 9 10400 10400 8496 2049862600 1201484 1201114
8 5 10245 10244 608360 2050064450 1264769 1251407
11 0 10166 10163 47392 2050515014 1207494 1204375
1 15 10840 10839 55314 2050584770 1212219 1205040
2 15 10919 10919 87920 2050678158 1210188 1207771
8 1 10368 10368 308245 2051141352 1226734 1226246
8 1 10369 10368 29636 2051459574 1203889 1202886
6 11 10431 10431 4137 2051478762 1200965 1200750
10 4 11000 10999 2974641 2051526404 1460690 1449795
1 14 10512 10512 203675 2052153908 1229003 1217477
2 11 10892 10891 2016168 2052015098 1379904 1369438
7 13 10935 10935 248625 2052515910 1262311 1221246
7 12 10984 10984 55715103 2036717530 17075506 5871557
4 9 10931 10931 117411 2053023712 1215227 1210246
9 7 10759 10759 159063 2053642682 1214683 1213739
4 8 10437 10437 2546682 2053653828 1629102 1413915
11 2 10914 10913 549830 2054464916 1429941 1246498
0 8 10279 10277 564890 2056031478 1249036 1247760
4 12 10284 10284 110641 2056227594 1209780 1209677
5 9 10687 10686 2680 2056498300 1200795 1200625
9 5 10968 10967 1470477 2057865106 1404624 1323686
11 5 10553 10552 13043 2058666474 1269259 1201497
14 7 10453 10450 1402 2060629360 1283629 1200519
8 2 10294 10294 43811 2061250214 1222129 1204073
0 15 10916 10916 7266445 2060621934 1926232 1809620
12 6 10874 10873 9032 2061512374 1201741 1201160
4 12 10285 10284 90180 2062271932 1215902 1207963
13 5 10229 10229 15694 2061233116 2588018 1201716
11 0 10163 10163 103842919 2036848898 28475621 9906590
15 1 10482 10482 2462046 2064273278 1584739 1406821
3 13 10970 10970 19763 2064981376 1202250 1202057
4 14 10639 10639 29090 2066003426 1203059 1202842
9 3 10733 10732 8898 2066195474 1201379 1201146
13 1 10077 10076 71599 2066194998 1207294 1206404
6 13 10281 10281 11467 2066309280 1201610 1201363
14 4 10471 10471 87523 2066724470 1207870 1207739
9 7 10760 10759 83078 2066805774 1207534 1207368
2 12 10283 10283 6055766 2063355232 4871514 1708116
7 11 10761 10760 51806562 2046485724 22313827 5543863
0 10 10477 10477 32591 2068194918 1204006 1203134
8 3 10232 10232 21973 2068266004 1203206 1202242
2 15 10921 10919 684725 2068496134 1277051 1257808
10 5 10206 10204 90478 2069035280 1214705 1207987
2 10 10402 10400 6475 2069176034 1201245 1200944
10 4 11001 10999 289483 2070677432 1242280 1224672
14 0 10281 10280 1793451 2070627024 1396705 1350765
9 7 10761 10759 48984 2071292070 1204820 1204506
9 5 10969 10967 56 2071330624 1200298 1200408
2 10 10403 10400 326 2071773298 1230453 1200429
13 1 10078 10076 906 2072137230 1200400 1200476
8 5 10246 10244 24162424 2060423966 13516999 3226179
15 5 10184 10182 45023506 2055119094 19411687 4975172
2 15 10922 10919 6241 2073486516 1201251 1200926
12 3 10748 10747 922855 2074018660 1289970 1277772
5 12 10658 10657 200569 2075679390 1220287 1217217
10 0 10573 10573 40680 2076000240 1204459 1203811
12 4 10833 10833 516560 2076768856 1326229 1243710
0 11 10629 10628 277 2076948676 1242943 1200426
0 12 10366 10364 892808 2077260112 1322666 1275253
0 10 10478 10477 501881 2078910114 1282854 1242478
4 12 10286 10284 470708 2079629408 1252080 1239865
13 3 10248 10248 66040 2080010372 1280194 1205940
13 6 10702 10700 4036 2080543030 1200917 1200742
1 10 10131 10129 8772 2080501190 1303264 1201136
9 4 10657 10656 2588150 2080989638 1436673 1417393
14 0 10282 10280 6370219 2080714962 1766629 1734482
4 8 10438 10437 7806 2081447104 1201379 1201055
11 5 10554 10552 6424637 2075425818 7942649 1739042
4 14 10640 10639 90519 2082220894 1226421 1207990
7 13 10936 10935 45597 2082561674 1242957 1204224
11 1 10391 10391 11154 2083185734 1202090 1201338
10 0 10574 10573 48835 2084533310 1263876 1204494
2 15 10920 10919 59246438 2054355054 31530627 6167623
15 6 10621 10621 31896146 2074466910 11456363 3874576
14 3 10113 10113 403 2084736304 1246844 1200436
15 0 10676 10675 4520376 2084368926 1750825 1579390
6 11 10432 10431 24796258 2071135028 15005256 3279321
1 14 10513 10512 26149878 2073140538 13589741 3392806
10 5 10207 10204 1258 2085753978 1200610 1200508
8 0 10750 10749 988 2085785508 1200441 1200482
7 13 10937 10935 27934 2086226614 1204053 1202742
0 10 10479 10477 859683 2087067884 1279832 1272477
15 5 10185 10182 3997 2087363724 1201274 1200735
7 12 10985 10984 71593 2088065270 1207360 1206403
2 13 10353 10352 20595292 2076613142 13174237 2927112
9 4 10658 10656 9206 2088755368 1201542 1201174
5 13 10858 10858 4511255 2088221214 2222350 1578626
11 1 10392 10391 26331 2089833956 1219952 1202610
4 10 10931 10930 7062463 2089849966 1914337 1792518
5 9 10688 10686 10411 2091056262 1203197 1201275
12 6 10875 10873 155611 2091904356 1221253 1213447
14 2 10722 10719 7559582 2090010986 3144390 1834196
5 14 10440 10439 69542892 2078614744 14552399 7030876
13 6 10700 10700 95537729 2021062810 72938757 9210284
5 11 10590 10588 39402962 2077308348 17316540 4503944
6 14 10788 10786 649348 2093768312 1260994 1254843
15 5 10186 10182 2550 2094354764 1228381 1200615
14 3 10114 10113 50161868 2087180912 10055780 5405971
14 7 10454 10450 9559 2096214354 1273523 1201203
1 10 10132 10129 947 2096370302 1200767 1200479
12 6 10876 10873 10046 2096737072 1201626 1201245
9 0 10177 10176 1799 2097141012 1200647 1200551
4 11 10721 10720 2301 2098274704 1200741 1200595
11 5 10555 10552 58966 2098286132 1324315 1205343
2 10 10404 10400 17825 2098787136 1202599 1201895
6 15 10307 10307 12912 2098812096 1201837 1201482
6 11 10433 10431 726603 2099169236 1354826 1261319
14 3 10115 10113 622963 2099323324 1304012 1252629
9 3 10734 10732 406 2099869676 1282408 1200436
8 7 10732 10732 37086 2100187804 1282210 1203512
15 1 10483 10482 454916 2100523456 1303021 1238540
5 9 10689 10686 1785 2101031474 1332551 1200550
2 12 10284 10283 382546 2101482430 1237680 1232474
0 9 10553 10553 2848 2102481580 1200739 1200639
9 7 10762 10759 520540 2103013268 1282677 1244043
9 5 10970 10967 845544 2104584940 1286352 1271292
7 15 10383 10383 18124607 2093843666 13006933 2719968
13 2 10649 10649 83010 2106658924 1210385 1207363
10 0 10575 10573 1753556 2107202106 1480399 1347419
11 0 10167 10163 2065549 2107239798 1521420 1373577
13 2 10650 10649 95377 2109647696 1230666 1208398
7 11 10762 10760 35608061 2093343256 19731505 4185783
8 2 10295 10294 18096 2112333070 1210166 1201920
13 1 10079 10076 7419902 2108404820 5449504 1822484
11 3 10819 10819 369474 2113352554 1341962 1231378
4 14 10641 10639 13219 2113544136 1202380 1201511
5 8 10351 10350 428150 2113915196 1274389 1236299
2 15 10923 10919 87981 2114444918 1210977 1207776
8 3 10233 10232 2003 2115799436 1220895 1200571
1 9 10401 10400 32907038 2094702782 22528456 3959329
6 15 10308 10307 37797 2116093498 1287555 1203569
11 4 10359 10359 14721374 2109021892 9040102 2434642
6 15 10309 10307 52459 2117113668 1206807 1204800
3 10 10457 10457 9228 2117618254 1201315 1201176
2 12 10285 10283 60 2118012298 1200398 1200408
11 6 10579 10579 29717 2118382530 1245004 1202892
0 14 10953 10952 849183 2118758506 1326210 1271598
10 6 10890 10889 7398 2119660036 1252435 1201022
15 4 10712 10712 2982 2119652368 1285954 1200650
3 14 10903 10902 63089 2119808540 1207520 1205692
13 1 10080 10076 61575 2120639558 1209084 1205564
15 7 10040 10040 1696815 2120499102 1577741 1342661
12 7 10831 10831 459292 2120854258 1254292 1238909
3 8 10065 10064 1476 2122913376 1257777 1200525
4 13 10739 10738 158 2124448744 1200520 1200416
5 9 10690 10686 341 2124636410 1200738 1200431
9 6 10641 10639 19477 2124644072 1352852 1202034
15 4 10713 10712 13744 2124725780 1346050 1201553
10 3 10158 10157 162448 2123851692 2561508 1214021
2 14 10808 10807 22212 2125738190 1263963 1202265
7 10 10498 10495 1184510 2126469854 1381232 1299711
2 15 10924 10919 151444 2127716772 1288014 1213099
5 13 10859 10858 116028 2128478372 1264942 1210131
10 5 10208 10204 406835 2129310200 1242329 1234509
2 8 10528 10526 1856227 2129841462 1379061 1356029
10 6 10891 10889 888743 2129956702 1296252 1274913
9 2 10797 10797 16166640 2123417256 8893152 2555812
3 10 10458 10457 23310 2131190814 2538374 1202356
3 12 10239 10238 422241 2131537882 2553173 1235803
8 0 10751 10749 2470025 2133134162 1459695 1407490
15 0 10677 10675 12696 2133886300 1209800 1201465
2 12 10286 10283 2928 2134325954 1204171 1200645
2 8 10527 10526 8116160 2125007340 12706262 1880862
11 7 10453 10452 156404 2137148674 1221870 1213515
14 2 10723 10719 356858 2138013824 2550163 1230319
6 9 10882 10881 22736672 2130908520 10344645 3106643
7 10 10496 10495 64715138 2095131912 46324288 6626120
3 13 10971 10970 121970 2140185752 1294195 1210626
6 13 10282 10281 51165 2140845812 1206094 1204692
13 3 10249 10248 15020 2140471134 2563543 1201663
10 2 10052 10051 64011 2142638548 1208633 1205770
13 7 10317 10316 5840014 2137180874 6788822 1690030
3 9 10021 10020 355 2142737326 1248536 1200432
6 10 10642 10641 6867 2143394302 1201459 1200976
12 7 10832 10831 2920912 2137692602 7096350 1445289
13 2 10651 10649 724133 2143569678 1338730 1261114
0 15 10917 10916 2248308 2143757288 1388553 1388900
6 9 10883 10881 794394 2144375106 1288320 1267004
9 5 10971 10967 26116814 2132415252 13759701 3390034
4 11 10722 10720 47361559 2127759104 18874020 5171194
6 11 10434 10431 4838137 2142122168 4849738 1606032
5 10 10956 10956 11174 2146141076 1201729 1201340
2 12 10287 10283 15072377 2141864428 5902998 2464070
4 9 10932 10931 325996 2147166548 1229961 1227731
4 15 10355 10354 941731 2147474146 1284728 1279355
1 13 10219 10218 3557 2147894240 1358214 1200699
11 4 10360 10359 28328 2148188532 1204081 1202777
6 12 10620 10619 31083 2148403650 1203535 1203009
0 12 10367 10364 969 2151116458 1207581 1200481
12 3 10749 10747 7754 2151649058 1201674 1201051
2 14 10809 10807 50354 2151668036 1206554 1204624
11 0 10168 10163 32192 2151805404 1204482 1203102
3 12 10240 10238 13500293 2150766508 2343233 2332267
13 7 10318 10316 21341 2152248406 1204436 1202191
11 1 10393 10391 2188 2152330138 1213797 1200586
5 15 10925 10923 1302968 2152398186 1322297 1309640
13 1 10081 10076 29675566 2147093712 7539336 3688401
0 15 10918 10916 482688 2153467884 1241499 1240869
4 8 10439 10437 188630 2154086782 1217934 1216216
15 3 10304 10304 15542 2154129886 1203337 1201704
7 11 10763 10760 1804 2154576436 1200865 1200552
15 7 10041 10040 8405043 2153903660 2068643 1905082
5 15 10926 10923 61992 2155233538 1206430 1205597
3 14 10904 10902 30438 2158470144 1221815 1202954
9 1 10241 10240 66101 2159607194 1229698 1205945
7 10 10499 10495 15647112 2158265750 2951889 2512257
7 9 10126 10126 1585750 2161589826 1381692 1333350
5 8 10352 10350 793 2162595794 1200960 1200467
12 6 10877 10873 122579085 2119298252 45170008 11477434
9 3 10735 10732 1374 2163318150 1200551 1200517
1 14 10514 10512 188533 2164223164 1256924 1216208
13 1 10082 10076 25328633 2157968756 7676056 3323954
8 7 10733 10732 691422 2164799320 1293170 1258371
1 9 10403 10400 265317 2165182096 1228514 1222646
1 15 10841 10839 25653 2165475094 1203339 1202552
1 14 10515 10512 4980 2166581590 1201168 1200817
8 6 10154 10152 141969 2167104670 1212351 1212302
5 8 10353 10350 943 2167859418 1200721 1200479
14 6 10947 10944 18708 2168096648 1202622 1201969
0 15 10919 10916 52068 2168847886 1218733 1204768
11 4 10361 10359 46374 2169310202 1206399 1204290
0 12 10368 10364 12285 2169612036 1286513 1201432
1 9 10402 10400 97506586 2118802164 52707266 9375353
5 9 10691 10686 14679 2171403984 1202080 1201631
2 10 10405 10400 6541 2171478676 1201214 1200950
8 6 10155 10152 12931 2170405852 2484280 1201484
9 1 10242 10240 19561 2171743238 1202479 1202041
0 15 10920 10916 10144005 2170969418 2042988 2050877
3 15 10851 10850 10821 2173255900 1286979 1201307
5 14 10442 10439 3964334 2172970922 1845650 1532772
7 8 10103 10103 294889 2173697224 1313596 1225123
5 12 10659 10657 2013704 2173927216 1389860 1369230
8 5 10247 10244 3389909 2173357864 4059442 1484610
11 4 10362 10359 15253 2176651570 1251537 1201681
0 8 10280 10277 23068 2176809778 1240362 1202337
15 0 10678 10675 18860237 2164769618 14898425 2781645
5 8 10354 10350 1699440 2179387614 1436378 1342883
11 5 10556 10552 19406942 2170353728 10527846 2827478
11 7 10452 10452 63857395 2105357750 75867014 6554206
4 10 10933 10930 2673215 2181232648 1549361 1424525
14 7 10455 10450 916 2181725644 1200788 1200477
12 4 10834 10833 819589 2182318742 1285891 1269115
10 1 10756 10755 16059 2183313368 1283973 1201750
8 3 10234 10232 267 2183573568 1294811 1200425
8 6 10156 10152 48781 2184139696 1244012 1204490
9 3 10736 10732 40587174 2169862140 16426537 4603231
6 14 10789 10786 14095 2185216222 1202147 1201585
15 5 10188 10182 24320919 2183619768 4331925 3239466
14 0 10283 10280 49009 2186821216 1284845 1204512
8 1 10370 10368 17803 2186892888 1284139 1201893
11 5 10557 10552 3967595 2187362382 1691640 1533044
5 8 10355 10350 1841 2188326670 1282183 1200554
8 1 10371 10368 1509 2189978238 1201659 1200528
6 11 10435 10431 11300 2190016642 1201674 1201350
14 1 10548 10546 165112910 2082741742 110715319 15043466
3 10 10459 10457 60200 2193329870 1214187 1205450
13 7 10319 10316 12915159 2192100188 2832449 2283210
12 6 10878 10873 1594832 2193737678 1483582 1334111
3 11 10066 10063 9437268 2188142696 7495235 1991623
12 0 10747 10747 10051 2194729140 1201856 1201246
14 6 10948 10944 5483345 2193663592 2566688 1660126
5 14 10443 10439 25049 2195677430 1203509 1202503
7 10 10500 10495 36147 2195773518 1204164 1203433
3 15 10852 10850 5334 2195852872 1201078 1200849
9 6 10642 10639 4665995 2196466744 1589101 1591597
4 12 10287 10284 209589 2197204538 1225327 1217973
5 11 10592 10588 17478 2197566230 1203794 1201867
14 3 10116 10113 8922 2197711744 1201957 1201148
13 5 10231 10229 9415 2198484128 1202816 1201191
13 2 10652 10649 9602 2198722914 1205922 1201206
0 10 10480 10477 576 2198770822 1200657 1200449
13 5 10230 10229 168757815 2075596416 124483321 15349055
2 15 10925 10919 457910 2200432942 1300994 1238791
15 7 10042 10040 13928 2200930478 1225398 1201568
13 1 10083 10076 16434 2201119494 1206120 1201780
11 2 10915 10913 8939 2201448962 1210594 1201149
8 2 10296 10294 616634 2201672470 1253551 1252100
2 14 10810 10807 27118634 2176958264 26043642 3474027
14 1 10549 10546 30914 2202304568 1203577 1202992
0 15 10921 10916 195695 2202705752 1227006 1216808
6 8 10150 10147 55949 2205626672 1207026 1205090
5 11 10591 10588 88508165 2192485578 14662434 8620927
5 11 10593 10588 76298 2206517338 1207297 1206799
6 15 10310 10307 3545488 2206666570 1515931 1497655
7 15 10384 10383 176389 2209057514 1217664 1215190
9 0 10179 10176 7406 2209504082 1201623 1201023
8 5 10248 10244 7617365 2204969200 7703193 1839042
1 15 10842 10839 546 2211497950 1221515 1200447
0 12 10369 10364 26235 2211599460 1266875 1202602
0 10 10481 10477 11580573 2210466002 2445151 2171316
8 1 10372 10368 6300384 2207908462 5096259 1728626
11 1 10394 10391 790 2212353924 1200571 1200467
1 12 10999 10998 411829 2212733388 1246792 1234928
5 11 10594 10588 140698 2212998704 1213633 1212197
2 11 10893 10891 121 2213373452 1200488 1200413
6 14 10790 10786 293044 2214247628 1231347 1224972
5 14 10444 10439 2002645 2214639930 1522042 1368303
0 9 10554 10553 94287 2214951372 1254097 1208307
11 3 10820 10819 5647035 2215874110 1908929 1673851
5 10 10957 10956 239652 2216765220 1225045 1220493
8 4 10584 10584 389031 2216908208 1241468 1233020
12 2 10035 10035 8177 2217175390 1201783 1201088
11 0 10169 10163 28301 2219392440 1204911 1202775
5 13 10860 10858 25774 2220581192 1203968 1202561
2 12 10289 10283 15310812 2211441252 10366203 2484059
14 0 10284 10280 57221 2221497114 1208263 1205200
1 8 10156 10156 21957588 2215867036 8024881 3041325
2 10 10406 10400 514997 2224339940 1270114 1243577
3 8 10066 10064 134842 2224665756 1214014 1211705
7 8 10104 10103 348995 2225218664 1234603 1229659
12 6 10879 10873 365638 2225318474 1243807 1231056
1 14 10516 10512 26533 2225486582 1217186 1202626
13 4 10629 10629 31151 2228043362 1203365 1203014
4 10 10934 10930 21227 2228141548 1202968 1202182
6 14 10791 10786 10115 2228950146 1213323 1201251
14 0 10285 10280 28860 2229137784 1322242 1202820
15 1 10485 10482 922199 2229519710 1368653 1277720
8 4 10585 10584 2253 2230257090 1237555 1200591
3 9 10023 10020 30464 2230567220 1203951 1202956
12 2 10036 10035 25412066 2217761016 14283051 3330951
2 13 10354 10352 40801 2230817650 1237892 1203821
4 11 10723 10720 1070 2230885156 1241549 1200493
2 14 10812 10807 2428 2233329058 1258418 1200605
6 11 10436 10431 32277 2234456902 1281063 1203108
10 7 10125 10125 124591 2235510240 1211611 1210847
1 8 10157 10156 480 2235578170 1282264 1200442
1 15 10843 10839 155838 2235783374 1252079 1213466
14 4 10472 10471 7203482 2233146528 4565955 1804341
9 3 10737 10732 278011 2237643920 1310226 1223712
13 0 10889 10888 26385575 2228316762 10880469 3412568
13 0 10890 10888 23918 2239626116 1203311 1202405
15 1 10486 10482 1934 2240111122 1200808 1200562
9 4 10659 10656 35691 2240457024 1205024 1203393
13 2 10653 10649 2012 2240774898 1200902 1200572
6 11 10437 10431 370633 2242002166 1242711 1231475
13 6 10703 10700 61537 2243311266 1207958 1205561
2 15 10926 10919 11942266 2235382324 9235082 2201642
15 2 10481 10481 9518 2243611420 1202121 1201199
6 15 10311 10307 10621 2244243608 1201883 1201291
9 2 10799 10797 41905932 2223742064 22144130 4713793
0 9 10555 10553 1982061 2244652606 1561759 1366579
9 6 10643 10639 18605 2246849792 1202425 1201961
4 13 10740 10738 6041531 2242960512 5155908 1706923
8 2 10297 10294 35052 2247037204 1203745 1203342
15 1 10487 10482 3377 2247386620 1212608 1200685
3 15 10854 10850 2233 2247897604 1208766 1200590
6 14 10792 10786 119251 2248204122 1239556 1210400
5 11 10595 10588 8883 2248384128 1269249 1201145
5 11 10596 10588 149072 2248788716 1247049 1212901
12 6 10880 10873 406 2249622826 1200563 1200436
0 11 10630 10628 17940038 2244600270 7787210 2704496
13 1 10084 10076 52902 2252784934 1294090 1204835
7 11 10764 10760 1131 2253048138 1278649 1200498
9 2 10800 10797 2131 2254154486 1200848 1200582
15 5 10189 10182 22289 2255084308 1204075 1202271
15 3 10305 10304 1547666 2255675968 1427447 1330157
12 5 10928 10925 265833 2257853692 1233065 1222688
12 6 10881 10873 678 2257942396 1200414 1200458
15 0 10679 10675 71 2258501230 1200411 1200409
1 15 10846 10839 3369 2259459476 1210197 1200684
4 8 10440 10437 189379 2259459678 1239625 1216279
7 9 10127 10126 88888 2259690298 1265836 1207852
5 10 10959 10956 19853 2259733040 1268367 1202065
9 0 10180 10176 3318 2260349814 1264148 1200680
9 0 10181 10176 116717 2260505308 1222885 1210186
1 12 11000 10998 2640 2260587316 1333343 1200622
1 9 10405 10400 7631 2261438672 1201489 1201041
6 11 10438 10431 504259 2261610206 1244923 1242679
9 6 10644 10639 701 2262381348 1200557 1200459
2 14 10811 10807 66627938 2214638308 49728041 6786486
15 1 10488 10482 813078 2264161754 1397066 1268572
10 0 10576 10573 18559 2264837214 1307764 1201957
10 6 10892 10889 6647 2265760838 1251641 1200958
10 2 10053 10051 95940 2267993346 1212397 1208443
14 0 10286 10280 1864 2268030936 1202768 1200556
4 15 10357 10354 1618 2268522976 1209474 1200537
0 11 10631 10628 1820 2270011464 1287562 1200553
14 7 10456 10450 196088 2270430074 2522886 1216843
8 4 10586 10584 616050 2271837334 1268871 1252053
11 7 10455 10452 322865 2272257208 2605344 1227469
7 13 10938 10935 5646156 2271172034 4115857 1673776
5 10 10960 10956 2062 2275195928 1284853 1200576
7 9 10128 10126 757799 2274376220 2692411 1263934
2 13 10355 10352 31765 2274900740 2551194 1203064
5 8 10356 10350 62621 2276860530 1253584 1205651
8 5 10249 10244 4919 2277113898 1227230 1200812
2 13 10356 10352 19637 2277176030 1202144 1202047
10 2 10054 10051 1842739 2277309064 1401917 1354896
6 15 10312 10307 1122461 2278565198 1350361 1294509
1 14 10517 10512 60985 2278802966 1263478 1205513
12 3 10751 10747 4334 2278833112 1267474 1200765
14 2 10724 10719 8990924 2269421004 11571391 1954199
15 3 10306 10304 5659 2280288738 1272690 1200875
9 2 10801 10797 261577 2280334166 1297672 1222332
13 4 10631 10629 1492738 2280935990 1362892 1325552
9 7 10763 10759 430376 2281265858 1249406 1236485
5 11 10597 10588 107413 2281734012 1259156 1209407
6 12 10621 10619 154387 2283501750 1266270 1213346
7 15 10385 10383 2469220 2280218348 4715048 1407422
6 13 10283 10281 330950 2284097440 1238851 1228147
1 11 10108 10108 118458 2284430490 1228066 1210333
13 3 10250 10248 127206 2284553752 1225964 1211068
15 2 10482 10481 43978 2284944200 1260006 1204087
4 10 10935 10930 11460 2285553444 1272362 1201362
9 6 10645 10639 4501336 2282904306 4879022 1577794
3 13 10972 10970 58775 2287305606 1272564 1205328
7 8 10105 10103 871741 2288058380 1291581 1273487
9 1 10243 10240 3984701 2282319548 7054695 1534478
0 10 10482 10477 1530849 2286572024 2937921 1328746
7 11 10765 10760 705 2290597214 1235958 1200460
0 11 10632 10628 14772 2290651010 1227918 1201639
0 12 10370 10364 17179190 2282300144 10687091 2640706
11 7 10456 10452 1340408 2289370540 4094705 1312782
5 10 10961 10956 9433 2294832658 1239344 1201193
12 2 10037 10035 1739 2295185742 1289406 1200546
14 6 10949 10944 3679062 2292420424 5123352 1508856
6 8 10151 10147 1243 2296495632 1250898 1200507
11 7 10457 10452 1825 2296759482 1218212 1200553
3 9 10024 10020 943006 2295272850 4162213 1279465
15 5 10190 10182 29258 2298679422 2742461 1202855
12 2 10038 10035 183374 2299167852 2636896 1215776
0 8 10281 10277 9865846 2295063186 6813699 2027553
14 5 10592 10592 3456 2301132432 1201182 1200691
9 1 10245 10240 487 2301305482 1200795 1200442
2 8 10529 10526 470972 2299919252 2615610 1239886
10 5 10211 10204 1900 2301668866 1201159 1200559
7 10 10502 10495 3891236 2301366474 1642432 1526644
4 11 10725 10720 944691 2299218626 4019697 1279604
7 8 10106 10103 841476 2301985392 1288215 1270951
10 3 10159 10157 641126 2301977330 1335760 1254155
0 9 10557 10553 1098166 2302452732 1301408 1292473
7 10 10503 10495 56232 2305079500 1251752 1205117
10 1 10757 10755 7460 2304205078 2559412 1201027
10 1 10758 10755 109780 2304299142 2569005 1209604
12 7 10833 10831 33185 2305691072 1205356 1203185
5 8 10357 10350 31067 2304348070 2631034 1203008
0 12 10371 10364 255336 2307225730 1228479 1221809
9 3 10738 10732 35748 2307237270 1230524 1203398
4 14 10642 10639 274846 2307544046 1240617 1223443
2 13 10357 10352 1964 2307740784 1200714 1200564
12 1 10630 10628 559483 2308769672 1415538 1247309
2 10 10407 10400 3815372 2308950040 1941313 1520283
2 12 10290 10283 15018016 2296509576 14908378 2459514
4 11 10726 10720 9198 2310428986 1267198 1201174
12 4 10836 10833 283062 2310466504 1308969 1224135
1 12 11001 10998 237085 2310750528 1249862 1220280
13 4 10632 10629 1478 2310770844 1252762 1200525
13 7 10320 10316 171545 2310810918 1284570 1214784
15 5 10192 10182 228617 2311253804 1265226 1219568
13 0 10891 10888 1199326 2311689490 1321373 1300954
2 11 10894 10891 1362 2312060770 1200620 1200516
4 8 10441 10437 15515 2312065388 1202472 1201702
4 11 10727 10720 2004 2312166280 1200820 1200571
15 5 10191 10182 12570437 2299266248 14465977 2254307
4 9 10934 10931 27936 2314602372 1230104 1202742
1 9 10404 10400 57483411 2249196890 66651854 6019811
8 2 10298 10294 111878 2314789020 1292434 1209780
15 0 10681 10675 173404 2314853966 1300772 1214940
0 15 10922 10916 28669 2314957578 1203773 1202804
4 12 10289 10284 21838 2315096170 1203123 1202231
10 2 10056 10051 183360 2315237698 1252955 1215775
13 0 10892 10888 26004 2315665974 1203967 1202584
13 1 10085 10076 5371 2314440826 2484141 1200852
11 3 10821 10819 2677 2316034606 1200891 1200625
7 13 10939 10935 56760 2317285508 1207644 1205159
1 11 10109 10108 110283 2317498086 1233036 1209648
3 14 10905 10902 1633560 2317399294 1377181 1337359
10 3 10161 10157 357853 2316616224 2547551 1230402
5 9 10693 10686 5911106 2317574762 2745057 1695990
1 14 10518 10512 110980 2319385054 1269027 1209704
1 13 10221 10218 1610295 2319486384 1480069 1335409
1 15 10847 10839 879438 2320767010 1351368 1274134
11 5 10558 10552 153013476 2201164084 121759370 14029051
11 1 10395 10391 15861680 2291563204 31405489 2530244
15 4 10714 10712 1158323 2322150232 1329829 1297516
6 15 10313 10307 404 2322347980 1282587 1200436
1 15 10848 10839 9397 2324858688 1201784 1201190
1 8 10158 10156 62246 2325099924 1208521 1205621
8 6 10157 10152 21699 2323949910 2523108 1202220
14 2 10725 10719 101827 2324031988 2519538 1208937
10 6 10893 10889 270769 2325462312 1243156 1223102
9 6 10646 10639 5362079 2313633000 13357558 1649960
11 5 10559 10552 380 2325926462 1200631 1200434
0 11 10633 10628 171916 2326793162 1300301 1214813
14 7 10457 10450 4610 2328730280 1239268 1200788
5 8 10358 10350 21980 2328935970 1207323 1202242
15 6 10622 10621 1600753 2324730976 5527207 1334608
5 15 10927 10923 2176180 2329097982 1497226 1382854
12 6 10882 10873 3074 2330734700 1280133 1200661
12 0 10748 10747 2684 2331770076 1219480 1200626
15 0 10682 10675 12222 2332637264 1230029 1201427
0 15 10923 10916 1006101 2333042412 1376938 1284754
1 8 10159 10156 22484 2333445572 1222054 1202287
8 3 10235 10232 280682 2334258840 1232142 1223933
8 5 10250 10244 266 2334915084 1200546 1200425
7 8 10107 10103 123600 2335951926 1220730 1210764
1 12 11002 10998 7632 2336218884 1208166 1201041
9 6 10647 10639 22683 2336376382 1286270 1202302
0 13 10514 10513 1491 2337464898 1335451 1200526
0 13 10515 10513 10210 2338221652 1201562 1201259
14 4 10473 10471 30380 2338495252 1234273 1202949
2 11 10896 10891 1512617 2338396142 1357490 1327219
8 7 10736 10732 27604 2338539904 1226539 1202715
10 4 11003 10999 14417376 2313085174 26833736 2409155
2 12 10291 10283 861738 2338766048 1281122 1272649
6 11 10439 10431 29866 2339253664 1229072 1202904
10 2 10055 10051 14599914 2310694356 30754570 2424457
13 5 10233 10229 17535453 2326944490 14650890 2670574
12 5 10930 10925 15842 2341258780 1245190 1201728
5 11 10598 10588 6881830 2341796420 1884068 1777373
4 14 10643 10639 219618 2342549084 1223819 1218814
1 13 10222 10218 30347 2343155594 1262440 1202946
8 5 10252 10244 1008268 2343432278 1446480 1284936
13 3 10251 10248 182239 2343838520 1335638 1215681
8 1 10373 10368 984 2344523954 1262599 1200482
8 5 10251 10244 11977247 2340738684 5195498 2204575
0 14 10955 10952 56122 2344031204 2516779 1205108
7 14 10685 10684 6203268 2339064966 9627783 1720484
1 8 10160 10156 6468529 2340408538 8427613 1742723
0 12 10372 10364 5579 2347784404 1201129 1200869
5 10 10962 10956 14819 2348739976 1220728 1201643
6 10 10643 10641 51377 2348964350 1267759 1204709
15 6 10623 10621 7643 2349130122 1204096 1201042
14 4 10474 10471 176713 2349819488 1256608 1215216
6 9 10884 10881 4684 2349872804 1282975 1200793
2 15 10927 10919 130679 2349911374 1300488 1211357
1 8 10161 10156 65453 2351719766 1256685 1205889
15 1 10489 10482 1136248 2350309450 2734401 1295665
0 10 10483 10477 8533261 2348990628 8079083 1915831
7 11 10766 10760 18599495 2336414224 21730948 2759783
7 12 10986 10984 6182 2357357076 1201122 1200921
1 12 11003 10998 795168 2357981572 1308036 1267070
2 13 10359 10352 13884 2358558624 1202430 1201564
4 10 10932 10930 121164931 2172407532 187784045 11358868
4 9 10935 10931 9755 2359130160 1232055 1201218
12 1 10631 10628 11438 2360167016 1284299 1201361
15 3 10307 10304 6290 2360547548 1273870 1200930
0 11 10634 10628 114524 2361652782 1250570 1210003
2 11 10897 10891 2410505 2359506700 4542167 1402498
3 14 10906 10902 14553 2363048808 1203962 1201621
14 0 10287 10280 2468 2363712302 1268825 1200608
12 7 10835 10831 30376 2363931714 1286532 1202949
3 9 10025 10020 1529205 2364152678 1472242 1328611
15 0 10680 10675 26168404 2288710180 77405714 3394361
14 4 10475 10471 24989650 2349975758 16364955 3295533
14 3 10117 10113 7854906 2359694962 6888906 1858955
7 10 10501 10495 88354343 2295981042 71163264 8608030
13 1 10086 10076 32363 2366076468 1203961 1203115
3 8 10067 10064 2007 2366587838 1201130 1200572
1 8 10162 10156 49825 2366601008 1205589 1204578
0 10 10484 10477 30875 2367697620 1298607 1202989
11 6 10581 10579 501861 2368222418 2544352 1242476
7 14 10687 10684 1629989 2369636312 1406485 1337058
4 10 10936 10930 1524655 2369816780 1389519 1328228
12 4 10837 10833 1791 2370044904 1200723 1200550
9 0 10184 10176 902 2370245626 1200690 1200476
15 2 10484 10481 3803449 2369961956 1617567 1519283
15 2 10485 10481 412 2370560478 1251433 1200436
8 5 10253 10244 108816 2370641078 1309583 1209523
12 7 10836 10831 14268 2371918432 1272388 1201599
5 15 10928 10923 728 2372883168 1202599 1200462
2 15 10928 10919 1517210 2371476068 2784567 1327605
1 14 10519 10512 1693 2373533988 1242060 1200543
13 4 10633 10629 424473 2374126302 1271576 1235989
8 5 10254 10244 203908 2374705334 1221199 1217496
11 1 10396 10391 252619 2375224290 1227427 1221581
4 10 10937 10930 2312473 2371059112 5757087 1394279
4 15 10358 10354 75867 2375637138 1232148 1206761
0 8 10282 10277 1358129 2376700534 2725110 1314268
2 8 10531 10526 2009 2380440342 1287683 1200572
11 6 10580 10579 36940352 2320823094 62005241 4297481
5 11 10599 10588 30057706 2356395756 26984453 3720439
4 13 10741 10738 570763 2382822816 1259940 1248253
3 14 10908 10902 25528 2386817320 1204638 1202542
6 13 10284 10281 203807 2387161040 1230160 1217487
7 13 10940 10935 79647 2387304938 1215344 1207078
11 2 10916 10913 136640 2387741402 1266899 1211857
0 10 10485 10477 8120126 2371143152 17932117 1881194
2 11 10898 10891 90187 2389805832 1209589 1207964
1 11 10110 10108 11147 2390023046 1201610 1201337
15 4 10715 10712 1837842 2389631262 1769263 1354485
7 8 10108 10103 27108 2392079378 1238994 1202676
1 14 10520 10512 2167967 2388948498 4621744 1382162
15 0 10675 10675 379033189 2006448066 387273253 32978545
1 14 10521 10512 33927 2392494898 1271059 1203244
6 10 10645 10641 3882 2393216200 1281946 1200725
3 9 10026 10020 19210 2393611798 1235987 1202013
11 0 10170 10163 16385 2394728642 1246099 1201776
8 1 10374 10368 247 2396235294 1225248 1200423
11 2 10917 10913 15204 2396421178 1252122 1201677
15 5 10194 10182 4554297 2395922644 1816388 1582234
15 7 10043 10040 27405886 2304594982 96367477 3498109
9 0 10178 10176 108673772 2199807188 205242340 10311609
4 9 10936 10931 16498458 2394042936 11441974 2583632
7 10 10504 10495 32959236 2361134342 45056470 3963705
9 5 10973 10967 42555898 2316881690 89414202 4768286
14 6 10951 10944 53230368 2388569450 18641054 5663236
5 11 10600 10588 44244305 2366652310 46155352 4909845
2 11 10895 10891 58250114 2329725640 86522931 6084092
14 6 10950 10944 61174834 2318305568 100038544 6329298
1 15 10844 10839 99423330 2257029970 161789407 9536054
3 14 10907 10902 39416819 2373520480 48510154 4505106
1 15 10845 10839 132268786 2257991440 167567766 12289815
12 4 10835 10833 61968558 2301685278 125578240 6395845
2 15 10929 10919 113733950 2381344662 50480861 10735854
10 5 10209 10204 51392702 2279372100 152933912 5509165
5 14 10441 10439 237680670 2100119322 339350602 21127548
4 15 10356 10354 133097313 2229626252 211146581 12359281
1 10 10133 10129 140966300 2373043874 80559971 13019017
6 8 10149 10147 223526359 2096371002 360063951 19940852
4 11 10724 10720 127720424 2270582414 188468245 11908482
14 7 10458 10450 160816839 2333345500 128905307 14683284
12 3 10750 10747 197198186 2197272844 266037182 17733499
10 7 10126 10125 98401472 2278365884 198063112 9450381
10 3 10160 10157 109969238 2305443002 177730331 10420223
3 15 10853 10850 150110526 2230619728 257749616 13785668
13 6 10704 10700 201653848 2367886404 122082368 18107059
0 13 10516 10513 147801402 2354953370 137355810 13592071
13 0 10888 10888 260356069 2162692488 331525199 23028656
12 7 10834 10831 178083071 2345140854 168974107 16130888
0 14 10954 10952 281112300 2174588674 348709617 24768857
9 0 10182 10176 167077411 2285857286 246419172 15208172
9 1 10244 10240 174980806 2283271670 250675347 15870791
15 1 10484 10482 372126540 2115009034 427569096 32399490
12 5 10929 10925 209308833 2287416226 269362814 18748853
3 13 10973 10970 248306639 2348663804 210701052 22018430
8 7 10734 10732 217606493 2290402832 272925571 19444530
15 2 10483 10481 316667149 2353002966 210393725 27749777
15 5 10187 10182 362749433 2097259118 472024388 31613314
9 5 10972 10967 302173764 2261030050 318425120 26534649
6 10 10644 10641 502479548 2377110426 231586012 43328287
1 13 10220 10218 448212231 2271252014 365607804 38778516
7 10 10497 10495 590268671 2115480822 529618039 7738853
9 0 10183 10176 635228176 2286212116 405899941 11508260
3 9 10022 10020 754794928 2184090724 524202828 21532734
4 11 10720 10720 892850376 2049323608 667651456 33107304
12 5 10926 10925 971546448 2033144150 704530445 39705183
5 10 10958 10956 831456135 2247706426 494550595 27960012
4 8 10442 10437 1044073278 2374000274 382518604 2836160
2 12 10288 10283 1041314136 2176346798 601213979 2604834
7 10 10495 10495 1588390271 2023756138 817952537 5522024
15 3 10308 10304 2056588159 2366653634 487465681 1826062
11 7 10454 10452 1884458693 2269969468 653957452 30344399
13 4 10630 10629 2147150109 2247528874 703888498 9418776
