5 15 10923 10923 360316 2003203355 10230256 10230611
15 5 10182 10182 2036655 2003265846 10369391 10371154
5 9 10686 10686 2400 2008302845 10200548 10200603
10 1 10755 10755 8584 2014880491 10201061 10201121
2 8 10526 10526 170001 2014931430 10214461 10214656
10 2 10051 10051 19013 2017520495 10202264 10201997
6 9 10881 10881 410054 2021767795 10234568 10234782
6 8 10147 10147 5681326 2024650826 10672035 10676724
1 10 10129 10129 75972262 2019995316 16506271 16569917
10 5 10204 10204 125479 2029007493 10222143 10210922
10 3 10157 10157 12099632 2028351233 11266432 11214834
1 10 10130 10129 968856 2034913170 10281908 10281629
12 6 10873 10873 4185 2037614610 10200697 10200754
8 6 10152 10152 26616 2038723434 10204768 10202632
9 0 10176 10176 26584 2040194754 10208050 10202630
15 5 10183 10182 85201 2041784431 10214429 10207546
9 6 10639 10639 73645964 2038093516 16315340 16374877
14 2 10719 10719 12373 2049534771 10284649 10201439
2 13 10352 10352 278054 2050303620 10223664 10223715
3 15 10850 10850 16498284 2053523139 11576039 11583618
14 1 10546 10546 14573607 2048355996 23281019 11422252
4 10 10930 10930 7680 2061848055 10201099 10201045
0 12 10364 10364 163238515 2048266490 24189395 23886318
0 14 10952 10952 3413362 2061891954 10665703 10486578
13 7 10316 10316 3328650 2062620459 10479584 10479475
9 4 10656 10656 176028 2063481405 10222262 10215161
9 3 10732 10732 9464 2063746170 10201475 10201195
3 12 10238 10238 477804 2066730631 10240203 10240459
9 5 10967 10967 1952 2068627921 10200568 10200563
9 1 10240 10240 54248792 2047494729 31601665 14748619
0 11 10628 10628 385915 2070404640 10232555 10232755
2 10 10400 10400 9247197 2070416915 10968029 10975688
2 9 10769 10769 920882 2077724891 10276975 10277607
8 5 10244 10244 155324 2078020477 10213274 10213424
5 11 10588 10588 215669 2079248976 10218390 10218482
3 11 10063 10063 2489344 2079299810 10407055 10409109
10 5 10205 10204 447089 2082330607 10237468 10237887
0 8 10277 10277 237150 2085027088 10220768 10220285
0 13 10513 10513 512881 2091709572 10245209 10243400
12 5 10925 10925 13403 2095798627 10201877 10201526
6 10 10641 10641 65710 2095917595 10221242 10205910
3 9 10020 10020 10268 2097534840 10245313 10201263
1 12 10998 10998 867048 2098065641 10415832 10273096
0 8 10278 10277 255999 2104430153 10313794 10221862
6 14 10787 10786 29342 2116743433 10226188 10202862
14 7 10451 10450 2486448 2106788580 21089716 10408865
3 14 10902 10902 18945315 2105193658 25177029 11788777
8 6 10153 10152 23271 2109945397 20653213 10202353
11 2 10913 10913 1509858 2121846185 10339520 10326987
7 14 10684 10684 2742891 2122936648 10597942 10430364
12 3 10747 10747 903 2123973644 10200665 10200476
14 0 10280 10280 18233555 2100307941 34106178 11729102
10 6 10889 10889 46725 2124884622 10206964 10204318
5 11 10589 10588 22360 2125347127 10202405 10202277
3 11 10064 10063 8082 2127351130 10201119 10201081
2 10 10401 10400 151003 2128906097 10236829 10213063
11 5 10552 10552 136809 2129809485 10213192 10211870
4 13 10738 10738 113834 2130057045 10324236 10209944
5 15 10924 10923 3069378 2137138668 10624722 10457739
12 1 10629 10628 7416 2140473639 10365262 10201024
0 12 10365 10364 73527672 2138852449 16385142 16364961
14 2 10720 10719 12788 2155506725 31009439 10201472
3 11 10065 10063 954 2189693549 10282615 10200480
1 9 10400 10400 33984 2199450426 20650540 10203249
4 9 10931 10931 469645 2212094876 10341045 10239776
8 0 10749 10749 30002 2177393281 61866204 10202919
4 15 10360 10354 15583 3611550355 10525107 10201708
