21
0 32 3 10000 1000000000000 0.13
1 32 3 10001 1000 0.13
2 32 3 10002 1000 0.13
3 32 3 10003 1000 0.13
4 32 3 10004 1000 0.13
5 32 3 10005 1000 0.13
6 32 3 10006 1000 0.13
7 32 3 10007 1000 0.13
8 32 3 10008 1000 0.13
9 32 3 10009 1000 0.13
10 32 3 10010 1000 0.13
1 32 3 10001 1000000000000 0.15
2 32 3 10002 1000000000000 0.15
3 32 3 10003 1000000000000 0.15
4 32 3 10004 1000000000000 0.15
5 32 3 10005 1000000000000 0.15
6 32 3 10006 1000000000000 0.15
7 32 3 10007 1000000000000 0.15
8 32 3 10008 1000000000000 0.15
9 32 3 10009 1000000000000 0.15
10 32 3 10010 1000000000000 0.15