43
0 32 3 10000 1000 0.13
1 32 3 10001 1000 0.13
2 32 3 10002 1000 0.13
3 32 3 10003 1000 0.13
4 32 3 10004 1000 0.13
5 32 3 10005 1000 0.13
6 32 3 10006 1000 0.13
7 32 3 10007 1000 0.13
8 32 3 10008 1000 0.13
9 32 3 10009 1000 0.13
10 32 3 10010 1000 0.13
0 32 3 10001 1000000000000 0.15
1 32 3 10002 1000000000000 0.15
2 32 3 10003 1000000000000 0.15
3 32 3 10004 1000000000000 0.15
4 32 3 10005 1000000000000 0.15
5 32 3 10006 1000000000000 0.15
6 32 3 10007 1000000000000 0.15
7 32 3 10008 1000000000000 0.15
8 32 3 10009 1000000000000 0.15
9 32 3 10010 1000000000000 0.15
10 32 3 10011 1000000000000 0.15
11 32 3 10012 1000000000000 0.15
12 32 3 10013 1000000000000 0.15
13 32 3 10014 1000000000000 0.15
14 32 3 10015 1000000000000 0.15
15 32 3 10016 1000000000000 0.15
16 32 3 10017 1000000000000 0.15
17 32 3 10018 1000000000000 0.15
18 32 3 10019 1000000000000 0.15
19 32 3 10020 1000000000000 0.15
20 32 3 10021 1000000000000 0.15
21 32 3 10022 1000000000000 0.15
22 32 3 10023 1000000000000 0.15
23 32 3 10024 1000000000000 0.15
24 32 3 10025 1000000000000 0.15
25 32 3 10026 1000000000000 0.15
26 32 3 10027 1000000000000 0.15
27 32 3 10028 1000000000000 0.15
28 32 3 10029 1000000000000 0.15
29 32 3 10030 1000000000000 0.15
30 32 3 10031 1000000000000 0.15
31 32 3 10032 1000000000000 0.15