27 11 4 26
16 17 18 19 20 21 22 23 24 25 26
0 16 100000000000.0 5us 0
1 16 100000000000.0 5us 0
2 16 100000000000.0 5us 0
3 16 100000000000.0 5us 0
4 17 100000000000.0 5us 0
5 17 100000000000.0 5us 0
6 17 100000000000.0 5us 0
7 17 100000000000.0 5us 0
8 18 100000000000.0 5us 0
9 18 100000000000.0 5us 0
10 18 100000000000.0 5us 0
11 18 100000000000.0 5us 0
12 19 100000000000.0 5us 0
13 19 100000000000.0 5us 0
14 19 100000000000.0 5us 0
15 19 100000000000.0 5us 0
16 20 200000000000.0 15us 0
17 20 200000000000.0 15us 0
18 26 200000000000.0 15us 0
19 26 200000000000.0 15us 0
20 21 200000000000.0 30us 0
21 22 400000000000.0 1250us 0
22 23 400000000000.0 1250us 0
23 24 400000000000.0 1250us 0
24 25 400000000000.0 1250us 0
25 26 200000000000.0 30us 0
