82 18 4 84
64 65 66 67 68 69 70 71 72 73 74 75 76 77 78 79 80 81
0 64 100000000000.0 2us 0
1 64 100000000000.0 2us 0
2 64 100000000000.0 2us 0
3 64 100000000000.0 2us 0
4 64 100000000000.0 2us 0
5 64 100000000000.0 2us 0
6 64 100000000000.0 2us 0
7 64 100000000000.0 2us 0
8 65 100000000000.0 2us 0
9 65 100000000000.0 2us 0
10 65 100000000000.0 2us 0
11 65 100000000000.0 2us 0
12 65 100000000000.0 2us 0
13 65 100000000000.0 2us 0
14 65 100000000000.0 2us 0
15 65 100000000000.0 2us 0
16 66 100000000000.0 2us 0
17 66 100000000000.0 2us 0
18 66 100000000000.0 2us 0
19 66 100000000000.0 2us 0
20 66 100000000000.0 2us 0
21 66 100000000000.0 2us 0
22 66 100000000000.0 2us 0
23 66 100000000000.0 2us 0
24 67 100000000000.0 2us 0
25 67 100000000000.0 2us 0
26 67 100000000000.0 2us 0
27 67 100000000000.0 2us 0
28 67 100000000000.0 2us 0
29 67 100000000000.0 2us 0
30 67 100000000000.0 2us 0
31 67 100000000000.0 2us 0
32 68 100000000000.0 2us 0
33 68 100000000000.0 2us 0
34 68 100000000000.0 2us 0
35 68 100000000000.0 2us 0
36 68 100000000000.0 2us 0
37 68 100000000000.0 2us 0
38 68 100000000000.0 2us 0
39 68 100000000000.0 2us 0
40 69 100000000000.0 2us 0
41 69 100000000000.0 2us 0
42 69 100000000000.0 2us 0
43 69 100000000000.0 2us 0
44 69 100000000000.0 2us 0
45 69 100000000000.0 2us 0
46 69 100000000000.0 2us 0
47 69 100000000000.0 2us 0
48 70 100000000000.0 2us 0
49 70 100000000000.0 2us 0
50 70 100000000000.0 2us 0
51 70 100000000000.0 2us 0
52 70 100000000000.0 2us 0
53 70 100000000000.0 2us 0
54 70 100000000000.0 2us 0
55 70 100000000000.0 2us 0
56 71 100000000000.0 2us 0
57 71 100000000000.0 2us 0
58 71 100000000000.0 2us 0
59 71 100000000000.0 2us 0
60 71 100000000000.0 2us 0
61 71 100000000000.0 2us 0
62 71 100000000000.0 2us 0
63 71 100000000000.0 2us 0
64 72 400000000000.0 5us 0
65 72 400000000000.0 5us 0
66 72 400000000000.0 5us 0
67 72 400000000000.0 5us 0
68 73 400000000000.0 5us 0
69 73 400000000000.0 5us 0
70 73 400000000000.0 5us 0
71 73 400000000000.0 5us 0
72 74 400000000000.0 50us 0
72 75 400000000000.0 50us 0
73 76 400000000000.0 50us 0
73 77 400000000000.0 50us 0
74 78 400000000000.0 2000us 0
78 76 400000000000.0 3000us 0
75 79 400000000000.0 2000us 0
79 77 400000000000.0 3000us 0
74 80 400000000000.0 2000us 0
80 77 400000000000.0 3000us 0
75 81 400000000000.0 2000us 0
81 76 400000000000.0 3000us 0