5 2 20261 30684 2400 2008302845 40377 80432
2 0 20920 30328 170001 2014931430 524961 33760
10 2 20775 30685 8584 2014880491 5101070 10201086
6 3 20686 30257 410054 2021767795 4537529 113044
15 11 20958 30189 2036655 2003265846 26295721 243172
10 11 20778 30190 417029 2029007493 1353336 53522
10 4 20776 30087 19013 2017520495 18414653 10201921
8 10 20576 30288 85201 2038723434 243258 26976
1 13 20741 30331 4185 2034913170 5100698 10200734
2 5 20921 30879 7680 2050303620 40824 80854
3 6 20654 30094 9464 2053787904 40977 80997
15 5 20960 30878 12373 2041784431 15992655 10201389
12 9 20986 30289 477804 2055702524 5439414 118464
13 10 20827 30291 155324 2062620459 1114401 92665
3 10 20655 30290 1952 2058669655 5100504 10200556
1 6 20742 30095 215669 2063442560 1939313 97493
5 15 20260 30918 360316 2003203355 62740615 10229225
4 2 20532 30687 920882 2061848055 11366965 153910
10 11 20779 30192 13403 2082330607 50677 21232
9 8 20671 30593 867048 2088786609 2869077 89523
8 15 20578 30920 3328650 2053407330 43581679 346532
15 13 20964 30338 29342 2097510209 82667 22507
9 13 20667 30332 3413362 2053003380 44718456 353308
6 0 20687 30329 5681326 2024650826 75058379 534746
7 12 20111 30004 2572 2095024553 5100644 10200605
12 2 20988 30688 10268 2086506733 15300573 10201221
13 14 20828 30436 2486448 2094545379 8319309 219075
14 15 20188 30919 16498284 2048355996 55446154 1340022
3 9 20653 30288 176028 2053523139 51410733 10214482
0 10 20730 30289 278054 2048266490 58946981 10222644
7 6 20112 30098 22360 2111282793 68671 21948
5 4 20264 30090 1509858 2107620107 5030425 140948
4 6 20533 30099 8082 2113029261 10777 20806
10 6 20780 30097 903 2110505624 5100383 10200472
6 12 20688 30005 23271 2095917595 19798833 10202261
5 4 20265 30091 151003 2115583407 461321 32240
15 12 20963 30003 8035498 2093080787 26985668 662999
15 5 20961 30880 65710 2085854282 35911056 10205656
9 7 20668 30362 385915 2061516066 63690329 10231273
8 0 20579 30331 237150 2075038114 56404197 10219372
0 10 20731 30292 447089 2068379785 65830378 10236167
7 9 20113 30290 10799 2119345696 15300787 10201263
2 5 20923 30881 12788 2136098725 158188 81263
14 3 20191 30260 7416 2131256249 5100998 10200993
0 13 20732 30340 46725 2110933800 31148877 10204138
8 13 20581 30339 2742891 2109632693 35746362 299671
12 3 20984 30258 8140493 2037614610 108898442 10851639
10 7 20777 30361 12099632 2028351233 118631153 11168370
5 11 20262 30191 512881 2079248976 67923915 10241430
7 5 20115 30882 807077 2145127571 2668677 84726
10 4 20781 30092 41973 2119108596 29935689 10203757
12 13 20989 30337 18945315 2094165551 63688902 1535785
5 6 20266 30101 479446 2156568138 1565866 58515
12 6 20987 30096 2489344 2068271703 91342091 10399547
11 1 20329 30203 85931 2121846185 39973433 10207274
9 11 20672 30193 5436 2165700498 10551 20594
2 10 20922 30293 136809 2118512610 47937522 10211344
5 3 20267 30262 588594 2159728765 6924961 127327
12 13 20993 30343 63556 2170181441 166277 25244
14 4 20189 30088 9247197 2061563488 112232127 10940175
7 6 20118 30102 221118 2174770686 696398 37849
8 1 20577 30202 23265291 2039781866 146324631 12061623
12 15 20996 30924 221258 2186846003 696425 37860
7 6 20121 30104 16551 2188748630 56701 21484
1 13 20743 30336 3591643 2093282471 96778084 10487731
11 0 20331 30334 46040 2159264219 31180661 10204083
15 14 20965 30438 6966281 2167347748 23389680 577462
10 11 20783 30195 2433440 2184071288 8134276 214835
14 1 20192 30205 30002 2167157011 26192968 10202800
7 13 20114 30341 366274 2132283616 62975143 10229701
12 13 20997 30344 814700 2193122561 2692237 85336
7 3 20120 30264 1232983 2187475738 15543821 178878
7 12 20116 30006 278086 2145886989 58947153 10222646
12 6 20991 30100 786753 2131742230 74423618 10263340
11 13 20330 30342 3830585 2157186265 50302882 386686
12 2 20995 30689 33984 2183957319 27231586 10203118
3 0 20657 30335 2259560 2204612507 7554829 200924
13 8 20830 30594 442565 2207966915 4967025 115645
3 12 20656 30008 165927 2165598941 50635997 10213674
0 14 20733 30437 3069378 2121932232 94497298 10445950
8 11 20586 30199 52173 2218953068 128641 24333
4 7 20536 30363 8064673 2192457834 27078550 665333
10 1 20782 30206 225966 2168219747 55486494 10218477
10 8 20785 30595 166149 2224236475 511009 33451
15 0 20962 30332 18233555 2091029570 134076694 11659084
11 2 20332 30690 10722 2210509442 15300781 10201257
1 15 20745 30925 5611 2223234876 5100817 10200848
13 14 20831 30442 121577 2232144272 358323 29886
10 3 20784 30265 118544 2188378900 45936837 10209883
15 1 20966 30208 189569 2185474009 52430435 10215565
13 12 20832 30009 116362 2244281864 340402 29468
9 3 20669 30259 33534076 2076138514 170734954 12883126
1 7 20746 30364 35595 2247615316 253967 83087
4 14 20535 30439 351683 2187110067 62382540 10228534
5 2 20269 30691 286399 2247554577 2885373 103151
3 4 20659 30093 130366 2253266277 791710 90669
6 15 20689 30922 2409389 2163365479 90848817 10393151
4 12 20534 30007 4313400 2157448857 99399555 10545472
0 7 20735 30365 87892 2258625415 487507 87271
12 2 20985 30686 54248792 2039715848 221236997 14540303
14 9 20195 30296 155996 2262776655 1114833 92719
1 5 20748 30884 25903 2265666746 198790 82312
8 3 20584 30266 469645 2199626371 66540995 10237971
15 14 20969 30443 5985068 2251484793 20088610 498965
6 11 20691 30196 994502 2196105582 78038202 10279960
0 15 20734 30923 2868068 2181635487 93487920 10429845
3 5 20660 30885 1307 2276892550 40284 80344
14 12 20196 30010 983737 2274670060 3259647 98858
8 1 20583 30207 6906262 2171555987 106673473 10752900
7 11 20122 30201 45870 2248070707 30913331 10204069
12 2 20998 30692 3625 2277069088 5100651 10200690
15 8 20970 30598 1157933 2269429983 14539384 172874
14 0 20197 30336 13116 2274824279 16338617 10201449
8 5 20585 30883 2199320 2202146835 89470194 10376345
15 11 20968 30198 5881909 2218163321 77757188 550792
3 15 20661 30926 24965 2283060272 20145133 10202397
9 6 20675 30108 2017 2299946037 5100561 10200561
4 7 20541 30368 264163 2310157428 841135 41293
2 5 20926 30888 35088 2311166393 253847 83047
1 8 20747 30597 350092 2250056523 62180918 10228407
14 6 20194 30106 236662 2260057054 56604767 10219332
9 8 20673 30596 24223064 2235375622 81461430 1958005
15 11 20973 30204 182390 2324856053 1517253 94831
9 6 20666 30093 81859409 2038093516 288884064 16749152
12 14 21002 30444 951358 2323939574 3152963 96268
0 3 20736 30268 44619 2328703433 112711 23729
4 13 20542 30348 16144 2312288064 17376679 10201691
12 8 21000 30599 1882835 2308561663 24235696 230866
3 5 20664 30887 2007524 2307988474 25911567 240841
8 6 20589 30110 1613 2334689708 5100477 10200529
11 2 20335 30694 2937 2334820127 5100588 10200634
9 1 20678 30212 3954 2338028123 5100674 10200716
8 11 20590 30205 15989 2344468144 54771 21439
9 13 20674 30347 4063260 2293430204 53425338 405300
14 9 20193 30293 11898567 2190021544 158268181 1032125
15 0 20972 30338 31226 2321760888 26539470 10202898
6 2 20694 30696 41646 2358691766 272496 83571
7 1 20123 30209 7173804 2267373702 95058302 654144
14 13 20198 30349 622446 2360485801 2048905 69955
4 3 20539 30267 9848187 2239940280 130839740 868094
3 9 20666 30298 36827 2347974184 28269593 10203346
2 11 20925 30200 25643544 2227048510 151610670 12251883
7 4 20128 30096 3790 2379086361 10409 20463
14 13 20199 30351 40185 2379816669 104643 23374
0 1 20738 30214 7196 2380109796 10786 20735
3 14 20658 30441 29065781 2222974335 159983580 12525662
2 11 20927 30206 10200 2367972763 15300547 10201216
8 7 20587 30367 3691420 2285990444 97432892 10495713
3 10 20665 30295 111736 2340619557 44891834 10209338
9 0 20677 30339 195342 2333145448 52896461 10216027
5 7 20274 30370 9206 2386704940 10877 20896
12 11 21004 30207 235867 2388264575 2196272 99109
0 7 20739 30372 1625 2391024459 40310 80370
3 2 20669 30698 7140 2398222729 10697 20731
12 2 21003 30695 105325 2354455864 43922424 10208826
8 1 20588 30210 6232242 2296991228 104926330 10698979
5 14 20273 30445 38236 2374269060 28961336 10203458
0 2 20740 30699 11393 2403598831 46675 21071
7 8 20125 30600 286372 2346151341 59621210 10223309
15 9 20978 30299 1530184 2399621025 19526903 202654
1 15 20750 30928 51648 2389340596 32196003 10204531
1 7 20751 30371 2491854 2390769156 32388587 279588
15 4 20977 30097 71302 2388839849 37167601 10206104
2 6 20929 30112 2906415 2389354564 37943809 312753
9 14 20679 30447 2082160 2404016886 26921705 246812
6 9 20692 30297 10352601 2316288645 114953571 11028608
13 4 20833 30094 3438734 2343042810 96406497 10475498
12 13 21007 30352 52876 2440857290 128753 24390
6 14 20695 30446 148347 2394944011 49164844 10212267
13 10 20834 30298 3382178 2404697597 44336561 350814
5 13 20272 30350 2597394 2363858296 91987730 10408191
10 6 20787 30114 8014 2454631525 5101109 10201041
11 4 20337 30099 72387 2425584155 37377062 10206190
3 8 20671 30602 241 2460245725 5100310 10200419
15 1 20974 30211 18081505 2331841395 133665753 11646920
6 1 20696 30215 1712602 2443525082 21988906 217248
12 0 21001 30337 25480879 2315832454 151315217 12238870
9 12 20683 30016 29593 2468927607 211217 82607
15 12 20980 30017 252356 2470044320 801407 40348
0 2 20743 30703 9406 2475873189 10893 20912
12 4 21005 30098 332042 2416551052 61806444 10226963
6 10 20693 30296 18045021 2347351568 133825195 11644001
7 9 20129 30300 11929 2468813810 15646902 10201354
12 10 21008 30299 634 2484475729 40169 80290
14 8 20201 30603 54978 2486968111 337447 84638
11 5 20339 30892 36912 2459569530 28269475 10203352
9 5 20682 30891 381509 2424960157 63775639 10230920
9 3 20684 30269 1366 2485694238 5100457 10200509
8 15 20593 30931 605776 2497784084 7155499 128702
3 14 20670 30449 151189 2456165043 49257379 10212495
9 11 20685 30208 1627342 2501062087 5429697 150347
5 12 20276 30014 118871 2462052198 46115290 10209909
0 4 20744 30103 93243 2508982947 506272 87699
4 0 20543 30340 7014226 2416751640 92948395 641378
5 14 20275 30448 351925 2447782673 62382614 10228554
2 14 20930 30450 209836 2457051613 54402108 10217186
15 5 20976 30889 28249852 2355140891 158449738 12460388
0 5 20745 30893 470439 2510371223 5347227 117875
15 12 20982 30019 3554974 2504297701 11924947 304557
11 6 20338 30113 1477896 2439449619 83980392 10318631
6 12 20697 30018 77909 2486409941 38379294 10206632
9 0 20681 30341 8262199 2417831774 108859133 10861375
3 13 20673 30356 88851 2491149298 40727524 10207508
2 3 20924 30261 117806139 2141596018 396312619 9444651
1 10 20744 30294 96649698 2219929877 323714740 17932375
0 1 20746 30217 9880100 2515230277 33204620 810568
13 1 20836 30218 50785 2519719539 32018502 10204462
15 7 20981 30373 649794 2482463665 71804495 10252383
15 13 20983 30357 271998 2555025092 866659 41919
2 3 20934 30273 1423 2559438508 10210 20273
1 5 20753 30894 27471 2559527138 204825 82437
0 15 20742 30930 1837170 2474930564 87158337 10347373
4 12 20544 30015 3396735 2466583360 95971137 10472138
5 9 20277 30302 40703 2537116774 29589745 10203656
7 10 20131 30300 464114 2500438900 66371111 10237529
3 12 20663 30011 75027218 2296450140 271869625 16202577
14 11 20205 30211 14231 2573009448 164335 81378
8 6 20595 30116 60081 2546032022 34080339 10205206
11 2 20336 30700 29679609 2420612645 161474686 12574768
11 8 20341 30606 3877 2584698985 10421 20470
14 3 20203 30272 341762 2523714228 62166441 10227740
7 13 20130 30355 12207284 2472200753 119083590 11176982
1 8 20752 30604 117996 2545531162 45787944 10209839
7 1 20133 30219 128770 2591708505 781905 90541
7 2 20134 30708 8754 2593807445 40939 80940
3 1 20672 30216 32464642 2488225894 109247073 2617331
2 9 20931 30301 1688965 2512231025 85933995 10335517
12 4 21009 30102 4738041 2497717176 101054514 10579443
2 10 20932 30301 204662 2546822507 53982004 10216772
1 4 20754 30106 2896532 2563450357 37825743 311962
10 4 20789 30107 44698 2570661655 30678078 10203975
13 6 20837 30119 7217 2599788981 5101149 10200977
5 7 20270 30366 99185034 2271323512 333782856 7954962
10 2 20788 30704 1337958 2523970433 82217566 10307436
8 14 20597 30454 247969 2605275956 2363828 100077
4 2 20545 30705 3177576 2566578489 41587918 334446
9 0 20686 30342 7424911 2503648102 107726273 10794392
4 3 20547 30275 250125 2613507217 2415436 100250
9 6 20689 30117 31016 2590954402 26538977 10202881
11 15 20342 30932 1930755 2594104694 24900000 234700
13 5 20838 30895 8343 2614546239 5101092 10201067
5 12 20280 30021 4489 2615810828 5100722 10200759
6 0 20699 30343 3174 2621403393 40462 80493
3 9 20675 30303 113312 2576693409 45084658 10209464
14 11 20202 30210 7469445 2523610196 99025238 677795
1 9 20755 30304 124334 2577546496 46766152 10210346
4 13 20540 30345 104599513 2280714814 343718206 18568361
4 7 20548 30374 5498 2626803526 10574 20599
12 13 21011 30358 754134 2629038440 2490415 80490
5 14 20279 30452 85365 2592929423 40099079 10207229
7 15 20126 30927 72498430 2367263292 266266750 16000274
15 11 20971 30202 25698549 2290721218 342988796 2136123
14 6 20206 30118 62170 2599459993 34530915 10205373
15 10 20985 30302 6393 2636751006 40716 80751
9 3 20687 30271 12274378 2521586071 118982140 11182350
3 12 20676 30020 201418 2591160899 53675514 10216513
8 14 20599 30455 208273 2643946388 1848393 96901
14 9 20208 30305 295504 2642910242 3018653 103880
14 2 20204 30707 1303986 2571779049 82086405 10304718
5 2 20282 30710 58716 2658970046 350023 84937
9 4 20688 30104 8003501 2551739969 108153257 10840680
5 13 20263 30335 197503458 2091969557 569606773 26000676
7 5 20135 30897 26164 2661727704 76639 22253
8 14 20596 30453 5211873 2593934542 68796656 497189
14 1 20207 30223 28873 2642018922 25501718 10202709
10 15 20792 30937 43287 2669878006 278269 83702
10 1 20791 30220 754520 2596595005 74068944 10260761
8 15 20598 30934 2765689 2634724984 36070388 301495
5 14 20278 30451 8993234 2563492736 111198674 10919858
4 15 20550 30936 26503 2657153598 20837166 10202520
6 3 20690 30263 38145463 2171984834 509541892 3131877
5 8 20281 30608 49143 2653540512 31808829 10204331
0 15 20747 30935 106610 2641890910 44306863 10208928
4 0 20551 30345 92274 2686611500 504166 87621
11 2 20344 30711 78245 2663149101 38633029 10206659
4 8 20549 30607 185496 2652979491 52133462 10215239
9 5 20676 30886 131794958 2300301309 410636159 20743996
3 2 20678 30712 64237 2711266279 168311 25298
15 2 20984 30709 1061268 2635579011 78289428 10285301
0 1 20748 30224 6797763 2693012570 22831392 563981
7 9 20137 30307 61015 2683646061 34321396 10205281
10 6 20793 30121 1068 2713217306 5100433 10200485
13 12 20840 30022 15857338 2668754402 53346091 1288747
15 13 20989 30360 195127 2721626330 611278 35770
7 2 20138 30714 71215 2726489313 413451 85937
13 4 20835 30101 64666563 2480026868 247077725 15373725
15 5 20986 30896 1724052 2641176992 85982192 10338324
4 11 20538 30197 180094026 2203323542 527372265 24607922
5 2 20283 30715 6038 2735535750 40901 80723
15 0 20990 30346 7365 2732639102 5100986 10200989
6 3 20701 30276 68866 2741242874 405371 85749
12 9 21013 30308 3278358 2708274780 42934511 342508
13 0 20841 30344 1179559 2672579578 80314525 10294764
15 13 20992 30363 100196 2753767432 290845 28175
6 4 20702 30110 144590 2754010283 438802 31727
8 15 20602 30939 21338 2756194017 186217 81947
1 12 20756 30024 56382 2724796787 33274877 10204910
0 5 20737 30890 30238328 2355296324 403748484 2499306
14 10 20211 30304 37661 2762916101 260333 83252
13 8 20842 30611 838359 2760884754 10288568 147308
12 5 21015 30898 2305 2771241060 5100563 10200584
8 1 20600 30226 196037 2724858653 53181628 10216082
10 14 20798 30457 55715 2780984540 339503 84697
10 1 20796 30227 40206 2752438417 29621572 10203616
5 2 20284 30716 65739 2782312678 370694 85499
2 5 20938 30899 35758 2783795080 254246 83100
14 8 20209 30610 8054816 2677186942 106876777 724625
12 14 21016 30458 782783 2786980785 2590813 82782
10 7 20797 30376 35691 2762613237 27923737 10203255
3 11 20677 30213 13559639 2670403462 122247397 11285171
14 4 20212 30111 38409 2763871245 28961724 10203472
7 0 20117 30333 47803332 2156847863 638776701 3904506
15 1 20988 30225 3694359 2701244038 97422360 10495948
11 6 20345 30123 69915 2762043127 36749136 10205993
1 7 20758 30377 305192 2800072396 3139568 104655
4 8 20546 30605 54001174 2582692670 220981511 14520493
0 1 20752 30229 29624 2808919582 82713 22529
14 4 20210 30109 10692862 2699028537 115995407 11055828
0 4 20750 30112 2466539 2783975610 32082864 277563
8 3 20594 30270 90946688 2506282849 310775663 17476135
12 14 21017 30460 2184 2818021789 10276 20334
12 13 21014 30364 18663981 2757879281 62844556 1513278
15 12 20991 30025 21933380 2749274734 73875477 1774830
2 6 20939 30125 486 2827414934 40133 80278
12 3 21018 30278 3163 2822963541 5100611 10200653
9 2 20692 30717 123659 2784015496 46807097 10210292
1 6 20759 30124 562795 2825997866 6593232 125263
1 3 20760 30279 377150 2832562775 1221592 50332
8 13 20601 30362 6379328 2752228163 84439063 590586
5 6 20271 30111 142432246 2361856655 479330251 11414739
2 5 20941 30901 32708 2840975527 244751 82856
12 15 20990 30921 214676070 2121205394 722712756 17194245
14 9 20216 30309 1647319 2824507788 21101955 212025
14 13 20200 30354 113511423 2470061396 382024966 9101073
11 0 20346 30347 223796 2797847561 55566910 10218303
6 11 20698 30209 104467258 2512635618 343689948 18557780
0 10 20749 30303 15870382 2728768798 127731803 11470030
11 10 20349 30305 1857337 2853270034 6205030 168746
9 12 20693 30026 1305 2860785685 40324 80344
15 8 20994 30614 1556125 2840932828 19901823 204730
4 14 20552 30456 1831640 2774455677 87112480 10346931
4 8 20553 30613 104941 2818488918 43972106 10208795
4 14 20537 30440 236985752 2201817665 666517292 29159260
11 10 20350 30306 1314211 2865431903 4378751 125296
8 13 20603 30368 106133 2871445557 572038 88730
5 4 20285 30114 84911 2872061243 241105 26952
0 7 20754 30379 192979 2871095930 1630064 95678
6 0 20705 30348 115440 2872884480 599013 89475
0 6 20753 30126 910635 2865871515 11236315 153090
6 14 20703 30459 705559 2807146271 72553294 10256844
8 9 20582 30292 222860413 2132483204 750070544 17848993
5 9 20286 30312 708 2878000062 5100303 10200456
13 11 20844 30217 163206 2886646289 1259003 93296
5 6 20287 30127 4282 2888136551 10453 20502
6 3 20706 30280 91793 2888919461 500122 87583
2 13 20943 30369 17279 2873547870 17722897 10201782
0 5 20756 30903 36748 2894664284 257146 83179
0 3 20757 30281 464787 2898167418 1513407 57342
0 12 20755 30027 40462 2872637256 29589727 10203636
8 0 20604 30350 911 2897178300 5100429 10200472
12 1 21012 30222 75440951 2632874175 272697225 16235676
15 7 20995 30380 14161 2894328360 16684925 10201532
7 13 20141 30365 1172178 2831595081 80472528 10294174
10 7 20795 30375 37749074 2731689716 180509990 13220325
14 8 20221 30615 142767 2911242607 1003632 91661
14 11 20220 30219 186654 2911047446 1522247 95172
11 5 20348 30900 958608 2838006145 77266061 10277088
6 9 20704 30311 124604 2871790873 46772217 10210368
14 5 20222 30904 8050 2914282883 5101110 10201044
3 4 20679 30116 38072 2920053769 263322 83285
15 7 20975 30369 200647474 2343820588 577828553 26252197
7 15 20140 30940 14181953 2801270843 124227127 11334956
2 11 20935 30212 77627769 2655820570 278103671 16410621
2 7 20944 30381 1482533 2915913520 18894098 198842
9 6 20696 30128 8858 2934546159 5101250 10201108
3 6 20681 30129 249628 2937865388 2405091 100210
2 10 20945 30308 12732 2924879294 15993124 10201418
2 13 20940 30367 8010583 2832474362 108639602 10841246
5 8 20288 30617 3554 2936437977 5100679 10200684
15 12 20996 30029 1626 2944383422 10226 20290
12 3 21010 30274 101314535 2610143505 335521849 18305562
0 14 20758 30463 42484 2920286253 30173040 10203798
1 4 20761 30118 8525 2951158372 41103 80922
9 1 20694 30231 1947561 2863624560 87971244 10356204
11 3 20347 30277 25201539 2802007157 149961910 12216523
10 6 20801 30130 4524 2949167420 5100766 10200761
7 15 20139 30938 51660637 2738830720 215631252 14333250
0 11 20751 30216 30469460 2797162530 163420983 12637956
0 4 20762 30119 111992 2966422325 586882 89199
5 4 20291 30120 2691 2967249119 10401 20375
14 8 20225 30618 6320 2967292039 40756 80745
10 11 20802 30221 1063335 2964277084 3531542 105226
4 7 20559 30384 15231 2969350303 54649 21378
10 5 20803 30905 6345 2964631907 5100880 10200907
5 1 20292 30233 13273 2971542337 161338 81301
4 13 20557 30370 246149 2917713923 57260618 10220091
15 14 20997 30464 34699 2977306891 92762 22935
12 7 21019 30378 22588141 2837044285 144964037 12007451
9 12 20700 30030 54074 2982748447 337592 84565
1 9 20762 30313 10560 2975939691 15300915 10201244
5 10 20289 30309 89157 2953058061 40936735 10207532
8 10 20605 30307 24166124 2917148942 81310502 1953449
