5 15 10923 10923 90079 2000800838 968014 968035
15 5 10182 10182 509163 2000816460 1003217 1003171
5 9 10686 10686 600 2002075710 960336 960531
10 1 10755 10755 2146 2003720122 960628 960663
2 8 10526 10526 42500 2003732856 964016 964045
10 2 10051 10051 4753 2004380122 960844 960879
6 9 10881 10881 102513 2005441948 969057 969076
6 8 10147 10147 1420331 2006162704 1100474 1079563
1 10 10129 10129 18993065 2004998828 2591576 2552862
10 5 10204 10204 31369 2007251870 965674 963112
10 3 10157 10157 3024908 2007087806 1217175 1214088
1 10 10130 10129 242214 2008728290 982800 980790
12 6 10873 10873 1046 2009403652 960536 960571
8 6 10152 10152 6654 2009680858 1120432 961039
9 0 10176 10176 6646 2010048686 961452 961038
15 5 10183 10182 21300 2010446104 963942 962268
14 2 10719 10719 3093 2012383690 1085470 960742
3 15 10850 10850 4124571 2013380784 2573375 1306285
4 10 10930 10930 1920 2015462012 960681 960641
0 14 10952 10952 853340 2015472988 1106135 1032026
13 7 10316 10316 832162 2015655114 1054986 1030251
9 4 10656 10656 44007 2015870346 1124608 964173
9 3 10732 10732 2366 2015936536 1115029 960680
3 12 10238 10238 119451 2016682656 977990 970496
9 5 10967 10967 488 2017156972 960339 960522
0 11 10628 10628 96478 2017601158 989636 968570
9 6 10639 10639 18411491 2009523378 9186633 2504101
2 10 10400 10400 2311799 2017604224 2297124 1154302
0 12 10364 10364 40809628 2012066622 7916800 4381960
9 1 10240 10240 13562198 2011873678 8337857 2097537
2 9 10769 10769 230220 2019431218 980608 979784
8 5 10244 10244 38831 2019505118 965080 963736
5 11 10588 10588 53917 2019812242 964984 965000
3 11 10063 10063 622336 2019824950 1013832 1012659
10 5 10205 10204 111772 2020582648 974370 969851
0 8 10277 10277 59287 2021256770 1093714 965453
0 13 10513 10513 128220 2022927390 971593 971232
12 5 10925 10925 3350 2023949654 961020 960763
6 10 10641 10641 16427 2023979396 963299 961859
1 12 10998 10998 216762 2024516406 997337 978654
3 9 10020 10020 2567 2024383706 1294677 960696
14 7 10451 10450 621612 2026697138 1141523 1012597
0 8 10278 10277 63999 2026107534 2096561 965845
5 14 10439 10439 643 2027272218 966873 960535
3 14 10902 10902 4736328 2026298410 2783809 1357576
14 0 10280 10280 4558388 2025076980 4542202 1342657
8 6 10153 10152 5817 2027486348 2163726 960968
6 14 10787 10786 7335 2029185854 970340 961097
12 1 10628 10628 8383519 2021502234 8952270 1663356
11 2 10913 10913 377464 2030461546 1005492 992128
7 14 10684 10684 685722 2030734160 1059713 1017972
12 3 10747 10747 225 2030993408 1126979 960501
5 11 10589 10588 5590 2031336778 1122414 960950
3 11 10064 10063 2020 2031837778 1092334 960653
2 10 10401 10400 37750 2032226518 1114056 963645
11 5 10552 10552 34202 2032452370 970373 963350
10 6 10889 10889 11681 2031221150 2253747 961460
4 13 10738 10738 28458 2032514258 963005 962868
14 7 10452 10450 1235567 2033734150 1228080 1064071
12 1 10629 10628 1854 2035118404 974600 960636
6 14 10786 10786 49375864 2025273218 10868340 5100152
7 11 10760 10760 196688 2036446786 1099010 976971
13 6 10701 10700 91568 2036659006 1025547 968158
0 12 10365 10364 18381918 2034713108 6753990 2501620
14 6 10945 10944 69521 2040440848 1057050 966310
2 11 10891 10891 119861 2042472700 1143748 970529
7 12 10984 10984 55715103 2036717530 7775370 5631637
2 14 10807 10807 1078350 2043262856 1245546 1050891
1 15 10839 10839 602347 2043744878 1062663 1010983
5 8 10350 10350 11510 2043686996 1124359 961446
12 5 10927 10925 1359 2044093594 1030246 960596
8 0 10749 10749 7500 2044348318 961496 961110
14 6 10946 10944 957646 2043181066 2583824 1040770
14 1 10547 10546 147148 2043700554 2116828 972820
14 2 10721 10719 201769 2040250994 5659955 977397
9 6 10640 10639 41481 2043889292 2065034 963959
4 15 10354 10354 1741570 2044792044 1217671 1106494
3 8 10064 10064 11950833 2042942676 3325531 1962438
11 0 10164 10163 2039 2046187956 981008 960654
3 11 10065 10063 238 2047423380 1237082 960502
11 0 10165 10163 1726565 2046456562 2481872 1105236
6 8 10148 10147 120712 2047637796 2240429 970601
6 12 10619 10619 3629075 2046645238 3492399 1264745
1 9 10400 10400 8496 2049862600 1041824 961194
8 5 10245 10244 608360 2050064450 1023261 1011487
11 0 10166 10163 47392 2050515014 966083 964455
2 15 10919 10919 87920 2050678158 1086679 967851
8 1 10368 10368 308245 2051141352 1007228 986326
8 1 10369 10368 29636 2051459574 963655 962966
10 4 10999 10999 13754507 2033970758 18455951 2113659
6 11 10431 10431 4137 2051478762 1064414 960830
1 15 10840 10839 55314 2050584770 2096307 965120
10 4 11000 10999 2974641 2051526404 1435240 1209875
1 14 10512 10512 203675 2052153908 1017725 977557
2 11 10892 10891 2016168 2052015098 1217640 1129518
7 13 10935 10935 248625 2052515910 988571 981326
4 9 10931 10931 117411 2053023712 973363 970326
9 7 10759 10759 159063 2053642682 977413 973819
4 8 10437 10437 2546682 2053653828 1287519 1173995
0 8 10279 10277 564890 2056031478 1168556 1007840
4 12 10284 10284 110641 2056227594 1129988 969757
5 9 10687 10686 2680 2056498300 1005772 960705
9 5 10968 10967 1470477 2057865106 1145844 1083766
11 5 10553 10552 13043 2058666474 963168 961577
12 6 10874 10873 9032 2061512374 1000082 961240
8 2 10294 10294 43811 2061250214 3437998 964153
2 12 10283 10283 6055766 2063355232 1718825 1468196
0 15 10916 10916 7266445 2060621934 5006219 1569700
3 13 10970 10970 19763 2064981376 963449 962137
4 14 10639 10639 29090 2066003426 1130380 962922
9 3 10733 10732 8898 2066195474 1059190 961226
6 13 10281 10281 11467 2066309280 962268 961443
14 4 10471 10471 87523 2066724470 1090744 967819
9 7 10760 10759 83078 2066805774 1131626 967448
0 10 10477 10477 32591 2068194918 1208078 963214
2 15 10921 10919 684725 2068496134 1218310 1017888
10 5 10206 10204 90478 2069035280 1034411 968067
2 10 10402 10400 6475 2069176034 961357 961024
9 5 10969 10967 56 2071330624 1385894 960488
2 10 10403 10400 326 2071773298 1249363 960509
13 1 10078 10076 906 2072137230 1065122 960556
2 15 10922 10919 6241 2073486516 1200725 961006
5 12 10658 10657 200569 2075679390 1206436 977297
0 11 10629 10628 277 2076948676 1191412 960506
0 10 10478 10477 501881 2078910114 2386057 1002558
4 14 10640 10639 90519 2082220894 1306320 968070
10 5 10207 10204 1258 2085753978 960930 960588
8 0 10750 10749 988 2085785508 1071339 960562
7 13 10937 10935 27934 2086226614 1131707 962822
0 10 10479 10477 859683 2087067884 1286961 1032557
9 4 10658 10656 9206 2088755368 1008887 961254
5 13 10858 10858 4511255 2088221214 1769461 1338706
10 0 10574 10573 48835 2084533310 6892943 964574
5 9 10688 10686 10411 2091056262 1125446 961355
4 10 10931 10930 7062463 2089849966 3385689 1552598
5 11 10590 10588 39402962 2077308348 16318389 4264024
2 13 10353 10352 20595292 2076613142 19198862 2687192
1 10 10132 10129 947 2096370302 1107733 960559
11 5 10555 10552 58966 2098286132 1137209 965423
2 10 10404 10400 17825 2098787136 1150630 961975
6 15 10307 10307 12912 2098812096 1320375 961562
14 3 10115 10113 622963 2099323324 1162280 1012709
9 3 10734 10732 406 2099869676 966464 960516
8 7 10732 10732 37086 2100187804 969239 963592
5 9 10689 10686 1785 2101031474 960922 960630
2 12 10284 10283 382546 2101482430 1017054 992554
0 9 10553 10553 2848 2102481580 1127589 960719
13 2 10649 10649 83010 2106658924 1216710 967443
10 0 10575 10573 1753556 2107202106 1278008 1107499
11 0 10167 10163 2065549 2107239798 1425511 1133657
4 14 10641 10639 13219 2113544136 1290234 961591
5 8 10351 10350 428150 2113915196 1222763 996379
6 15 10308 10307 37797 2116093498 966972 963649
8 3 10233 10232 2003 2115799436 1338671 960651
14 0 10282 10280 6370219 2080714962 36432927 1494562
11 4 10359 10359 14721374 2109021892 8608467 2194722
2 12 10285 10283 60 2118012298 1143020 960488
3 10 10457 10457 9228 2117618254 2259115 961256
12 7 10831 10831 459292 2120854258 1045401 998989
3 8 10065 10064 1476 2122913376 960759 960605
13 1 10079 10076 7419902 2108404820 19419313 1582564
2 14 10808 10807 22212 2125738190 2478827 962345
2 15 10924 10919 151444 2127716772 1192674 973179
2 8 10528 10526 1856227 2129841462 1279243 1116109
2 8 10527 10526 8116160 2125007340 6239553 1640942
3 10 10458 10457 23310 2131190814 1003009 962436
3 12 10239 10238 422241 2131537882 1162276 995883
15 0 10677 10675 12696 2133886300 1007175 961545
2 12 10286 10283 2928 2134325954 961074 960725
14 2 10723 10719 356858 2138013824 3589570 990399
3 13 10971 10970 121970 2140185752 2183007 970706
10 2 10052 10051 64011 2142638548 1332752 965850
13 2 10651 10649 724133 2143569678 1355581 1021194
0 15 10917 10916 2248308 2143757288 2391817 1148980
5 10 10956 10956 11174 2146141076 1006511 961420
4 11 10722 10720 47361559 2127759104 22368812 4931274
11 4 10360 10359 28328 2148188532 2233024 962857
6 12 10620 10619 31083 2148403650 2336110 963089
2 14 10809 10807 50354 2151668036 1099594 964704
11 0 10168 10163 32192 2151805404 1105067 963182
12 3 10749 10747 7754 2151649058 1279091 961131
13 7 10318 10316 21341 2152248406 1069183 962271
13 1 10076 10076 29451534 2039869994 114132635 3429698
4 8 10439 10437 188630 2154086782 1079876 976296
7 11 10763 10760 1804 2154576436 2196015 960632
13 1 10081 10076 29675566 2147093712 11309752 3448481
6 11 10434 10431 4838137 2142122168 17402041 1366112
9 1 10241 10240 66101 2159607194 2685200 966025
15 7 10041 10040 8405043 2153903660 9056334 1665162
7 9 10126 10126 1585750 2161589826 3605083 1093430
1 14 10514 10512 188533 2164223164 1045023 976288
8 7 10733 10732 691422 2164799320 1172617 1018451
1 15 10841 10839 25653 2165475094 964737 962632
2 12 10287 10283 15072377 2141864428 26373279 2224150
8 6 10154 10152 141969 2167104670 1143582 972382
5 8 10353 10350 943 2167859418 1044738 960559
14 6 10947 10944 18708 2168096648 966818 962049
3 12 10240 10238 13500293 2150766508 18871840 2092347
0 15 10919 10916 52068 2168847886 971002 964848
13 1 10082 10076 25328633 2157968756 13408601 3084034
3 15 10851 10850 10821 2173255900 962680 961387
5 12 10659 10657 2013704 2173927216 1427718 1129310
0 8 10280 10277 23068 2176809778 1036514 962417
14 7 10455 10450 916 2181725644 1033775 960557
6 14 10789 10786 14095 2185216222 1102586 961665
11 5 10557 10552 3967595 2187362382 2941209 1293124
8 1 10371 10368 1509 2189978238 1046931 960608
6 11 10435 10431 11300 2190016642 1099260 961430
14 3 10116 10113 8922 2197711744 966365 961228
2 14 10810 10807 27118634 2176958264 22040801 3234107
13 2 10652 10649 9602 2198722914 1122267 961286
15 7 10042 10040 13928 2200930478 1096261 961648
13 1 10083 10076 16434 2201119494 1146796 961860
11 2 10915 10913 8939 2201448962 1107517 961229
6 8 10150 10147 55949 2205626672 975022 965170
0 12 10369 10364 26235 2211599460 2154490 962682
1 12 10999 10998 411829 2212733388 1254864 995008
8 4 10584 10584 389031 2216908208 1105567 993100
12 2 10035 10035 8177 2217175390 963199 961168
11 0 10169 10163 28301 2219392440 2400714 962855
3 8 10066 10064 134842 2224665756 1260332 971785
8 4 10585 10584 2253 2230257090 1083742 960671
2 14 10812 10807 2428 2233329058 1119684 960685
1 8 10157 10156 480 2235578170 1093583 960522
9 3 10737 10732 278011 2237643920 2200020 983792
6 11 10437 10431 370633 2242002166 1173497 991555
15 2 10481 10481 9518 2243611420 2220468 961279
6 14 10792 10786 119251 2248204122 5351241 970480
13 1 10084 10076 52902 2252784934 980796 964915
5 11 10596 10588 149072 2248788716 5139650 972981
7 11 10764 10760 1131 2253048138 993718 960578
9 2 10800 10797 2131 2254154486 962696 960662
15 0 10679 10675 71 2258501230 1151131 960489
9 0 10180 10176 3318 2260349814 1135118 960760
1 12 11000 10998 2640 2260587316 1228679 960702
9 6 10644 10639 701 2262381348 1238265 960539
10 6 10892 10889 6647 2265760838 1255852 961038
15 1 10488 10482 813078 2264161754 2957454 1028652
8 5 10249 10244 4919 2277113898 976668 960892
2 13 10356 10352 19637 2277176030 1143334 962127
2 10 10407 10400 3815372 2308950040 5260280 1280363
1 13 10221 10218 1610295 2319486384 3147155 1095489
2 8 10530 10526 13148185 2300465890 26251602 2062826
14 7 10457 10450 4610 2328730280 1290889 960868
15 0 10682 10675 12222 2332637264 1235818 961507
0 14 10955 10952 56122 2344031204 1137242 965188
1 8 10160 10156 6468529 2340408538 6759185 1502803
4 15 10358 10354 75867 2375637138 1684471 966841
13 6 10705 10700 2566 2378827722 1364651 960696
11 2 10918 10913 2949 2419508508 1451147 960727
0 8 10283 10277 258618 2461496456 1366760 982164
6 13 10287 10281 9999 2646720690 1518773 961318
1 11 10114 10108 20855 2739124736 1420261 962229
12 5 10938 10925 598 2751458860 1487434 960531
10 2 10070 10051 2209 2806251302 1398223 960668
5 11 10618 10588 39626 3259751474 1531073 963803
6 13 10308 10281 225 3644345834 1511763 960501
