                 754
5 15 3 90079 2.000800838
15 5 3 509163 2.000816460
5 9 3 600 2.002075710
10 1 3 2146 2.003720122
2 8 3 42500 2.003732856
10 2 3 4753 2.004380122
1 10 3 18993065 2.004998828
6 9 3 102513 2.005441948
6 8 3 1420331 2.006162704
15 0 3 379033189 2.006448066
10 3 3 3024908 2.007087806
10 5 3 31369 2.007251870
1 10 3 242214 2.008728290
12 6 3 1046 2.009403652
9 6 3 18411491 2.009523378
8 6 3 6654 2.009680858
9 0 3 6646 2.010048686
15 5 3 21300 2.010446104
9 1 3 13562198 2.011873678
0 12 3 40809628 2.012066622
14 1 3 3643401 2.012088998
14 2 3 3093 2.012383690
2 13 3 69513 2.012575902
3 15 3 4124571 2.013380784
4 10 3 1920 2.015462012
0 14 3 853340 2.015472988
13 7 3 832162 2.015655114
9 4 3 44007 2.015870346
9 3 3 2366 2.015936536
3 12 3 119451 2.016682656
9 5 3 488 2.017156972
0 11 3 96478 2.017601158
2 10 3 2311799 2.017604224
2 9 3 230220 2.019431218
8 5 3 38831 2.019505118
5 11 3 53917 2.019812242
3 11 3 622336 2.019824950
10 5 3 111772 2.020582648
13 6 3 95537729 2.021062810
0 8 3 59287 2.021256770
12 1 3 8383519 2.021502234
0 13 3 128220 2.022927390
7 10 3 1588390271 2.023756138
12 5 3 3350 2.023949654
6 10 3 16427 2.023979396
14 6 3 51538141 2.024362378
3 9 3 2567 2.024383706
1 12 3 216762 2.024516406
14 0 3 4558388 2.025076980
6 14 3 49375864 2.025273218
14 7 3 52727 2.025589784
0 8 3 63999 2.026107534
3 14 3 4736328 2.026298410
14 7 3 621612 2.026697138
5 14 3 643 2.027272218
8 6 3 5817 2.027486348
6 14 3 7335 2.029185854
11 2 3 377464 2.030461546
7 14 3 685722 2.030734160
12 3 3 225 2.030993408
10 6 3 11681 2.031221150
5 11 3 5590 2.031336778
3 11 3 2020 2.031837778
2 10 3 37750 2.032226518
11 5 3 34202 2.032452370
4 13 3 28458 2.032514258
12 5 3 971546448 2.033144150
5 12 3 2160 2.033352502
14 7 3 1235567 2.033734150
10 4 3 13754507 2.033970758
5 15 3 767344 2.034284660
0 12 3 18381918 2.034713108
12 1 3 1854 2.035118404
7 11 3 196688 2.036446786
13 6 3 91568 2.036659006
7 12 3 55715103 2.036717530
11 0 3 103842919 2.036848898
14 2 3 3197 2.038876672
13 1 3 29451534 2.039869994
14 2 3 201769 2.040250994
14 6 3 69521 2.040440848
2 11 3 119861 2.042472700
3 8 3 11950833 2.042942676
14 6 3 957646 2.043181066
2 14 3 1078350 2.043262856
5 8 3 11510 2.043686996
14 1 3 147148 2.043700554
1 15 3 602347 2.043744878
9 6 3 41481 2.043889292
12 5 3 1359 2.044093594
8 0 3 7500 2.044348318
4 15 3 1741570 2.044792044
1 13 3 4068882 2.045899716
11 0 3 2039 2.046187956
11 0 3 1726565 2.046456562
7 11 3 51806562 2.046485724
6 12 3 3629075 2.046645238
3 11 3 238 2.047423380
6 8 3 120712 2.047637796
4 11 3 892850376 2.049323608
1 9 3 8496 2.049862600
8 5 3 608360 2.050064450
11 0 3 47392 2.050515014
1 15 3 55314 2.050584770
2 15 3 87920 2.050678158
8 1 3 308245 2.051141352
8 1 3 29636 2.051459574
6 11 3 4137 2.051478762
10 4 3 2974641 2.051526404
2 11 3 2016168 2.052015098
1 14 3 203675 2.052153908
7 13 3 248625 2.052515910
4 9 3 117411 2.053023712
9 7 3 159063 2.053642682
4 8 3 2546682 2.053653828
2 15 3 59246438 2.054355054
11 2 3 549830 2.054464916
15 5 3 45023506 2.055119094
0 8 3 564890 2.056031478
4 12 3 110641 2.056227594
5 9 3 2680 2.056498300
9 5 3 1470477 2.057865106
11 5 3 13043 2.058666474
8 5 3 24162424 2.060423966
0 15 3 7266445 2.060621934
14 7 3 1402 2.060629360
13 5 3 15694 2.061233116
8 2 3 43811 2.061250214
12 6 3 9032 2.061512374
4 12 3 90180 2.062271932
2 12 3 6055766 2.063355232
15 1 3 2462046 2.064273278
3 13 3 19763 2.064981376
4 14 3 29090 2.066003426
13 1 3 71599 2.066194998
9 3 3 8898 2.066195474
6 13 3 11467 2.066309280
14 4 3 87523 2.066724470
9 7 3 83078 2.066805774
0 10 3 32591 2.068194918
8 3 3 21973 2.068266004
2 15 3 684725 2.068496134
10 5 3 90478 2.069035280
2 10 3 6475 2.069176034
14 0 3 1793451 2.070627024
10 4 3 289483 2.070677432
6 11 3 24796258 2.071135028
9 7 3 48984 2.071292070
9 5 3 56 2.071330624
2 10 3 326 2.071773298
13 1 3 906 2.072137230
1 14 3 26149878 2.073140538
2 15 3 6241 2.073486516
12 3 3 922855 2.074018660
15 6 3 31896146 2.074466910
11 5 3 6424637 2.075425818
13 5 3 168757815 2.075596416
5 12 3 200569 2.075679390
10 0 3 40680 2.076000240
2 13 3 20595292 2.076613142
12 4 3 516560 2.076768856
0 11 3 277 2.076948676
0 12 3 892808 2.077260112
5 11 3 39402962 2.077308348
5 14 3 69542892 2.078614744
0 10 3 501881 2.078910114
4 12 3 470708 2.079629408
13 3 3 66040 2.080010372
1 10 3 8772 2.080501190
13 6 3 4036 2.080543030
14 0 3 6370219 2.080714962
9 4 3 2588150 2.080989638
4 8 3 7806 2.081447104
4 14 3 90519 2.082220894
7 13 3 45597 2.082561674
14 1 3 165112910 2.082741742
11 1 3 11154 2.083185734
15 0 3 4520376 2.084368926
10 0 3 48835 2.084533310
14 3 3 403 2.084736304
10 5 3 1258 2.085753978
8 0 3 988 2.085785508
7 13 3 27934 2.086226614
0 10 3 859683 2.087067884
14 3 3 50161868 2.087180912
15 5 3 3997 2.087363724
7 12 3 71593 2.088065270
5 13 3 4511255 2.088221214
9 4 3 9206 2.088755368
11 1 3 26331 2.089833956
4 10 3 7062463 2.089849966
14 2 3 7559582 2.090010986
5 9 3 10411 2.091056262
12 6 3 155611 2.091904356
7 11 3 35608061 2.093343256
6 14 3 649348 2.093768312
7 15 3 18124607 2.093843666
15 5 3 2550 2.094354764
1 9 3 32907038 2.094702782
7 10 3 64715138 2.095131912
14 7 3 9559 2.096214354
1 10 3 947 2.096370302
6 8 3 223526359 2.096371002
12 6 3 10046 2.096737072
9 0 3 1799 2.097141012
15 5 3 362749433 2.097259118
4 11 3 2301 2.098274704
11 5 3 58966 2.098286132
2 10 3 17825 2.098787136
6 15 3 12912 2.098812096
6 11 3 726603 2.099169236
14 3 3 622963 2.099323324
9 3 3 406 2.099869676
5 14 3 237680670 2.100119322
8 7 3 37086 2.100187804
15 1 3 454916 2.100523456
5 9 3 1785 2.101031474
2 12 3 382546 2.101482430
0 9 3 2848 2.102481580
9 7 3 520540 2.103013268
9 5 3 845544 2.104584940
11 7 3 63857395 2.105357750
13 2 3 83010 2.106658924
10 0 3 1753556 2.107202106
11 0 3 2065549 2.107239798
13 1 3 7419902 2.108404820
11 4 3 14721374 2.109021892
13 2 3 95377 2.109647696
8 2 3 18096 2.112333070
11 3 3 369474 2.113352554
4 14 3 13219 2.113544136
5 8 3 428150 2.113915196
2 15 3 87981 2.114444918
15 1 3 372126540 2.115009034
7 10 3 590268671 2.115480822
8 3 3 2003 2.115799436
6 15 3 37797 2.116093498
6 15 3 52459 2.117113668
3 10 3 9228 2.117618254
2 12 3 60 2.118012298
11 6 3 29717 2.118382530
0 14 3 849183 2.118758506
1 9 3 97506586 2.118802164
12 6 3 122579085 2.119298252
15 4 3 2982 2.119652368
10 6 3 7398 2.119660036
3 14 3 63089 2.119808540
15 7 3 1696815 2.120499102
13 1 3 61575 2.120639558
12 7 3 459292 2.120854258
3 8 3 1476 2.122913376
9 2 3 16166640 2.123417256
10 3 3 162448 2.123851692
4 13 3 158 2.124448744
5 9 3 341 2.124636410
9 6 3 19477 2.124644072
15 4 3 13744 2.124725780
2 8 3 8116160 2.125007340
2 14 3 22212 2.125738190
7 10 3 1184510 2.126469854
2 15 3 151444 2.127716772
4 11 3 47361559 2.127759104
5 13 3 116028 2.128478372
10 5 3 406835 2.129310200
2 8 3 1856227 2.129841462
10 6 3 888743 2.129956702
6 9 3 22736672 2.130908520
3 10 3 23310 2.131190814
9 2 3 117609 2.131200490
3 12 3 422241 2.131537882
9 5 3 26116814 2.132415252
8 0 3 2470025 2.133134162
15 0 3 12696 2.133886300
2 12 3 2928 2.134325954
11 7 3 156404 2.137148674
13 7 3 5840014 2.137180874
12 7 3 2920912 2.137692602
14 2 3 356858 2.138013824
3 13 3 121970 2.140185752
13 3 3 15020 2.140471134
6 13 3 51165 2.140845812
2 12 3 15072377 2.141864428
6 11 3 4838137 2.142122168
10 2 3 64011 2.142638548
3 9 3 355 2.142737326
6 10 3 6867 2.143394302
13 2 3 724133 2.143569678
0 15 3 2248308 2.143757288
6 9 3 794394 2.144375106
5 10 3 11174 2.146141076
13 1 3 29675566 2.147093712
4 9 3 325996 2.147166548
4 15 3 941731 2.147474146
1 13 3 3557 2.147894240
11 4 3 28328 2.148188532
6 12 3 31083 2.148403650
3 12 3 13500293 2.150766508
0 12 3 969 2.151116458
12 3 3 7754 2.151649058
2 14 3 50354 2.151668036
11 0 3 32192 2.151805404
13 7 3 21341 2.152248406
11 1 3 2188 2.152330138
5 15 3 1302968 2.152398186
0 15 3 482688 2.153467884
15 7 3 8405043 2.153903660
4 8 3 188630 2.154086782
15 3 3 15542 2.154129886
7 11 3 1804 2.154576436
5 15 3 61992 2.155233538
13 1 3 25328633 2.157968756
7 10 3 15647112 2.158265750
3 14 3 30438 2.158470144
9 1 3 66101 2.159607194
7 9 3 1585750 2.161589826
5 8 3 793 2.162595794
13 0 3 260356069 2.162692488
9 3 3 1374 2.163318150
1 14 3 188533 2.164223164
15 0 3 18860237 2.164769618
8 7 3 691422 2.164799320
1 9 3 265317 2.165182096
1 15 3 25653 2.165475094
1 14 3 4980 2.166581590
8 6 3 141969 2.167104670
5 8 3 943 2.167859418
14 6 3 18708 2.168096648
0 15 3 52068 2.168847886
11 4 3 46374 2.169310202
0 12 3 12285 2.169612036
9 3 3 40587174 2.169862140
11 5 3 19406942 2.170353728
8 6 3 12931 2.170405852
0 15 3 10144005 2.170969418
5 9 3 14679 2.171403984
2 10 3 6541 2.171478676
9 1 3 19561 2.171743238
4 10 3 121164931 2.172407532
5 14 3 3964334 2.172970922
3 15 3 10821 2.173255900
8 5 3 3389909 2.173357864
7 8 3 294889 2.173697224
5 12 3 2013704 2.173927216
0 14 3 281112300 2.174588674
2 12 3 1041314136 2.176346798
11 4 3 15253 2.176651570
0 8 3 23068 2.176809778
2 14 3 27118634 2.176958264
5 8 3 1699440 2.179387614
4 10 3 2673215 2.181232648
14 7 3 916 2.181725644
12 4 3 819589 2.182318742
10 1 3 16059 2.183313368
8 3 3 267 2.183573568
15 5 3 24320919 2.183619768
3 9 3 754794928 2.184090724
8 6 3 48781 2.184139696
6 14 3 14095 2.185216222
14 0 3 49009 2.186821216
8 1 3 17803 2.186892888
11 5 3 3967595 2.187362382
3 11 3 9437268 2.188142696
5 8 3 1841 2.188326670
8 1 3 1509 2.189978238
6 11 3 11300 2.190016642
13 7 3 12915159 2.192100188
5 11 3 88508165 2.192485578
3 10 3 60200 2.193329870
14 6 3 5483345 2.193663592
12 6 3 1594832 2.193737678
12 0 3 10051 2.194729140
5 14 3 25049 2.195677430
7 10 3 36147 2.195773518
3 15 3 5334 2.195852872
9 6 3 4665995 2.196466744
4 12 3 209589 2.197204538
12 3 3 197198186 2.197272844
5 11 3 17478 2.197566230
14 3 3 8922 2.197711744
13 5 3 9415 2.198484128
13 2 3 9602 2.198722914
0 10 3 576 2.198770822
9 0 3 108673772 2.199807188
2 15 3 457910 2.200432942
15 7 3 13928 2.200930478
13 1 3 16434 2.201119494
11 5 3 153013476 2.201164084
11 2 3 8939 2.201448962
8 2 3 616634 2.201672470
14 1 3 30914 2.202304568
0 15 3 195695 2.202705752
8 5 3 7617365 2.204969200
6 8 3 55949 2.205626672
5 11 3 76298 2.206517338
6 15 3 3545488 2.206666570
8 1 3 6300384 2.207908462
7 15 3 176389 2.209057514
9 0 3 7406 2.209504082
0 10 3 11580573 2.210466002
2 12 3 15310812 2.211441252
1 15 3 546 2.211497950
0 12 3 26235 2.211599460
11 1 3 790 2.212353924
1 12 3 411829 2.212733388
5 11 3 140698 2.212998704
2 11 3 121 2.213373452
6 14 3 293044 2.214247628
2 14 3 66627938 2.214638308
5 14 3 2002645 2.214639930
0 9 3 94287 2.214951372
1 8 3 21957588 2.215867036
11 3 3 5647035 2.215874110
5 10 3 239652 2.216765220
8 4 3 389031 2.216908208
12 2 3 8177 2.217175390
12 2 3 25412066 2.217761016
11 0 3 28301 2.219392440
5 13 3 25774 2.220581192
14 0 3 57221 2.221497114
13 5 3 66865137 2.223556634
9 2 3 41905932 2.223742064
2 10 3 514997 2.224339940
3 8 3 134842 2.224665756
7 8 3 348995 2.225218664
12 6 3 365638 2.225318474
1 14 3 26533 2.225486582
13 4 3 31151 2.228043362
4 10 3 21227 2.228141548
13 0 3 26385575 2.228316762
6 14 3 10115 2.228950146
14 0 3 28860 2.229137784
15 1 3 922199 2.229519710
4 15 3 133097313 2.229626252
8 4 3 2253 2.230257090
3 9 3 30464 2.230567220
3 15 3 150110526 2.230619728
2 13 3 40801 2.230817650
4 11 3 1070 2.230885156
5 9 3 22948 2.232925542
14 4 3 7203482 2.233146528
2 14 3 2428 2.233329058
6 11 3 32277 2.234456902
2 15 3 11942266 2.235382324
10 7 3 124591 2.235510240
1 8 3 480 2.235578170
1 15 3 155838 2.235783374
9 3 3 278011 2.237643920
13 0 3 23918 2.239626116
15 1 3 1934 2.240111122
9 4 3 35691 2.240457024
13 2 3 2012 2.240774898
6 11 3 370633 2.242002166
4 13 3 6041531 2.242960512
13 6 3 61537 2.243311266
15 2 3 9518 2.243611420
6 15 3 10621 2.244243608
0 11 3 17940038 2.244600270
0 9 3 1982061 2.244652606
9 6 3 18605 2.246849792
8 2 3 35052 2.247037204
15 1 3 3377 2.247386620
13 4 3 2147150109 2.247528874
5 10 3 831456135 2.247706426
3 15 3 2233 2.247897604
6 14 3 119251 2.248204122
5 11 3 8883 2.248384128
5 11 3 149072 2.248788716
1 9 3 57483411 2.249196890
12 6 3 406 2.249622826
13 1 3 52902 2.252784934
7 11 3 1131 2.253048138
9 2 3 2131 2.254154486
15 5 3 22289 2.255084308
15 3 3 1547666 2.255675968
5 13 3 19076669 2.256776936
1 15 3 99423330 2.257029970
12 5 3 265833 2.257853692
12 6 3 678 2.257942396
1 15 3 132268786 2.257991440
15 0 3 71 2.258501230
1 15 3 3369 2.259459476
4 8 3 189379 2.259459678
7 9 3 88888 2.259690298
5 10 3 19853 2.259733040
9 0 3 3318 2.260349814
9 0 3 116717 2.260505308
1 12 3 2640 2.260587316
9 5 3 302173764 2.261030050
1 9 3 7631 2.261438672
6 11 3 504259 2.261610206
9 6 3 701 2.262381348
15 1 3 813078 2.264161754
10 0 3 18559 2.264837214
10 6 3 6647 2.265760838
10 2 3 95940 2.267993346
14 0 3 1864 2.268030936
4 15 3 1618 2.268522976
14 2 3 8990924 2.269421004
11 7 3 1884458693 2.269969468
0 11 3 1820 2.270011464
14 7 3 196088 2.270430074
4 11 3 127720424 2.270582414
7 13 3 5646156 2.271172034
1 13 3 448212231 2.271252014
8 4 3 616050 2.271837334
11 7 3 322865 2.272257208
7 9 3 757799 2.274376220
2 13 3 31765 2.274900740
5 10 3 2062 2.275195928
5 8 3 62621 2.276860530
8 5 3 4919 2.277113898
2 13 3 19637 2.277176030
10 2 3 1842739 2.277309064
10 7 3 98401472 2.278365884
6 15 3 1122461 2.278565198
1 14 3 60985 2.278802966
12 3 3 4334 2.278833112
10 5 3 51392702 2.279372100
7 15 3 2469220 2.280218348
15 3 3 5659 2.280288738
9 2 3 261577 2.280334166
13 4 3 1492738 2.280935990
9 7 3 430376 2.281265858
5 11 3 107413 2.281734012
0 12 3 17179190 2.282300144
9 1 3 3984701 2.282319548
9 6 3 4501336 2.282904306
9 1 3 174980806 2.283271670
6 12 3 154387 2.283501750
6 13 3 330950 2.284097440
1 11 3 118458 2.284430490
13 3 3 127206 2.284553752
15 2 3 43978 2.284944200
4 10 3 11460 2.285553444
9 0 3 167077411 2.285857286
9 0 3 635228176 2.286212116
0 10 3 1530849 2.286572024
3 13 3 58775 2.287305606
12 5 3 209308833 2.287416226
7 8 3 871741 2.288058380
15 0 3 26168404 2.288710180
11 7 3 1340408 2.289370540
8 7 3 217606493 2.290402832
7 11 3 705 2.290597214
0 11 3 14772 2.290651010
8 7 3 2028 2.290679120
11 1 3 15861680 2.291563204
14 6 3 3679062 2.292420424
10 5 3 3509 2.294752466
5 10 3 9433 2.294832658
0 8 3 9865846 2.295063186
12 2 3 1739 2.295185742
3 9 3 943006 2.295272850
7 10 3 88354343 2.295981042
6 8 3 1243 2.296495632
2 12 3 15018016 2.296509576
11 7 3 1825 2.296759482
4 9 3 26304 2.297670282
0 9 3 1794695 2.298111842
15 5 3 29258 2.298679422
4 12 3 444043 2.298809114
10 4 3 2016555 2.298904172
12 2 3 183374 2.299167852
4 11 3 944691 2.299218626
15 5 3 12570437 2.299266248
2 8 3 470972 2.299919252
2 8 3 13148185 2.300465890
14 5 3 3456 2.301132432
9 1 3 487 2.301305482
7 10 3 3891236 2.301366474
10 5 3 1900 2.301668866
12 4 3 61968558 2.301685278
10 3 3 641126 2.301977330
7 8 3 841476 2.301985392
0 9 3 1098166 2.302452732
10 1 3 7460 2.304205078
10 1 3 109780 2.304299142
5 8 3 31067 2.304348070
15 7 3 27405886 2.304594982
7 10 3 56232 2.305079500
10 3 3 109969238 2.305443002
12 7 3 33185 2.305691072
0 12 3 255336 2.307225730
9 3 3 35748 2.307237270
4 14 3 274846 2.307544046
2 13 3 1964 2.307740784
12 1 3 559483 2.308769672
2 10 3 3815372 2.308950040
8 0 3 688 2.309366668
4 11 3 9198 2.310428986
12 4 3 283062 2.310466504
10 2 3 14599914 2.310694356
1 12 3 237085 2.310750528
13 4 3 1478 2.310770844
13 7 3 171545 2.310810918
15 5 3 228617 2.311253804
13 0 3 1199326 2.311689490
2 11 3 1362 2.312060770
4 8 3 15515 2.312065388
4 11 3 2004 2.312166280
10 4 3 14417376 2.313085174
9 6 3 5362079 2.313633000
13 1 3 5371 2.314440826
4 9 3 27936 2.314602372
8 2 3 111878 2.314789020
15 0 3 173404 2.314853966
0 15 3 28669 2.314957578
4 12 3 21838 2.315096170
10 2 3 183360 2.315237698
13 0 3 26004 2.315665974
11 3 3 2677 2.316034606
10 3 3 357853 2.316616224
9 5 3 42555898 2.316881690
7 13 3 56760 2.317285508
3 14 3 1633560 2.317399294
1 11 3 110283 2.317498086
5 9 3 5911106 2.317574762
14 6 3 61174834 2.318305568
1 14 3 110980 2.319385054
1 13 3 1610295 2.319486384
1 15 3 879438 2.320767010
11 6 3 36940352 2.320823094
15 4 3 1158323 2.322150232
6 15 3 404 2.322347980
8 6 3 21699 2.323949910
14 2 3 101827 2.324031988
15 6 3 1600753 2.324730976
1 15 3 9397 2.324858688
1 8 3 62246 2.325099924
10 6 3 270769 2.325462312
11 5 3 380 2.325926462
0 11 3 171916 2.326793162
13 5 3 17535453 2.326944490
14 7 3 4610 2.328730280
5 8 3 21980 2.328935970
5 15 3 2176180 2.329097982
2 11 3 58250114 2.329725640
12 6 3 3074 2.330734700
12 0 3 2684 2.331770076
15 0 3 12222 2.332637264
0 15 3 1006101 2.333042412
14 7 3 160816839 2.333345500
1 8 3 22484 2.333445572
8 3 3 280682 2.334258840
8 5 3 266 2.334915084
7 8 3 123600 2.335951926
1 12 3 7632 2.336218884
9 6 3 22683 2.336376382
7 11 3 18599495 2.336414224
0 13 3 1491 2.337464898
0 13 3 10210 2.338221652
2 11 3 1512617 2.338396142
14 4 3 30380 2.338495252
8 7 3 27604 2.338539904
2 12 3 861738 2.338766048
7 14 3 6203268 2.339064966
6 11 3 29866 2.339253664
1 8 3 6468529 2.340408538
8 5 3 11977247 2.340738684
12 5 3 15842 2.341258780
5 11 3 6881830 2.341796420
4 14 3 219618 2.342549084
1 13 3 30347 2.343155594
8 5 3 1008268 2.343432278
13 3 3 182239 2.343838520
0 14 3 56122 2.344031204
8 1 3 984 2.344523954
12 7 3 178083071 2.345140854
0 12 3 5579 2.347784404
3 13 3 248306639 2.348663804
5 10 3 14819 2.348739976
6 10 3 51377 2.348964350
0 10 3 8533261 2.348990628
15 6 3 7643 2.349130122
14 4 3 176713 2.349819488
6 9 3 4684 2.349872804
2 15 3 130679 2.349911374
14 4 3 24989650 2.349975758
15 1 3 1136248 2.350309450
1 8 3 65453 2.351719766
1 15 3 105986 2.352665674
7 14 3 31031 2.352934534
2 13 3 194 2.352996018
15 2 3 316667149 2.353002966
0 13 3 147801402 2.354953370
5 11 3 30057706 2.356395756
7 12 3 6182 2.357357076
1 12 3 795168 2.357981572
2 13 3 13884 2.358558624
4 9 3 9755 2.359130160
2 11 3 2410505 2.359506700
14 3 3 7854906 2.359694962
12 1 3 11438 2.360167016
15 3 3 6290 2.360547548
7 10 3 32959236 2.361134342
0 11 3 114524 2.361652782
3 14 3 14553 2.363048808
14 0 3 2468 2.363712302
12 7 3 30376 2.363931714
3 9 3 1529205 2.364152678
13 1 3 32363 2.366076468
3 8 3 2007 2.366587838
1 8 3 49825 2.366601008
5 11 3 44244305 2.366652310
15 3 3 2056588159 2.366653634
0 10 3 30875 2.367697620
13 6 3 201653848 2.367886404
11 6 3 501861 2.368222418
7 14 3 1629989 2.369636312
4 10 3 1524655 2.369816780
15 2 3 3803449 2.369961956
12 4 3 1791 2.370044904
9 0 3 902 2.370245626
15 2 3 412 2.370560478
8 5 3 108816 2.370641078
4 10 3 2312473 2.371059112
0 10 3 8120126 2.371143152
2 15 3 1517210 2.371476068
12 7 3 14268 2.371918432
5 15 3 728 2.372883168
1 10 3 140966300 2.373043874
3 14 3 39416819 2.373520480
1 14 3 1693 2.373533988
4 8 3 1044073278 2.374000274
13 4 3 424473 2.374126302
8 5 3 203908 2.374705334
11 1 3 252619 2.375224290
4 15 3 75867 2.375637138
9 5 3 1487781 2.376163442
0 8 3 1358129 2.376700534
6 10 3 502479548 2.377110426
2 8 3 2009 2.380440342
2 15 3 113733950 2.381344662
4 13 3 570763 2.382822816
15 5 3 12701 2.384238048
3 14 3 25528 2.386817320
6 13 3 203807 2.387161040
7 13 3 79647 2.387304938
11 2 3 136640 2.387741402
5 11 3 1878 2.388354826
14 6 3 53230368 2.388569450
1 14 3 2167967 2.388948498
15 4 3 1837842 2.389631262
2 11 3 90187 2.389805832
1 11 3 11147 2.390023046
7 8 3 27108 2.392079378
1 14 3 33927 2.392494898
6 10 3 3882 2.393216200
3 9 3 19210 2.393611798
4 9 3 16498458 2.394042936
11 0 3 16385 2.394728642
15 5 3 4554297 2.395922644
8 1 3 247 2.396235294
11 2 3 15204 2.396421178
