5 15 10923 10923 360316 2003203355 10230625 10230611
15 5 10182 10182 2036655 2003265846 10371436 10371154
5 9 10686 10686 2400 2008302845 10200560 10200603
10 1 10755 10755 8584 2014880491 10201079 10201121
2 8 10526 10526 170001 2014931430 10214640 10214656
10 2 10051 10051 19013 2017520495 10202378 10201997
6 9 10881 10881 410054 2021767795 10234931 10234782
6 8 10147 10147 5681326 2024650826 10677712 10676724
1 10 10129 10129 75972262 2019995316 16582338 16569917
10 5 10204 10204 125479 2029007493 10222429 10210922
10 3 10157 10157 12099632 2028351233 11278631 11214834
1 10 10130 10129 968856 2034913170 10284934 10281629
12 6 10873 10873 4185 2037614610 10200747 10200754
8 6 10152 10152 26616 2038723434 10204789 10202632
9 0 10176 10176 26584 2040194754 10210009 10202630
15 5 10183 10182 85201 2041784431 10217670 10207546
9 6 10639 10639 73645964 2038093516 16392006 16374877
2 13 10352 10352 278054 2050303620 10223800 10223715
3 15 10850 10850 16498284 2053523139 11688946 11583618
4 10 10930 10930 7680 2061848055 10201002 10201045
0 14 10952 10952 3413362 2061891954 10775277 10486578
0 12 10364 10364 163238515 2048266490 24461834 23886318
13 7 10316 10316 3328650 2062620459 10494542 10479475
9 4 10656 10656 176028 2063481405 10229880 10215161
9 3 10732 10732 9464 2063746170 10201886 10201195
9 1 10240 10240 54248792 2047494729 28315860 14748619
3 12 10238 10238 477804 2066730631 10257840 10240459
9 5 10967 10967 1952 2068627921 10200520 10200563
0 11 10628 10628 385915 2070404640 10233249 10232755
2 10 10400 10400 9247197 2070416915 10977631 10975688
2 9 10769 10769 920882 2077724891 10277711 10277607
8 5 10244 10244 155324 2078020477 10213422 10213424
5 11 10588 10588 215669 2079248976 10218617 10218482
3 11 10063 10063 2489344 2079299810 10409579 10409109
10 5 10205 10204 447089 2082330607 10238187 10237887
14 1 10546 10546 14573607 2048355996 44655063 11422252
0 8 10277 10277 237150 2085027088 10220421 10220285
12 1 10628 10628 33534076 2086008944 13036415 13011900
0 13 10513 10513 512881 2091709572 10245701 10243400
12 5 10925 10925 13403 2095798627 10201696 10201526
3 9 10020 10020 10268 2097534840 10261207 10201263
1 12 10998 10998 867048 2098065641 10391504 10273096
14 7 10450 10450 210910 2102359158 10533843 10218083
14 0 10280 10280 18233555 2100307941 13605256 11729102
0 8 10278 10277 255999 2104430153 10233821 10221862
14 7 10451 10450 2486448 2106788580 10849899 10408865
5 14 10439 10439 2572 2109088887 10403922 10200617
11 2 10913 10913 1509858 2121846185 10425843 10326987
5 11 10589 10588 22360 2125347127 10202633 10202277
11 5 10552 10552 136809 2129809485 10213363 10211870
4 13 10738 10738 113834 2130057045 10266833 10209944
9 6 10640 10639 165927 2175557207 20672717 10214311
3 11 10065 10063 954 2189693549 10283965 10200480
1 9 10400 10400 33984 2199450426 10370200 10203249
2 15 10919 10919 351683 2202712665 10480135 10229886
8 1 10369 10368 118544 2205838318 10377891 10210340
5 9 10687 10686 10722 2225993237 10391505 10201300
10 0 10574 10573 195342 2338133279 10383936 10216780
8 0 10750 10749 3954 2343142073 10367729 10200731
14 6 10947 10944 74833 2672386682 10546676 10206674
2 11 10893 10891 486 2853493924 10614206 10200442
