5 9 20261 30288 2400 2008302845 5100545 10200592
10 1 20775 30202 8584 2014880491 5101070 10201086
10 2 20776 30684 19013 2017520495 18414653 10201921
12 6 20984 30093 4185 2037614610 5100698 10200734
8 6 20576 30095 26616 2038723434 20837033 10202529
9 0 20667 30329 26584 2040194754 20837025 10202526
14 2 20189 30685 12373 2049534771 15992655 10201389
2 8 20920 30593 170001 2014931430 50919112 10214000
5 15 20260 30918 360316 2003203355 62740624 10229225
4 10 20532 30290 7680 2061848055 5100992 10201014
9 3 20670 30258 9464 2063746170 5101162 10201157
9 5 20671 30880 1952 2068627921 5100504 10200556
10 5 20778 30878 125479 2029007493 46871994 10210438
15 5 20960 30879 85201 2041784431 39973101 10207216
6 9 20686 30289 410054 2021767795 64586911 10233204
15 5 20958 30877 2036655 2003265846 88374094 10363332
2 13 20921 30331 278054 2050303620 58946981 10222644
12 5 20986 30883 13403 2095798627 16338687 10201472
1 10 20741 30289 968856 2034913170 77413013 10277908
3 9 20656 30291 10268 2097534840 15300747 10201221
5 14 20263 30439 2572 2109088887 5100559 10200605
9 4 20669 30087 176028 2063481405 51410720 10214482
8 5 20577 30881 155324 2078020477 49655889 10212825
6 8 20687 30594 5681326 2024650826 103546384 10654906
12 3 20987 30259 903 2123973644 5100383 10200472
8 6 20578 30098 23271 2109945397 19798833 10202261
6 10 20688 30293 65710 2095917595 35911175 10205656
3 11 20658 30193 8082 2127351130 5101029 10201046
3 12 20654 30004 477804 2066730631 67034570 10238624
5 11 20262 30190 215669 2079248976 54704335 10217653
0 11 20732 30189 385915 2070404640 63690364 10231273
5 12 20265 30006 8641 2133410030 5101074 10201091
0 8 20733 30595 237150 2085027088 56404324 10219372
6 14 20690 30440 29342 2116743433 25847069 10202747
5 11 20264 30192 22360 2125347127 19452853 10202188
12 1 20989 30206 7416 2140473639 5101013 10200993
10 3 20777 30257 12099632 2028351233 118631597 11168370
10 5 20779 30882 447089 2082330607 65830700 10236167
2 9 20923 30290 920882 2077724891 76691170 10274070
10 6 20780 30099 46725 2124884622 31180713 10204138
14 7 20192 30362 210910 2102359158 54507035 10217272
0 14 20731 30436 3413362 2061891954 96042621 10473468
13 7 20827 30361 3328650 2062620459 95678128 10466692
0 13 20734 30332 512881 2091709572 67638076 10241430
0 8 20735 30596 255999 2104430153 57604893 10220879
3 11 20655 30191 2489344 2079299810 91342263 10399547
14 2 20195 30687 12788 2155506725 15992846 10201423
14 1 20188 30204 14573607 2048355996 125477500 11366288
1 12 20742 30005 867048 2098065641 75843662 10269763
4 13 20533 30333 113834 2130057045 45190465 10209506
11 5 20330 30884 136809 2129809485 48068114 10211344
2 10 20924 30294 151003 2128906097 49309960 10212480
12 5 20990 30886 5436 2176374401 5100803 10200834
2 10 20922 30291 9247197 2070416915 111977022 10940175
3 15 20653 30919 16498284 2053523139 129245193 11520262
11 0 20332 30333 8158 2184751832 5101040 10201052
3 11 20660 30197 954 2189693549 5100403 10200476
14 7 20193 30363 2486448 2106788580 91325225 10399315
8 0 20579 30332 30002 2177393281 26192951 10202800
11 2 20329 30686 1509858 2121846185 84039145 10321188
5 8 20267 30598 46040 2174748014 31148769 10204083
13 6 20829 30100 366274 2146636028 62975249 10229701
7 14 20112 30441 2742891 2122936648 92504243 10419831
7 11 20113 30194 786753 2145787159 74423843 10263340
14 6 20197 30101 278086 2161763436 59191740 10222646
6 11 20693 30199 16551 2205915071 17376807 10201724
9 6 20672 30103 165927 2175557207 50503061 10213674
1 9 20745 30292 33984 2199450426 27231409 10203118
5 15 20266 30920 3069378 2137138668 94497550 10445950
14 0 20191 30330 18233555 2100307941 134077003 11659084
14 2 20196 30688 807077 2161004018 74809027 10264966
14 7 20194 30364 4942270 2134936630 101692167 10595781
2 11 20925 30195 479446 2169890828 66849975 10238755
3 14 20657 30438 18945315 2105193658 135838946 11716025
5 9 20268 30294 10722 2225993237 15300755 10201257
14 1 20199 30208 588594 2174802264 70050060 10247487
14 7 20200 30366 5611 2242517494 5100817 10200848
8 1 20582 30210 118544 2205838318 45937229 10209883
11 0 20334 30335 189569 2202060068 52430499 10215565
12 1 20985 30205 33534076 2086008944 170736447 12883126
1 15 20746 30923 221258 2202339110 54714173 10218100
6 8 20692 30599 482851 2190551204 66959977 10239028
2 15 20927 30924 351683 2202712665 62382459 10228534
1 15 20743 30921 2409389 2174979530 90849625 10393151
11 5 20336 30890 52173 2234665910 32436833 10204573
9 1 20668 30203 54248792 2047494729 221237644 14540303
14 6 20198 30102 3830585 2172724310 97706301 10506846
2 14 20926 30442 4313400 2173051455 99656770 10545472
12 6 20991 30104 36130 2246049525 28269590 10203290
4 9 20536 30293 469645 2212094876 66541226 10237971
13 5 20831 30892 62776 2244932475 34531183 10205422
1 14 20747 30443 814700 2208615668 75197586 10265576
4 15 20534 30922 6966281 2179168196 106068199 10757702
8 1 20581 30209 1232983 2204565426 80977945 10299038
9 7 20673 30365 636254 2214570773 71495625 10251300
7 13 20116 30335 994502 2210063669 77790269 10279960
9 5 20678 30894 225 2285322564 5100272 10200418
4 12 20538 30010 442565 2224910407 65668365 10235805
8 5 20580 30887 2433440 2200257814 90999057 10395075
11 0 20333 30334 6906262 2185826260 105942981 10752900
2 10 20933 30297 1307 2287093248 5100463 10200504
9 3 20675 30260 35595 2264781948 27923434 10203247
13 1 20833 30213 3625 2288548942 5100648 10200690
1 10 20740 30288 75972262 2019995316 274042473 16278180
6 13 20694 30337 45870 2265237148 30945556 10204069
8 2 20584 30690 175244 2245000892 51330367 10214419
2 10 20932 30296 25903 2276704190 20491133 10202472
3 13 20661 30336 79053 2259925535 38842888 10206724
9 6 20666 30094 73645964 2038093516 268871436 16092077
11 2 20335 30689 2199320 2217859677 89470872 10376345
4 14 20540 30444 116362 2264013741 45781886 10209708
6 12 20691 30009 14516300 2186580972 125084352 11361704
4 12 20539 30011 360721 2249087764 62953927 10229257
1 13 20744 30334 16275531 2183598885 128799405 11502442
0 11 20740 30202 1109 2307794742 5100437 10200488
8 3 20585 30261 87892 2273064055 40374495 10207431
2 15 20934 30928 24965 2293946124 20145133 10202397
0 8 20737 30601 2259560 2224125935 90107985 10381164
2 11 20928 30200 8064673 2208060432 109013616 10845573
0 10 20739 30295 130366 2272779705 47184483 10210829
13 1 20832 30212 286399 2264780007 59379852 10223311
10 4 20782 30089 11898567 2206105641 118488411 11152285
9 7 20676 30367 332312 2267223155 61584246 10226984
14 4 20201 30090 350092 2266897934 62341221 10228407
4 8 20537 30600 10186729 2214615340 114808492 11015338
9 5 20674 30889 5881909 2231460476 104068523 10670952
9 7 20677 30368 195936 2285168345 52896497 10216074
10 5 20783 30893 361913 2276141151 62780370 10229353
13 6 20836 30106 16144 2322172153 17376790 10201691
14 3 20205 30264 1613 2338945283 5100477 10200529
10 5 20787 30897 5035 2343015954 5100856 10200802
8 0 20586 30341 3954 2343142073 5100674 10200716
1 10 20749 30299 35088 2322004809 27923380 10203207
4 8 20542 30602 31226 2325788465 26539076 10202898
10 0 20785 30337 162720 2304000995 50068171 10213417
10 4 20781 30088 55018031 2135883054 223082498 14601842
10 4 20784 30091 1157933 2282709760 79746832 10293034
11 1 20338 30215 44619 2332742956 30709579 10203969
2 15 20931 30927 2738901 2273984589 92483567 10419512
15 5 20965 30898 15989 2349454932 17031058 10201679
15 1 20962 30211 9848187 2257093135 113940757 10988254
5 12 20269 30013 802278 2302717604 74262179 10264582
3 8 20659 30597 47803332 2171770726 205540971 14024666
13 3 20835 30263 264163 2320041517 58145148 10221533
7 13 20117 30339 182390 2330246732 51887537 10214991
9 4 20680 30094 36827 2355021549 28269399 10203346
14 0 20202 30336 7173804 2282508157 106492812 10774304
7 13 20118 30340 111736 2344906495 44891935 10209338
1 10 20751 30303 3790 2385481263 5100743 10200703
10 0 20786 30340 195342 2338133279 52685231 10216027
4 14 20543 30447 362077 2328883630 62646267 10229366
15 5 20966 30899 10200 2377419097 15300769 10201216
12 3 20992 30262 3691420 2296074675 97174841 10495713
9 0 20681 30342 7196 2388564127 5100981 10200975
5 9 20273 30295 41646 2364225100 29904098 10203731
12 4 20993 30092 2066243 2307075459 88118541 10365699
4 11 20545 30205 9206 2393098878 5101225 10201136
2 12 20930 30012 24223064 2253420978 148485112 12138245
0 15 20738 30926 29065781 2242487763 160242913 12525662
11 1 20339 30216 105325 2359335847 44139074 10208826
0 10 20742 30298 2007524 2315640503 87900417 10361001
9 3 20682 30267 1625 2399478790 5100478 10200530
0 12 20741 30014 3571234 2309040489 96956045 10486098
4 12 20541 30015 1882835 2318517674 87507396 10351026
0 12 20736 30007 73527672 2138852449 268608348 16082613
5 9 20275 30297 7140 2404125960 5100985 10200971
7 12 20119 30016 286372 2352261122 59558228 10223309
14 7 20208 30369 38236 2384857494 28961329 10203458
12 6 20995 30108 40185 2386948333 29589762 10203614
0 9 20744 30298 11393 2409926373 15646853 10201311
6 15 20698 30930 51648 2395248429 32196464 10204531
2 10 20936 30304 71302 2395148615 37167573 10206104
12 6 20994 30107 622446 2367617465 70449981 10250195
9 4 20679 30093 10352601 2323958626 114446721 11028608
0 10 20743 30300 3438734 2348271586 96384140 10475498
8 7 20587 30370 148347 2400751264 48860968 10212267
11 5 20340 30901 235867 2393144558 56530786 10219269
11 5 20337 30895 25698549 2301703286 151283555 12256283
6 14 20696 30448 2597394 2375073286 92178173 10408191
8 3 20589 30269 8014 2463197799 5101065 10201041
15 0 20964 30339 18081505 2337475739 133938276 11646920
14 0 20203 30338 25480879 2322859915 151316026 12238870
2 12 20939 30018 241 2472049273 5100377 10200419
5 13 20272 30341 18045021 2352884902 133255675 11644001
4 14 20546 30450 52876 2454176611 32437336 10204630
8 2 20588 30694 72387 2449332335 37376974 10206190
13 2 20837 30692 332042 2426635729 61584891 10226963
14 3 20209 30266 2491854 2397293374 91626007 10399748
15 1 20968 30217 1819665 2402093871 87016367 10345973
2 12 20937 30017 1530184 2405929791 83952618 10322814
6 11 20699 30206 2906415 2396676989 93687368 10432913
15 4 20970 30096 11929 2478609523 15646877 10201354
3 8 20664 30605 5906 2491653547 5100857 10200872
3 10 20662 30306 36912 2470473053 28269746 10203352
9 7 20683 30371 2082160 2412053162 88950227 10366972
13 2 20839 30693 381509 2438590828 63544056 10230920
4 13 20547 30342 634 2497795050 5100281 10200450
5 9 20277 30300 1366 2498545714 5100514 10200509
10 6 20789 30111 29593 2478640192 25847324 10202767
6 15 20700 30932 151189 2464374038 49310622 10212495
9 5 20684 30902 3382178 2418339854 95439557 10470974
4 10 20544 30301 28249852 2359399920 158449098 12460388
11 6 20345 30109 118871 2473530174 45937263 10209909
2 15 20938 30931 351925 2457779748 62382872 10228554
6 15 20701 30933 209836 2468454720 53759558 10217186
14 2 20207 30691 30238328 2360044022 163313252 12619466
15 4 20972 30097 54978 2498903181 32824503 10204798
0 12 20730 30003 163238515 2048266490 486401170 23259481
13 1 20830 30207 117806139 2159479983 375965474 19624891
10 0 20788 30343 7014226 2428808472 106899088 10761538
3 14 20663 30452 252356 2479234202 57670327 10220588
9 6 20686 30112 77909 2498576394 38370236 10206632
11 3 20344 30268 1477896 2453410263 83995957 10318631
11 0 20342 30344 8262199 2428959231 109379297 10861375
13 1 20840 30220 246301 2482558278 57026845 10220104
5 8 20276 30604 1712602 2455660855 86139023 10337408
2 14 20941 30453 88851 2502952846 40575078 10207508
2 12 20944 30020 11713 2537303910 15646795 10201337
8 5 20583 30891 96649698 2241695893 324447276 17932375
3 10 20665 30308 93243 2524763305 41577011 10207859
10 3 20790 30270 649794 2495406823 71547912 10252383
15 0 20973 30346 50785 2535545266 32018303 10204462
12 7 20997 30374 1837170 2483417085 86899864 10347373
0 14 20745 30451 3396735 2475034081 95971333 10472138
3 9 20668 30302 1423 2570949363 5100462 10200513
5 13 20278 30343 464114 2513913563 66611600 10237529
2 15 20942 30934 605776 2510867176 70223772 10248862
15 7 20971 30373 6787261 2481996466 106166305 10743380
9 2 20687 30696 470439 2524802071 66805867 10238035
6 10 20705 30309 27471 2573577269 21183128 10202597
13 1 20838 30218 29679609 2433619318 161538685 12574768
13 3 20842 30271 60081 2561884595 34080196 10205206
2 13 20935 30338 82381168 2306452635 289769759 16790893
10 5 20791 30903 1627342 2517240859 85145122 10330587
7 10 20124 30307 4738041 2505879474 100525841 10579443
1 13 20753 30346 14231 2591577018 16684786 10201538
0 12 20747 30024 3877 2604465897 5100672 10200710
3 12 20666 30019 1688965 2526151581 85677587 10335517
11 1 20349 30222 8754 2609320616 5101138 10201100
5 10 20279 30310 44698 2584564385 30709802 10203975
6 11 20695 30201 99185034 2284540143 331132022 18135202
10 6 20792 30113 3554974 2519826874 96605172 10484797
6 13 20703 30345 204662 2563383305 53920590 10216772
11 7 20346 30375 625616 2548594750 70523580 10250449
7 11 20125 30209 7217 2618305803 5100999 10200977
2 8 20943 30607 7424911 2519365941 107726075 10794392
3 13 20667 30344 487880 2560743063 67123601 10239430
10 2 20793 30698 256046 2570554265 57647439 10220883
12 3 20999 30272 31016 2606596289 26539187 10202881
14 2 20210 30697 1427433 2552055380 83203877 10314594
1 14 20748 30445 104599513 2292562195 343720018 18568361
11 4 20347 30098 113312 2592754186 45091281 10209464
6 12 20707 30022 124334 2593614669 46772283 10210346
7 15 20121 30929 72498430 2375374714 266008082 16000274
8 0 20590 30345 9880100 2532536707 113453542 10990808
13 7 20845 30378 85365 2608993698 40099752 10207229
15 3 20975 30273 62170 2616519614 34499303 10205373
11 0 20348 30347 128770 2607221676 46984125 10210701
5 8 20282 30609 3174 2650383271 5100652 10200653
9 3 20690 30274 5498 2653272731 5100824 10200839
2 14 20946 30454 201418 2606672241 53618948 10216513
13 2 20843 30699 2896532 2574278776 93135131 10432122
11 4 20343 30095 58885498 2436087614 232045096 14911239
2 8 20940 30606 32464642 2500029442 168152077 12797571
12 7 20998 30377 11683649 2550770462 118059505 11135091
4 9 20549 30304 1303986 2588666278 81807972 10304718
6 14 20689 30437 197503458 2101092883 569610809 26000676
6 9 20706 30303 3177576 2577500488 94518551 10454606
5 8 20283 30610 3772 2671437767 5100661 10200701
5 15 20281 30939 247969 2620934243 57283277 10220237
3 14 20670 30455 121755 2633880640 46090817 10210140
1 14 20757 30457 19921 2666326432 18415154 10201993
0 15 20746 30935 8993234 2575029210 110917566 10919858
4 15 20550 30936 3766925 2589896677 97651998 10501754
14 6 20190 30097 206152564 2097449529 590847874 26692605
4 8 20551 30608 754520 2616347222 73810503 10260761
13 7 20841 30376 23360056 2548723549 146537785 12069204
9 1 20689 30224 264404 2638428900 58145443 10221552
15 6 20963 30105 127584585 2297867669 399632254 20407166
0 15 20748 30938 1930755 2613871606 87886250 10354860
1 15 20756 30940 102615 2661900446 43237570 10208609
6 11 20704 30208 19352551 2568488729 136736959 11748604
2 10 20947 30312 26164 2685914804 20836931 10202493
14 6 20211 30115 74833 2672386682 37796065 10206386
0 12 20750 30025 49143 2678448219 31808936 10204331
5 15 20280 30937 5211873 2609592829 102244399 10617349
8 6 20593 30116 51726 2681623479 32196179 10204538
5 9 20284 30307 58716 2685616037 33661830 10205097
3 15 20671 30943 43287 2693023669 30442375 10203862
9 1 20692 30225 78245 2686973093 38570715 10206659
0 15 20749 30941 208273 2675391616 53837165 10217061
11 4 20350 30099 185496 2677240875 52058025 10215239
1 14 20754 30456 754134 2656892716 73810399 10260730
14 7 20212 30381 3667 2726902666 5100651 10200693
8 6 20592 30114 567877 2668418744 69744262 10245830
8 3 20595 30276 1068 2734294347 5100449 10200485
1 9 20755 30306 1061268 2660728451 78721159 10285301
9 2 20685 30695 64666563 2493669125 247078849 15373725
11 4 20352 30100 61015 2706606353 34289977 10205281
15 5 20961 30888 180094026 2220476397 527562481 24607922
0 8 20753 30612 92274 2707239199 41125241 10207781
7 9 20127 30305 6343000 2646359370 104885596 10707840
8 7 20591 30380 2765689 2659197340 92937919 10421655
5 8 20288 30614 7365 2753306794 5100994 10200989
8 1 20598 30228 6038 2759913041 5100941 10200883
10 1 20794 30226 64237 2733253550 35701722 10205538
6 14 20708 30461 56382 2740864960 33242700 10204910
7 8 20128 30611 1179559 2694788964 79838159 10294764
7 12 20114 30008 222860413 2146870138 631448176 28029233
7 11 20115 30196 207226249 2185942921 594135509 26778499
5 11 20270 30203 157611851 2309233437 473371321 22809348
8 1 20597 30227 71215 2747571634 37167906 10206097
15 7 20974 30379 33620172 2615614708 170653212 12890013
1 9 20750 30296 131628152 2378811179 409957242 20730652
8 6 20596 30117 195127 2736558862 52847117 10216010
6 11 20709 30211 45203 2760066646 30945470 10204016
0 10 20754 30317 2305 2795083376 5100537 10200584
14 0 20213 30350 196037 2747284958 52974747 10216082
3 15 20675 30944 21338 2783411573 19106933 10202107
2 12 20945 30021 60289511 2567457808 236124269 15023560
5 12 20286 30026 8054816 2695708971 108728072 10844785
12 0 21002 30351 40206 2778916630 29621476 10203616
7 11 20120 30204 142432246 2373373073 435977748 21594979
8 5 20594 30906 13559639 2693431530 122247876 11285171
14 3 20215 30278 35691 2790847079 27923529 10203255
5 14 20285 30458 15857338 2691883795 127706383 11468987
13 5 20849 30909 37661 2793936604 28615821 10203412
3 12 20669 30023 54001174 2603066093 220265952 14520493
13 2 20850 30700 38409 2794891748 28961571 10203472
5 8 20287 30613 6797763 2717550566 106444346 10744221
12 4 21000 30101 3278358 2729275031 95715885 10462668
5 14 20290 30462 100196 2782709835 43234860 10208415
5 11 20291 30213 69915 2790265040 36749004 10205993
3 10 20674 30315 240803 2773319565 56405365 10219664
7 10 20129 30316 144590 2783094140 48805384 10211967
11 2 20355 30701 35758 2805795929 27923720 10203260
6 9 20702 30301 90946688 2523634132 311058870 17476135
15 7 20978 30383 55715 2803721988 33065557 10204857
13 1 20851 30229 65739 2804478072 35911906 10205659
4 10 20553 30314 10692862 2724930687 115994589 11055828
1 15 20758 30949 2184 2845991873 5100528 10200574
11 1 20356 30232 3163 2849415783 5100666 10200653
14 1 20216 30230 123659 2809218382 46636641 10210292
2 11 20952 30216 486 2853493924 5100241 10200438
9 0 20695 30353 29624 2838016474 25847309 10202769
4 12 20554 30028 838359 2788818251 75585883 10267468
0 15 20751 30942 40576022 2683877753 187810611 13446481
9 5 20688 30904 104467258 2529661125 343691047 18557780
7 10 20126 30311 62588449 2633063061 241550341 15207475
6 8 20710 30615 223796 2822506769 54867910 10218303
11 5 20353 30908 15870382 2749449605 128248328 11470030
12 6 21001 30119 6379328 2774950776 104777166 10710746
2 15 20929 30925 236985752 2217420263 666518473 29159260
0 15 20755 30946 782783 2810823101 74606674 10263022
5 11 20292 30214 305192 2826069474 60342013 10224815
2 15 20950 30945 1831640 2801731878 86853165 10346931
0 12 20757 30030 104941 2846397943 43971915 10208795
12 2 21004 30703 32708 2868701641 26885466 10203016
8 2 20599 30702 2466539 2806689969 90711044 10397723
7 15 20130 30948 705559 2836230128 73041489 10256844
14 6 20214 30118 21933380 2774654468 143087303 11955070
9 6 20693 30120 18663981 2785867119 134866626 11693518
5 11 20293 30215 562795 2851994944 68915114 10245423
11 0 20358 30354 113206 2877569853 45190978 10209456
0 9 20758 30309 377150 2859805596 63222407 10230572
5 13 20296 30347 103099 2882324907 43198444 10208647
14 3 20206 30265 200647474 2348723719 577078216 26252197
8 4 20603 30104 9012 2921028461 5101233 10201120
4 11 20557 30217 4282 2923540729 5100745 10200742
15 0 20976 30349 75440951 2659078543 272956529 16235676
3 11 20673 30210 37749074 2752570864 180958017 13220325
1 12 20759 30031 1647319 2850933625 85045191 10332185
6 14 20712 30463 1172178 2856990603 80482562 10294174
2 14 20956 30468 9715 2933316363 5101425 10201177
14 0 20217 30355 228884 2885988571 55720100 10218710
5 10 20295 30319 958608 2867061018 77266805 10277088
6 14 20713 30467 40462 2915800679 29621494 10203636
1 14 20761 30466 106133 2901946410 44090684 10208890
1 8 20762 30619 1922 2942312765 5100502 10200553
6 15 20711 30947 14181953 2826666365 124249536 11334956
4 10 20555 30321 84911 2912566294 39617759 10207192
8 4 20602 30102 1556125 2867632929 84750175 10324890
13 4 20853 30103 124604 2912173556 46917769 10210368
11 5 20351 30905 77627769 2681414982 278782879 16410621
14 0 20218 30357 115440 2916551252 45627675 10209635
15 1 20980 30234 7738 2960444566 5101194 10201019
13 1 20844 30221 118702266 2588374915 378145197 19696581
3 8 20676 30617 539368 2898663113 68261799 10243549
5 14 20294 30465 8010583 2858559853 108899230 10841246
13 1 20846 30223 101314535 2631875103 336075107 18305562
13 2 20856 30706 8050 2963099716 5101056 10201044
3 9 20677 30310 121858 2922268971 46091390 10210148
5 9 20297 30311 91793 2931702308 41176265 10207743
2 13 20955 30348 163206 2923270726 50330633 10213456
8 1 20601 30231 25201539 2831633941 150441910 12216523
8 5 20600 30911 30469460 2819876889 163421494 12637956
7 8 20131 30618 1395980 2900874730 82839697 10312078
13 7 20848 30382 51660637 2768400840 215551858 14333250
12 6 21006 30121 1462553 2901273984 83759017 10317404
6 11 20714 30218 129111 2937827707 47215534 10210728
2 10 20954 30320 2059990 2897359885 88534869 10365199
3 15 20679 30955 8934 2991590511 5101139 10201114
13 0 20855 30358 95674 2958504582 42142459 10208053
15 2 20981 30707 38072 2974445759 28962031 10203445
12 6 21007 30124 1626 2998491394 5100478 10200530
15 1 20982 30235 13511 2989546564 16338984 10201480
6 15 20716 30954 42484 2976974538 30204953 10203798
11 3 20357 30279 22588141 2863496527 144971376 12007451
10 7 20795 30384 498364 2942041040 67038454 10240269
9 4 20698 30106 142767 2961828250 48611396 10211821
1 15 20763 30953 623354 2943133581 71114460 10250268
15 1 20979 30233 3688799 2918078916 97163722 10495503
7 11 20132 30223 4524 3012192628 5100789 10200761
5 11 20299 30221 35534 2993536658 27923642 10203242
9 2 20700 30709 8525 3016618103 5101173 10201082
9 6 20699 30123 74422 2987399323 37733386 10206353
9 3 20697 30280 1112047 2950575831 78950515 10289363
13 6 20857 30122 246149 2973245193 57026646 10220091
8 2 20604 30708 140209 2988148920 48263619 10211616
12 6 21009 30125 2713 3031769686 5100604 10200617
15 0 20985 30359 286 3034005013 5100269 10200422
0 10 20756 30318 46322294 2841864105 201286801 13906183
6 11 20715 30219 1482533 2968008764 84031547 10319002
1 15 20767 30958 13476 3037838004 16339031 10201478
9 6 20704 30126 2804 3049525574 5100675 10200624
1 12 20768 30032 10560 3042349366 15300702 10201244
9 0 20701 30360 13273 3041399422 16338887 10201461
6 14 20717 30469 477005 2992816595 67035666 10238560
2 14 20949 30460 108474537 2707833161 352803386 18878362
15 5 20977 30907 97283676 2734479148 326356793 17983094
15 5 20983 30913 89157 3020337316 40903926 10207532
4 11 20548 30207 189446238 2511036497 550236879 25356099
13 1 20859 30236 211611 3011139869 53912908 10217328
5 11 20300 30222 596290 2995155014 70519618 10248103
1 9 20769 30315 30524 3045754790 26193529 10202841
14 0 20220 30363 7456 3072123866 5101098 10200996
5 10 20302 30323 79415 3038932313 38771130 10206753
4 15 20560 30959 6475 3074092019 5100934 10200918
5 14 20271 30446 278171571 2314459021 766397496 32454125
10 6 20797 30127 26591 3063043437 20837183 10202527
2 12 20951 30029 61243249 2845765119 238658966 15099859
0 11 20761 30225 7280 3080045976 5101026 10200982
0 9 20760 30312 7928244 2978610541 108476297 10834659
14 4 20219 30105 28813930 2932586233 159738728 12505514
10 0 20796 30362 74237 3059348940 37795867 10206338
7 10 20122 30302 258860553 2380527699 719217814 30909244
7 9 20133 30314 355552 3038761269 62181243 10228844
13 6 20828 30096 382150917 2084251243 1018882291 40772473
5 10 20303 30324 8248 3100783867 5101080 10201059
9 0 20702 30361 466870 3042021405 66612452 10237749
12 5 21008 30914 1063335 3031414863 78308684 10285466
4 8 20559 30620 757517 3037838820 74057742 10261001
4 13 20558 30349 24166124 2971842155 148630284 12133689
8 5 20606 30916 19677 3108455702 18415146 10201974
15 3 20984 30281 6190664 3022703958 104523486 10695653
11 7 20341 30372 255429583 2421431035 710899837 30634766
12 3 21010 30282 17338 3115332554 17722915 10201787
6 11 20718 30224 2017037 3046440938 87782720 10361762
10 2 20798 30710 383762 3071973470 63466130 10231100
15 3 20987 30283 22636 3121155049 19453040 10202210
2 13 20958 30353 127061 3099603099 46878654 10210564
2 13 20959 30354 78548 3108704263 38570363 10206683
2 15 20957 30952 47769064 2941529431 206230600 14021925
15 1 20986 30237 3252315 3056647111 95530719 10460585
14 7 20222 30386 784355 3081720424 74643910 10263148
9 3 20691 30275 162348698 2679448696 484173953 23188295
5 8 20304 30621 250486 3107442280 57473043 10220438
1 8 20760 30616 87830353 2863468221 303180480 17226828
7 11 20138 30229 2823 3162388944 5100613 10200625
8 7 20608 30392 8114 3162716599 5101084 10201049
11 7 20360 30387 1291463 3089028933 81877854 10303717
1 14 20771 30470 243943 3115211975 57084471 10219915
4 10 20562 30325 45841 3142213901 30945565 10204067
8 4 20605 30108 2464202 3087349445 91442773 10397536
12 2 21012 30715 6956 3180743081 5100970 10200956
6 8 20722 30624 4975 3185982657 5100893 10200798
15 2 20988 30714 175914 3139776900 51417119 10214473
7 9 20135 30316 3031198 3097504964 94290595 10442895
11 7 20363 30393 7300 3187038046 5100998 10200984
5 11 20305 30227 429653 3126936209 65387081 10234772
10 5 20802 30919 14038 3179009966 16685045 10201523
0 11 20764 30230 59089 3162604168 33871120 10205127
9 2 20705 30713 1046310 3121336851 78698028 10284104
6 12 20720 30034 617549 3134007124 70322797 10249803
1 11 20772 30228 473833 3137722075 66665043 10238306
3 13 20680 30356 235100 3149222521 56464328 10219208
13 3 20861 30284 508827 3138215149 67512647 10241106
5 10 20306 30327 37734 3179330797 28615914 10203418
12 2 21005 30704 101648265 2871044149 337089756 18332261
9 1 20712 30241 1951 3205222143 5100504 10200556
9 7 20706 30389 1721505 3125063626 86214992 10338120
10 5 20804 30923 7601 3206675572 5101081 10201008
6 15 20719 30960 4489844 3114260909 100217733 10559587
10 2 20799 30712 7370956 3109236347 107547092 10790076
6 13 20721 30355 1323801 3136389887 81766153 10306304
14 5 20224 30922 13824 3204529867 16338996 10201505
13 4 20860 30109 5970952 3123744098 104293792 10678076
7 13 20134 30351 22584627 3084688216 144690924 12007170
4 9 20563 30318 105216 3190681257 43803298 10208817
7 15 20136 30961 9876881 3120873479 113755873 10990550
2 13 20963 30357 7856 3230963296 5101050 10201028
15 5 20990 30920 117033 3194717796 45972552 10209762
0 11 20759 30220 71760152 2978401193 263482373 15941212
8 0 20609 30367 2753 3237466793 5100614 10200620
10 1 20806 30242 29842 3216820434 25847728 10202787
11 0 20331 30331 415371677 2147395600 1099742939 43430134
13 4 20862 30113 5914 3243083522 5101021 10200873
7 8 20137 30622 3486965 3152233607 96350341 10479357
0 10 20763 30326 6123399 3146288222 104925729 10690271
2 11 20965 30233 5450 3248243251 5100847 10200836
4 11 20569 30234 8019 3248665267 5101109 10201041
14 2 20221 30711 35963698 3077684143 177424777 13077495
9 1 20707 30238 15938805 3129278388 128100688 11475504
13 0 20854 30356 105542303 2913267163 345639285 18643784
11 7 20361 30390 5361634 3157482267 102172738 10629330
5 8 20307 30628 124269 3217392451 46766766 10210341
9 6 20708 30128 18005344 3131617420 133715094 11640827
4 11 20567 30232 36795 3241716088 28269940 10203343
12 7 21015 30395 132740 3222764412 47376261 10211019
12 2 21013 30716 733498 3196671522 73649202 10259079
7 10 20142 30330 224931 3220318103 55649098 10218394
13 1 20865 30245 21484 3257763459 19107116 10202118
9 3 20713 30287 142992 3228949297 48625837 10211839
3 9 20681 30317 3772027 3181091503 97462567 10502162
11 3 20364 30288 10710 3264138542 15301162 10201256
4 12 20564 30036 1776174 3195236587 86140763 10342493
4 8 20568 30629 62062 3248261697 34499283 10205364
10 1 20807 30243 439123 3217196693 65724470 10235529
2 8 20961 30625 1883889 3199677161 87492527 10351111
4 11 20565 30231 3778767 3196874640 97486222 10502701
6 15 20723 30964 1616 3289392053 5100477 10200529
14 6 20223 30129 14716250 3169681828 125556662 11377700
10 3 20805 30285 2564507 3207909435 91301271 10405560
0 9 20766 30319 7178782 3192447503 107235048 10774702
4 12 20571 30039 87355 3260384836 40323834 10207388
5 13 20301 30350 76306677 3027107897 275339785 16304934
4 9 20570 30321 111745 3258409639 45035740 10209339
7 8 20141 30627 3365904 3207941667 96096062 10469672
10 4 20803 30110 8066220 3195616791 108468015 10845697
0 15 20769 30962 114677 3259830456 45340378 10209574
13 0 20866 30370 104019 3262664051 43624290 10208721
0 12 20768 30037 1021344 3228903064 78440182 10282107
11 5 20366 30926 1520 3303705969 5100485 10200521
0 9 20767 30320 4392666 3209811069 99385776 10551813
4 14 20566 30471 1099385 3230176325 79431330 10288350
13 7 20863 30396 686183 3243243818 72389114 10255294
1 12 20773 30038 948343 3243002228 77096860 10276267
15 5 20993 30924 914470 3245015328 76578142 10273557
12 4 21017 30112 1132248 3241866148 79943299 10290979
12 1 21016 30244 2237935 3235078815 89251682 10379434
8 2 20610 30718 447512 3259156201 65469093 10236200
7 13 20143 30358 227042 3269142136 55629890 10218563
1 15 20778 30965 37589 3299434886 28616023 10203407
15 0 20994 30369 693618 3259415980 72069397 10255889
7 10 20140 30329 15564944 3205465990 126898496 11445595
14 7 20227 30397 18443 3314921265 18069087 10201875
10 2 20811 30719 733442 3260950929 73649722 10259075
1 11 20774 30235 441133 3269992461 65270819 10235690
8 6 20611 30133 86798 3295799763 40129615 10207343
12 6 21018 30136 12296 3322938938 15993061 10201383
12 0 21019 30371 10736 3327080446 15301063 10201258
1 14 20775 30473 443921 3277540337 65528852 10235913
8 5 20613 30928 1065 3339660465 5100478 10200485
13 0 20864 30368 4797304 3246758108 101240566 10584184
10 3 20812 30289 1431415 3266465039 83507561 10314913
0 13 20772 30360 5965 3349859744 5101017 10200877
5 8 20309 30631 87921 3315744057 40183151 10207433
1 8 20779 30630 248985 3300399834 57407241 10220318
14 2 20226 30720 407310 3296128096 64325788 10232984
15 0 20997 30372 48889 3330549180 31568166 10204311
2 10 20964 30331 15261488 3235800324 126753974 11421319
0 8 20765 30623 39463385 3180252877 186034966 13357470
1 12 20781 30040 30530 3344875674 26193663 10202842
1 8 20780 30632 89938 3333782426 40560128 10207595
3 14 20682 30472 6534243 3269597281 105326109 10723139
1 15 20777 30963 3517753 3283068169 96225769 10481820
0 11 20770 30236 687667 3307172794 72138726 10255413
10 6 20813 30135 1083077 3301849397 78574923 10287046
0 13 20773 30361 40843 3352886767 29590076 10203667
8 1 20617 30246 3936 3378095969 5100831 10200714
1 13 20776 30359 6441182 3277945659 105408622 10715694
0 12 20762 30033 68716761 3129200697 256914947 15697740
9 6 20716 30137 90733 3345505755 40748504 10207658
15 4 20995 30115 4633292 3288601045 100647985 10571063
9 2 20696 30705 167623731 2894968407 497251060 23610298
9 6 20714 30130 21448319 3254532217 141384251 11916265
8 7 20614 30399 110416 3354159751 44739665 10209233
12 5 21020 30930 63368 3365035263 34708780 10205469
14 4 20229 30116 121523 3353981158 46091184 10210121
6 11 20724 30240 119467 3357014794 45799056 10209957
15 6 20996 30134 6403012 3298924028 105508926 10712640
15 5 20991 30921 50281749 3197065102 211236317 14222939
11 1 20362 30240 63446723 3166252929 243875326 15276137
0 12 20775 30042 22316 3391137786 19453139 10202185
7 8 20144 30633 494400 3343807809 67607789 10239952
8 3 20612 30290 1122730 3337035485 79567543 10290218
2 13 20970 30364 777 3411984265 5100499 10200462
5 9 20308 30322 23644425 3270299220 147126509 12091954
6 9 20726 30323 18739 3399491362 18069281 10201899
1 13 20783 30362 121389 3372622523 46366060 10210111
2 8 20962 30626 52592740 3201863718 217675458 14407819
2 12 20960 30035 60072065 3186038452 235831931 15006165
15 6 20998 30138 30575 3396520613 26193577 10202846
5 15 20310 30966 8704721 3316392106 110517045 10896777
5 10 20312 30332 59279 3394960094 33903220 10205142
0 15 20771 30967 4024404 3332169794 97948690 10522352
0 14 20774 30476 224488 3376124979 55648661 10218359
4 14 20572 30475 878474 3370196495 76025879 10270677
13 3 20868 30291 728957 3375354249 73546859 10258716
7 12 20148 30043 24731 3429428428 20145100 10202378
6 10 20725 30333 205510 3395857539 53805923 10216840
2 12 20968 30041 3446952 3355064376 95713686 10476156
2 11 20967 30239 6050468 3353584745 104183390 10684437
7 14 20147 30477 124125 3411738254 46507529 10210330
14 0 20233 30373 9872 3454849372 5101307 10201189
15 3 21001 30293 25161 3442190329 20491445 10202412
1 8 20784 30635 261813 3406879212 57555262 10221345
4 9 20573 30324 39020 3436520804 29275731 10203521
2 13 20971 30366 55536 3434234696 33065719 10204842
2 15 20969 30968 522716 3399645683 67965365 10242217
3 8 20686 30636 8028 3466351464 5101068 10201042
12 1 21022 30248 45755 3440668213 30914032 10204060
8 5 20616 30931 4033073 3373729258 97980345 10523045
14 4 20230 30117 706855 3399278103 72574921 10256948
10 2 20809 30717 58399657 3242777558 230886257 14872372
1 15 20785 30969 423946 3410662846 65250047 10234315
10 4 20810 30114 57669505 3252340832 230155710 14813960
12 4 21024 30119 7165 3480179773 5101164 10200973
3 14 20684 30478 58213 3452195343 33693698 10205057
9 0 20717 30374 3610 3480982732 5100822 10200688
15 2 21004 30723 1650 3482242067 5100480 10200532
5 15 20315 30971 2912 3491532874 5100804 10200632
15 0 20989 30366 104673618 3154840825 344057507 18574289
1 14 20789 30481 6773 3494136115 5100958 10200941
15 1 20999 30247 4544994 3401237932 100417456 10563999
12 7 21023 30401 121507 3455727007 46366408 10210120
7 14 20146 30474 24813072 3356259978 149932909 12185445
13 1 20869 30249 129455 3464306045 47269914 10210756
0 11 20778 30244 458099 3446611305 66422186 10237047
1 9 20752 30299 390026346 2475208712 1037980234 41402507
1 8 20782 30634 25874118 3361634294 152589946 12270329
0 10 20779 30336 123500 3470790664 46543253 10210280
1 8 20787 30637 199300 3466404187 53258239 10216344
12 7 21025 30402 57073 3487673890 33452367 10204965
5 11 20311 30241 27527323 3367185865 156190982 12402585
1 12 20786 30044 3180675 3431926439 94533589 10454854
13 6 20872 30141 10265 3515311073 15301125 10201221
8 5 20618 30932 435267 3482564470 65630607 10235221
2 11 20972 30243 9642023 3438027007 113380106 10971761
10 3 20815 30295 7515 3547808591 5101074 10201001
11 6 20367 30140 2007445 3472889797 88146636 10360995
3 9 20685 30325 6116821 3456610823 104917657 10689745
4 15 20577 30972 303468 3502548726 60047319 10224677
13 5 20867 30927 70141813 3307778122 260124777 15811745
0 10 20776 30334 34133047 3395962683 172589095 12931043
8 5 20615 30929 47908989 3362954877 206005919 14033119
8 5 20619 30933 815635 3498821498 74492184 10265650
15 7 20992 30394 109623545 3218380038 355485985 18970283
12 1 21027 30253 3653 3571954918 5100789 10200692
11 1 20368 30250 1010477 3500897286 77590961 10281238
4 10 20580 30344 15529 3562535457 17031223 10201642
13 4 20871 30120 1697893 3496505390 85988604 10336231
4 10 20574 30337 6098622 3479267284 104796686 10688289
5 11 20316 30246 44590 3553419507 30677994 10203967
7 14 20150 30479 6519959 3478545377 105584871 10721996
2 15 20973 30970 6068842 3485904479 104026507 10685907
5 15 20319 30976 5863 3590094672 5100922 10200869
4 10 20575 30338 9249895 3484236617 112241344 10940391
2 14 20953 30464 266511755 2858553352 738252016 31521340
9 5 20719 30936 15003 3580042861 17030929 10201600
1 10 20791 30346 30158 3571313341 26193507 10202812
15 4 21007 30122 89895 3559625913 40775685 10207591
5 9 20317 30327 76843 3563306920 38215007 10206547
4 10 20581 30347 19780 3584330634 18415467 10201982
4 15 20578 30974 672074 3531291441 71829990 10254165
4 13 20579 30368 318590 3543437695 61185549 10225887
14 3 20232 30292 31419624 3438780008 166454196 12713969
15 2 21003 30722 15213798 3479847973 126838528 11417503
9 5 20718 30934 5951127 3504654003 103961269 10676490
6 15 20729 30975 72845 3572283932 37377601 10206227
0 8 20781 30639 5432516 3506802327 103133571 10635001
15 2 21005 30725 979678 3536952352 77553571 10278774
15 3 21006 30296 360750 3552851617 62742087 10229260
3 10 20688 30343 546562 3547269393 68455993 10244124
2 13 20976 30367 815230 3541034443 74719392 10265618
7 11 20145 30238 74397983 3345657005 270452020 16152238
0 13 20785 30371 114 3611095605 5100357 10200409
15 0 21008 30375 16158 3599898137 17377127 10201692
10 2 20814 30724 1618607 3534280915 85042043 10329888
2 9 20974 30326 3955216 3521761579 97700074 10516817
12 1 21028 30255 27559 3600045001 21183343 10202604
4 15 20582 30977 15583 3611550355 17031135 10201646
8 1 20620 30254 110077 3584941341 44743173 10209206
7 14 20152 30484 1119980 3553518080 79042136 10289998
13 5 20852 30912 267460550 2894226637 740214238 31597244
11 2 20371 30726 137322 3588524471 47979803 10211385
14 6 20234 30142 1594200 3554277966 84564184 10327936
13 2 20874 30728 3671 3639227657 5100656 10200693
2 14 20977 30485 96053 3602217162 42348911 10208084
4 12 20585 30047 1910 3639477601 5100538 10200552
1 9 20764 30313 229933644 2996787651 648359173 28595091
12 1 21029 30256 10337 3631393318 15300832 10201226
5 10 20318 30345 1229653 3566576856 81193921 10298772
0 10 20780 30339 32480506 3484572797 168783286 12798840
7 11 20153 30247 310007 3593701058 60586031 10225200
0 10 20782 30342 15607340 3527052720 127722528 11448987
9 3 20720 30297 422865 3589564331 65215339 10234229
11 4 20369 30121 7351370 3550965736 107299227 10788509
7 14 20151 30483 8671870 3549219887 110333410 10894149
4 10 20587 30349 11010 3646120472 15647028 10201280
3 9 20692 30330 14178 3647813062 16684952 10201534
1 13 20790 30369 11436558 3555794155 117050398 11115324
10 0 20819 30378 3393 3668723635 5100824 10200671
1 15 20793 30981 3078 3672413686 5100604 10200646
15 3 21011 30301 4632 3674786226 5100964 10200770
5 12 20320 30045 339968 3618150159 62124713 10227597
12 7 21026 30403 8428251 3571565322 109735160 10874660
10 5 20817 30937 3926231 3584224637 98062760 10514498
3 11 20690 30249 406423 3618436114 64270551 10232913
4 9 20586 30329 119803 3640099776 46267990 10209984
9 0 20724 30382 4630 3688483912 5100776 10200770
11 2 20375 30729 11797 3678034185 15646963 10201343
11 3 20374 30299 37756 3665185842 28615838 10203420
15 4 21012 30125 12224 3679918041 15992936 10201377
7 13 20154 30372 326569 3635235754 61525766 10226525
14 3 20236 30298 205641 3644637911 54060619 10216851
6 13 20730 30370 3160667 3604438784 94904133 10453253
1 11 20792 30250 108431 3657903128 44426885 10209074
9 7 20721 30404 7937523 3596487223 108729903 10835401
3 13 20693 30373 267023 3648581697 57913248 10221761
10 5 20801 30917 205570810 3117488497 589483442 26646064
8 0 20623 30379 101034 3668877048 43180848 10208482
11 4 20373 30123 605227 3641436854 70743332 10248818
12 3 21030 30300 109509 3667971596 44780750 10209160
3 13 20694 30374 88247 3672792233 40371606 10207459
8 0 20624 30380 97286 3673464581 42067742 10208182
2 11 20980 30252 37221 3688692652 28615920 10203377
5 11 20289 30212 354032663 2769942426 951013353 38523013
1 10 20794 30350 12541 3705883975 15993088 10201403
15 1 21009 30257 498447 3654860509 67736485 10240275
6 15 20731 30979 498649 3655711778 67736865 10240291
14 5 20237 30939 627181 3652196427 71258354 10250574
4 12 20591 30052 2838 3721413158 5100643 10200627
13 2 20876 30730 141401 3680040578 48396452 10211712
2 8 20979 30642 385301 3665825796 63923902 10231224
14 5 20241 30943 4395 3725333645 5100804 10200751
12 0 21031 30381 254421 3673949749 57120684 10220753
11 6 20365 30132 147761409 3283292494 448692573 22021312
14 4 20231 30118 99958601 3399903185 332624553 18197088
10 0 20818 30376 5518539 3630376881 103111168 10641883
3 12 20691 30046 10823911 3622278788 116214272 11066312
4 11 20592 30254 15366 3726152656 17031238 10201629
0 14 20783 30486 19989517 3608401831 137758873 11799561
5 12 20323 30051 58321 3712936430 33662062 10205065
3 15 20696 30983 93443 3706717110 41774850 10207875
14 5 20238 30941 814792 3674256436 75190158 10265583
10 0 20820 30383 58791 3718788052 33662358 10205103
12 6 21032 30145 459747 3686667593 65842798 10237179
4 8 20584 30641 16669572 3625893144 129588949 11533965
9 5 20722 30938 15950364 3630641127 128409899 11476429
3 15 20697 30984 107725 3714943505 44465444 10209018
12 6 20996 30110 490316343 2477193060 1282368840 49425707
2 15 20982 30987 5470 3756506834 5101035 10200837
7 14 20156 30489 862442 3688690633 75511173 10269395
10 2 20821 30732 5821 3760620641 5100977 10200865
5 14 20322 30490 544697 3698167522 68866629 10243975
9 5 20715 30925 170223595 3267526983 504047666 23818287
10 6 20822 30148 6465 3767916486 5101103 10200917
15 1 21014 30259 6694 3768614748 5101039 10200935
15 6 21013 30147 213594 3720663696 54524652 10217487
7 9 20158 30331 448261 3709300652 66061893 10236260
5 11 20326 30255 311 3770845695 5100434 10200424
5 15 20324 30985 150931 3729445984 49180789 10212474
9 4 20726 30128 46142 3748177713 31149368 10204091
4 12 20589 30049 3615309 3688423485 97062948 10489624
11 3 20376 30302 5479039 3685444532 102692562 10638723
7 11 20160 30257 3323 3785449418 5100781 10200665
4 11 20590 30253 945990 3715294076 77073142 10276079
3 12 20695 30048 7766358 3686300829 108340518 10821708
11 5 20370 30935 54146420 3576131269 221226962 14532113
14 0 20242 30384 269846 3747814597 58437886 10221987
9 1 20723 30258 25327856 3656510219 150970014 12226628
5 11 20313 30242 120230824 3425583221 382328253 19818865
8 4 20626 30126 4103133 3710439285 98227769 10528650
10 1 20816 30252 65993834 3565057995 249990036 15479906
13 5 20878 30942 6726892 3715210866 106292987 10738551
5 15 20325 30986 2671486 3733446499 92672996 10414118
0 14 20786 30487 29043794 3666041377 160201205 12523903
5 14 20327 30491 186939 3774434553 52360116 10215355
6 15 20732 30980 30632971 3665102926 163879087 12651037
0 15 20788 30989 5224 3826246462 5101015 10200817
9 6 20729 30149 105398 3789396554 44085102 10208831
8 4 20631 30130 3461 3842406577 5100660 10200676
7 12 20157 30050 22550610 3703363561 144865932 12004448
2 9 20986 30333 1742 3845268305 5100624 10200539
4 15 20593 30988 1461512 3767002115 83819222 10317320
8 5 20629 30945 42234 3821166991 30173557 10203778
9 1 20731 30264 2736 3846758069 5100630 10200618
5 11 20328 30256 903088 3775767195 76427402 10272647
12 6 21036 30150 4929 3847501015 5100934 10200794
6 12 20735 30053 266919 3794804969 58517445 10221753
7 10 20149 30335 131836946 3444537495 410488133 20747355
4 12 20595 30055 660 3852777202 5100636 10200452
3 14 20698 30494 3118 3859184743 5100689 10200649
1 14 20796 30492 1531341 3785073851 84443686 10322907
15 0 21017 30385 76079 3831692709 38170611 10206486
12 3 21034 30304 568927 3807194582 69529725 10245914
8 5 20632 30947 14762 3862699083 16684963 10201580
2 15 20988 30990 8228 3875695419 5101235 10201058
7 13 20159 30377 4831007 3779981042 101358660 10586880
14 5 20244 30946 35840 3860544249 27923977 10203267
5 12 20329 30054 1656493 3804712856 85401704 10332919
10 6 20823 30151 54534 3857784911 32824648 10204762
8 3 20628 30305 1027146 3814331252 78257268 10282571
9 1 20730 30263 368614 3829585278 63053810 10229889
15 2 21020 30736 5714 3891389395 5100956 10200857
1 11 20798 30259 118749 3850821128 45838305 10209899
12 4 21014 30111 247874232 3206741229 691687410 30030338
15 3 21018 30308 159235 3849603122 50125248 10213138
9 4 20727 30129 11251928 3783231929 117192553 11100554
11 0 20378 30386 62689 3868796190 34499898 10205415
14 4 20239 30127 38848212 3719508663 184369185 13308256
8 5 20621 30940 66990475 3652199842 252429938 15559638
3 15 20699 30991 967 3901051848 5100526 10200477
7 13 20164 30384 19108 3887820270 18415090 10201928
4 10 20594 30352 15931658 3778179786 128299694 11474932
7 13 20161 30380 1429410 3823695493 83225692 10314752
12 3 21037 30307 366984 3848719576 62621269 10229758
15 7 21016 30407 2475372 3820146565 91449938 10398429
15 2 21015 30735 2837719 3818891201 93019629 10427417
0 14 20787 30488 58200033 3684035953 230704973 14856402
0 11 20791 30262 1085 3909842006 5100449 10200486
13 5 20881 30948 66483 3880176521 36121590 10205718
12 3 21035 30306 1065289 3837751572 79024617 10285623
7 13 20162 30382 329633 3856920018 61676820 10226770
7 13 20155 30375 63406150 3677720997 243491331 15272892
8 3 20634 30310 57515 3888643394 33452676 10205001
8 4 20635 30132 7972 3917682173 5101191 10201037
14 7 20243 30408 1150102 3843518687 79921903 10292408
6 9 20734 30332 22283971 3780422238 143388488 11983117
8 2 20625 30731 57962755 3693194103 230750879 14837420
0 8 20790 30644 1034473 3845986042 78333141 10283157
4 12 20597 30057 44809 3894422079 30678199 10203984
2 11 20987 30261 253430 3867867646 57478944 10220674
2 14 20985 30493 2381944 3835328823 90905297 10390955
12 4 21038 30131 90406 3892155393 40748923 10207632
8 1 20630 30262 7372104 3827483633 107365346 10790168
7 13 20163 30383 996507 3860690391 77579137 10280120
0 13 20789 30381 4254053 3840155942 99463247 10540724
7 11 20167 30264 37818 3912273043 28616015 10203425
15 6 21021 30153 135353 3894380991 47959019 10211228
9 0 20694 30352 434695091 2799228898 1147093008 44976007
5 11 20330 30260 1347736 3864294705 82593162 10308218
10 1 20824 30265 2383594 3859621168 90918339 10391087
14 0 20245 30388 161239 3900744513 50296629 10213299
4 12 20596 30056 970096 3876062977 77711565 10278007
15 4 21010 30124 85354541 3657497570 297629717 17028763
4 10 20598 30354 63147 3922192178 34709428 10205451
4 9 20601 30335 2644 3952077755 5100594 10200611
14 6 20225 30131 244699339 3273222412 684686688 29776347
11 7 20380 30409 53499 3925634247 32646918 10204679
4 10 20552 30313 484659726 2689630223 1268716285 48973178
11 2 20377 30734 27719839 3805443767 156840523 12417987
8 3 20633 30309 1728327 3877077306 86275096 10338666
3 14 20687 30480 157667279 3494082032 473504571 22813782
1 8 20799 30645 1988480 3880189107 87792862 10359478
15 6 21019 30152 2533799 3876158799 91866917 10403103
13 1 20884 30266 70933 3933619697 36958957 10206074
3 8 20700 30647 220261 3916022157 54829979 10218020
6 11 20736 30258 14623648 3848585474 125065149 11370291
2 11 20966 30237 233000458 3318902734 656247653 28840436
5 12 20335 30059 124447 3928845390 46861472 10210355
13 0 20882 30387 2859726 3885669525 93704211 10429178
5 15 20333 30992 372210 3917870196 63207556 10230176
5 11 20314 30245 176977220 3466609438 519996101 24358577
5 10 20331 30353 9020547 3882819141 110792812 10922043
0 12 20793 30060 515447 3930391693 68274867 10241635
