                 967
5 15 3 360316 2.003203355
15 5 3 2036655 2.003265846
5 9 3 2400 2.008302845
10 1 3 8584 2.014880491
2 8 3 170001 2.014931430
10 2 3 19013 2.017520495
1 10 3 75972262 2.019995316
6 9 3 410054 2.021767795
6 8 3 5681326 2.024650826
15 0 3 1516132757 2.025792276
10 3 3 12099632 2.028351233
10 5 3 125479 2.029007493
1 10 3 968856 2.034913170
12 6 3 4185 2.037614610
9 6 3 73645964 2.038093516
8 6 3 26616 2.038723434
9 0 3 26584 2.040194754
15 5 3 85201 2.041784431
9 1 3 54248792 2.047494729
0 12 3 163238515 2.048266490
14 1 3 14573607 2.048355996
14 2 3 12373 2.049534771
2 13 3 278054 2.050303620
3 15 3 16498284 2.053523139
4 10 3 7680 2.061848055
0 14 3 3413362 2.061891954
13 7 3 3328650 2.062620459
9 4 3 176028 2.063481405
9 3 3 9464 2.063746170
3 12 3 477804 2.066730631
9 5 3 1952 2.068627921
0 11 3 385915 2.070404640
2 10 3 9247197 2.070416915
2 9 3 920882 2.077724891
8 5 3 155324 2.078020477
5 11 3 215669 2.079248976
3 11 3 2489344 2.079299810
10 5 3 447089 2.082330607
13 6 3 382150917 2.084251243
0 8 3 237150 2.085027088
12 1 3 33534076 2.086008944
0 13 3 512881 2.091709572
7 10 3 6353561084 2.095024553
12 5 3 13403 2.095798627
6 10 3 65710 2.095917595
14 6 3 206152564 2.097449529
3 9 3 10268 2.097534840
1 12 3 867048 2.098065641
14 0 3 18233555 2.100307941
6 14 3 197503458 2.101092883
14 7 3 210910 2.102359158
0 8 3 255999 2.104430153
3 14 3 18945315 2.105193658
14 7 3 2486448 2.106788580
5 14 3 2572 2.109088887
8 6 3 23271 2.109945397
6 14 3 29342 2.116743433
11 2 3 1509858 2.121846185
7 14 3 2742891 2.122936648
12 3 3 903 2.123973644
10 6 3 46725 2.124884622
5 11 3 22360 2.125347127
3 11 3 8082 2.127351130
2 10 3 151003 2.128906097
11 5 3 136809 2.129809485
4 13 3 113834 2.130057045
12 5 3 3886185794 2.132576616
5 12 3 8641 2.133410030
14 7 3 4942270 2.134936630
10 4 3 55018031 2.135883054
5 15 3 3069378 2.137138668
0 12 3 73527672 2.138852449
12 1 3 7416 2.140473639
7 11 3 786753 2.145787159
13 6 3 366274 2.146636028
7 12 3 222860413 2.146870138
11 0 3 415371677 2.147395600
14 2 3 12788 2.155506725
13 1 3 117806139 2.159479983
14 2 3 807077 2.161004018
14 6 3 278086 2.161763436
2 11 3 479446 2.169890828
3 8 3 47803332 2.171770726
14 6 3 3830585 2.172724310
2 14 3 4313400 2.173051455
5 8 3 46040 2.174748014
14 1 3 588594 2.174802264
1 15 3 2409389 2.174979530
9 6 3 165927 2.175557207
12 5 3 5436 2.176374401
8 0 3 30002 2.177393281
4 15 3 6966281 2.179168196
1 13 3 16275531 2.183598885
11 0 3 8158 2.184751832
11 0 3 6906262 2.185826260
7 11 3 207226249 2.185942921
6 12 3 14516300 2.186580972
3 11 3 954 2.189693549
6 8 3 482851 2.190551204
4 11 3 3571401506 2.197294457
1 9 3 33984 2.199450426
8 5 3 2433440 2.200257814
11 0 3 189569 2.202060068
1 15 3 221258 2.202339110
2 15 3 351683 2.202712665
8 1 3 1232983 2.204565426
8 1 3 118544 2.205838318
6 11 3 16551 2.205915071
10 4 3 11898567 2.206105641
2 11 3 8064673 2.208060432
1 14 3 814700 2.208615668
7 13 3 994502 2.210063669
4 9 3 469645 2.212094876
9 7 3 636254 2.214570773
4 8 3 10186729 2.214615340
2 15 3 236985752 2.217420263
11 2 3 2199320 2.217859677
15 5 3 180094026 2.220476397
0 8 3 2259560 2.224125935
4 12 3 442565 2.224910407
5 9 3 10722 2.225993237
9 5 3 5881909 2.231460476
11 5 3 52173 2.234665910
8 5 3 96649698 2.241695893
0 15 3 29065781 2.242487763
14 7 3 5611 2.242517494
13 5 3 62776 2.244932475
8 2 3 175244 2.245000892
12 6 3 36130 2.246049525
4 12 3 360721 2.249087764
2 12 3 24223064 2.253420978
15 1 3 9848187 2.257093135
3 13 3 79053 2.259925535
4 14 3 116362 2.264013741
13 1 3 286399 2.264780007
9 3 3 35595 2.264781948
6 13 3 45870 2.265237148
14 4 3 350092 2.266897934
9 7 3 332312 2.267223155
0 10 3 130366 2.272779705
8 3 3 87892 2.273064055
2 15 3 2738901 2.273984589
10 5 3 361913 2.276141151
2 10 3 25903 2.276704190
14 0 3 7173804 2.282508157
10 4 3 1157933 2.282709760
6 11 3 99185034 2.284540143
9 7 3 195936 2.285168345
9 5 3 225 2.285322564
2 10 3 1307 2.287093248
13 1 3 3625 2.288548942
1 14 3 104599513 2.292562195
2 15 3 24965 2.293946124
12 3 3 3691420 2.296074675
15 6 3 127584585 2.297867669
11 5 3 25698549 2.301703286
13 5 3 675031263 2.302385686
5 12 3 802278 2.302717604
10 0 3 162720 2.304000995
2 13 3 82381168 2.306452635
12 4 3 2066243 2.307075459
0 11 3 1109 2.307794742
0 12 3 3571234 2.309040489
5 11 3 157611851 2.309233437
5 14 3 278171571 2.314459021
0 10 3 2007524 2.315640503
4 12 3 1882835 2.318517674
13 3 3 264163 2.320041517
1 10 3 35088 2.322004809
13 6 3 16144 2.322172153
14 0 3 25480879 2.322859915
9 4 3 10352601 2.323958626
4 8 3 31226 2.325788465
4 14 3 362077 2.328883630
7 13 3 182390 2.330246732
14 1 3 660451641 2.330967035
11 1 3 44619 2.332742956
15 0 3 18081505 2.337475739
10 0 3 195342 2.338133279
14 3 3 1613 2.338945283
10 5 3 5035 2.343015954
8 0 3 3954 2.343142073
7 13 3 111736 2.344906495
0 10 3 3438734 2.348271586
14 3 3 200647474 2.348723719
15 5 3 15989 2.349454932
7 12 3 286372 2.352261122
5 13 3 18045021 2.352884902
9 4 3 36827 2.355021549
11 1 3 105325 2.359335847
4 10 3 28249852 2.359399920
14 2 3 30238328 2.360044022
5 9 3 41646 2.364225100
12 6 3 622446 2.367617465
7 11 3 142432246 2.373373073
6 14 3 2597394 2.375073286
7 15 3 72498430 2.375374714
15 5 3 10200 2.377419097
1 9 3 131628152 2.378811179
7 10 3 258860553 2.380527699
14 7 3 38236 2.384857494
1 10 3 3790 2.385481263
6 8 3 894105439 2.385484050
12 6 3 40185 2.386948333
9 0 3 7196 2.388564127
15 5 3 1450997732 2.389036519
4 11 3 9206 2.393098878
11 5 3 235867 2.393144558
2 10 3 71302 2.395148615
6 15 3 51648 2.395248429
6 11 3 2906415 2.396676989
14 3 3 2491854 2.397293374
9 3 3 1625 2.399478790
5 14 3 950722681 2.400477345
8 7 3 148347 2.400751264
15 1 3 1819665 2.402093871
5 9 3 7140 2.404125960
2 12 3 1530184 2.405929791
0 9 3 11393 2.409926373
9 7 3 2082160 2.412053162
9 5 3 3382178 2.418339854
11 7 3 255429583 2.421431035
13 2 3 332042 2.426635729
10 0 3 7014226 2.428808472
11 0 3 8262199 2.428959231
13 1 3 29679609 2.433619318
11 4 3 58885498 2.436087614
13 2 3 381509 2.438590828
8 2 3 72387 2.449332335
11 3 3 1477896 2.453410263
4 14 3 52876 2.454176611
5 8 3 1712602 2.455660855
2 15 3 351925 2.457779748
15 1 3 1488506161 2.460036185
7 10 3 2361074685 2.461923341
8 3 3 8014 2.463197799
6 15 3 151189 2.464374038
6 15 3 209836 2.468454720
3 10 3 36912 2.470473053
2 12 3 241 2.472049273
11 6 3 118871 2.473530174
0 14 3 3396735 2.475034081
1 9 3 390026346 2.475208712
12 6 3 490316343 2.477193060
15 4 3 11929 2.478609523
10 6 3 29593 2.478640192
3 14 3 252356 2.479234202
15 7 3 6787261 2.481996466
13 1 3 246301 2.482558278
12 7 3 1837170 2.483417085
3 8 3 5906 2.491653547
9 2 3 64666563 2.493669125
10 3 3 649794 2.495406823
4 13 3 634 2.497795050
5 9 3 1366 2.498545714
9 6 3 77909 2.498576394
15 4 3 54978 2.498903181
2 8 3 32464642 2.500029442
2 14 3 88851 2.502952846
7 10 3 4738041 2.505879474
2 15 3 605776 2.510867176
4 11 3 189446238 2.511036497
5 13 3 464114 2.513913563
10 5 3 1627342 2.517240859
2 8 3 7424911 2.519365941
10 6 3 3554974 2.519826874
6 9 3 90946688 2.523634132
3 10 3 93243 2.524763305
9 2 3 470439 2.524802071
3 12 3 1688965 2.526151581
9 5 3 104467258 2.529661125
8 0 3 9880100 2.532536707
15 0 3 50785 2.535545266
2 12 3 11713 2.537303910
11 7 3 625616 2.548594750
13 7 3 23360056 2.548723549
12 7 3 11683649 2.550770462
14 2 3 1427433 2.552055380
3 13 3 487880 2.560743063
13 3 3 60081 2.561884595
6 13 3 204662 2.563383305
2 12 3 60289511 2.567457808
6 11 3 19352551 2.568488729
10 2 3 256046 2.570554265
3 9 3 1423 2.570949363
6 10 3 27471 2.573577269
13 2 3 2896532 2.574278776
0 15 3 8993234 2.575029210
6 9 3 3177576 2.577500488
5 10 3 44698 2.584564385
13 1 3 118702266 2.588374915
4 9 3 1303986 2.588666278
4 15 3 3766925 2.589896677
1 13 3 14231 2.591577018
11 4 3 113312 2.592754186
6 12 3 124334 2.593614669
3 12 3 54001174 2.603066093
0 12 3 3877 2.604465897
12 3 3 31016 2.606596289
2 14 3 201418 2.606672241
11 0 3 128770 2.607221676
13 7 3 85365 2.608993698
11 1 3 8754 2.609320616
5 15 3 5211873 2.609592829
0 15 3 1930755 2.613871606
15 7 3 33620172 2.615614708
4 8 3 754520 2.616347222
15 3 3 62170 2.616519614
7 11 3 7217 2.618305803
5 15 3 247969 2.620934243
13 1 3 101314535 2.631875103
7 10 3 62588449 2.633063061
3 14 3 121755 2.633880640
9 1 3 264404 2.638428900
7 9 3 6343000 2.646359370
5 8 3 3174 2.650383271
13 0 3 1041424278 2.650770038
9 3 3 5498 2.653272731
1 14 3 754134 2.656892716
15 0 3 75440951 2.659078543
8 7 3 2765689 2.659197340
1 9 3 1061268 2.660728451
1 15 3 102615 2.661900446
1 14 3 19921 2.666326432
8 6 3 567877 2.668418744
5 8 3 3772 2.671437767
14 6 3 74833 2.672386682
0 15 3 208273 2.675391616
11 4 3 185496 2.677240875
0 12 3 49143 2.678448219
9 3 3 162348698 2.679448696
11 5 3 77627769 2.681414982
8 6 3 51726 2.681623479
0 15 3 40576022 2.683877753
5 9 3 58716 2.685616037
2 10 3 26164 2.685914804
9 1 3 78245 2.686973093
4 10 3 484659726 2.689630223
5 14 3 15857338 2.691883795
3 15 3 43287 2.693023669
8 5 3 13559639 2.693431530
7 8 3 1179559 2.694788964
5 12 3 8054816 2.695708971
0 14 3 1124449202 2.698354777
2 12 3 4165256544 2.705387297
11 4 3 61015 2.706606353
0 8 3 92274 2.707239199
2 14 3 108474537 2.707833161
5 8 3 6797763 2.717550566
4 10 3 10692862 2.724930687
14 7 3 3667 2.726902666
12 4 3 3278358 2.729275031
10 1 3 64237 2.733253550
8 3 3 1068 2.734294347
15 5 3 97283676 2.734479148
3 9 3 3019179712 2.736362969
8 6 3 195127 2.736558862
6 14 3 56382 2.740864960
14 0 3 196037 2.747284958
8 1 3 71215 2.747571634
11 5 3 15870382 2.749449605
3 11 3 37749074 2.752570864
5 8 3 7365 2.753306794
8 1 3 6038 2.759913041
6 11 3 45203 2.760066646
13 7 3 51660637 2.768400840
5 11 3 354032663 2.769942426
3 10 3 240803 2.773319565
14 6 3 21933380 2.774654468
12 6 3 6379328 2.774950776
12 0 3 40206 2.778916630
5 14 3 100196 2.782709835
7 10 3 144590 2.783094140
3 15 3 21338 2.783411573
9 6 3 18663981 2.785867119
4 12 3 838359 2.788818251
12 3 3 788792745 2.789091450
5 11 3 69915 2.790265040
14 3 3 35691 2.790847079
13 5 3 37661 2.793936604
13 2 3 38409 2.794891748
0 10 3 2305 2.795083376
9 0 3 434695091 2.799228898
2 15 3 1831640 2.801731878
15 7 3 55715 2.803721988
13 1 3 65739 2.804478072
11 5 3 612053906 2.804656417
11 2 3 35758 2.805795929
8 2 3 2466539 2.806689969
14 1 3 123659 2.809218382
0 15 3 782783 2.810823101
8 5 3 30469460 2.819876889
6 8 3 223796 2.822506769
5 11 3 305192 2.826069474
6 15 3 14181953 2.826666365
8 1 3 25201539 2.831633941
7 15 3 705559 2.836230128
9 0 3 29624 2.838016474
0 10 3 46322294 2.841864105
2 12 3 61243249 2.845765119
1 15 3 2184 2.845991873
0 12 3 104941 2.846397943
11 1 3 3163 2.849415783
1 12 3 1647319 2.850933625
5 11 3 562795 2.851994944
2 11 3 486 2.853493924
6 14 3 1172178 2.856990603
2 14 3 266511755 2.858553352
5 14 3 8010583 2.858559853
0 9 3 377150 2.859805596
1 8 3 87830353 2.863468221
11 3 3 22588141 2.863496527
5 10 3 958608 2.867061018
8 4 3 1556125 2.867632929
12 2 3 32708 2.868701641
12 2 3 101648265 2.871044149
11 0 3 113206 2.877569853
5 13 3 103099 2.882324907
14 0 3 228884 2.885988571
13 5 3 267460550 2.894226637
9 2 3 167623731 2.894968407
2 10 3 2059990 2.897359885
3 8 3 539368 2.898663113
7 8 3 1395980 2.900874730
12 6 3 1462553 2.901273984
1 14 3 106133 2.901946410
13 4 3 124604 2.912173556
4 10 3 84911 2.912566294
13 0 3 105542303 2.913267163
6 14 3 40462 2.915800679
14 0 3 115440 2.916551252
15 1 3 3688799 2.918078916
4 15 3 532389252 2.918505113
8 4 3 9012 2.921028461
3 9 3 121858 2.922268971
3 15 3 600442105 2.922479005
2 13 3 163206 2.923270726
4 11 3 4282 2.923540729
5 9 3 91793 2.931702308
14 4 3 28813930 2.932586233
2 14 3 9715 2.933316363
6 11 3 129111 2.937827707
2 15 3 47769064 2.941529431
10 7 3 498364 2.942041040
1 8 3 1922 2.942312765
1 15 3 623354 2.943133581
9 3 3 1112047 2.950575831
13 0 3 95674 2.958504582
15 1 3 7738 2.960444566
9 4 3 142767 2.961828250
13 2 3 8050 2.963099716
6 11 3 1482533 2.968008764
4 13 3 24166124 2.971842155
13 6 3 246149 2.973245193
15 2 3 38072 2.974445759
6 15 3 42484 2.976974538
0 11 3 71760152 2.978401193
0 9 3 7928244 2.978610541
9 6 3 74422 2.987399323
8 2 3 140209 2.988148920
15 1 3 13511 2.989546564
13 4 3 8588600438 2.990115625
5 10 3 3325824541 2.990825844
3 15 3 8934 2.991590511
6 14 3 477005 2.992816595
5 11 3 35534 2.993536658
5 11 3 596290 2.995155014
1 9 3 229933644 2.996787651
12 6 3 1626 2.998491394
13 1 3 211611 3.011139869
7 11 3 4524 3.012192628
9 2 3 8525 3.016618103
15 5 3 89157 3.020337316
15 3 3 6190664 3.022703958
5 13 3 76306677 3.027107897
1 15 3 397693320 3.028119972
12 5 3 1063335 3.031414863
12 6 3 2713 3.031769686
1 15 3 529075145 3.031965859
15 0 3 286 3.034005013
1 15 3 13476 3.037838004
4 8 3 757517 3.037838820
7 9 3 355552 3.038761269
5 10 3 79415 3.038932313
9 0 3 13273 3.041399422
9 0 3 466870 3.042021405
1 12 3 10560 3.042349366
9 5 3 1208695056 3.044120377
1 9 3 30524 3.045754790
6 11 3 2017037 3.046440938
9 6 3 2804 3.049525574
15 1 3 3252315 3.056647111
10 0 3 74237 3.059348940
10 6 3 26591 3.063043437
10 2 3 383762 3.071973470
14 0 3 7456 3.072123866
4 15 3 6475 3.074092019
14 2 3 35963698 3.077684143
11 7 3 7537834774 3.079877967
0 11 3 7280 3.080045976
14 7 3 784355 3.081720424
4 11 3 510881698 3.082329777
7 13 3 22584627 3.084688216
1 13 3 1792848927 3.085008160
8 4 3 2464202 3.087349445
11 7 3 1291463 3.089028933
7 9 3 3031198 3.097504964
2 13 3 127061 3.099603099
5 10 3 8248 3.100783867
5 8 3 250486 3.107442280
8 5 3 19677 3.108455702
2 13 3 78548 3.108704263
10 2 3 7370956 3.109236347
10 7 3 393605889 3.113463632
6 15 3 4489844 3.114260909
1 14 3 243943 3.115211975
12 3 3 17338 3.115332554
10 5 3 205570810 3.117488497
7 15 3 9876881 3.120873479
15 3 3 22636 3.121155049
9 2 3 1046310 3.121336851
13 4 3 5970952 3.123744098
9 7 3 1721505 3.125063626
5 11 3 429653 3.126936209
0 12 3 68716761 3.129200697
9 1 3 15938805 3.129278388
9 6 3 18005344 3.131617420
9 1 3 699923225 3.133086880
6 12 3 617549 3.134007124
6 13 3 1323801 3.136389887
1 11 3 473833 3.137722075
13 3 3 508827 3.138215149
15 2 3 175914 3.139776900
4 10 3 45841 3.142213901
9 0 3 668309646 3.143429349
9 0 3 2540912706 3.144848676
0 10 3 6123399 3.146288222
3 13 3 235100 3.149222521
12 5 3 837235335 3.149665014
7 8 3 3486965 3.152233607
15 0 3 104673618 3.154840825
11 7 3 5361634 3.157482267
8 7 3 870425974 3.161611445
7 11 3 2823 3.162388944
0 11 3 59089 3.162604168
8 7 3 8114 3.162716599
11 1 3 63446723 3.166252929
14 6 3 14716250 3.169681828
10 5 3 14038 3.179009966
5 10 3 37734 3.179330797
0 8 3 39463385 3.180252877
12 2 3 6956 3.180743081
3 9 3 3772027 3.181091503
7 10 3 353417374 3.183924260
6 8 3 4975 3.185982657
2 12 3 60072065 3.186038452
11 7 3 7300 3.187038046
4 9 3 105216 3.190681257
0 9 3 7178782 3.192447503
15 5 3 117033 3.194717796
4 12 3 1776174 3.195236587
10 4 3 8066220 3.195616791
12 2 3 733498 3.196671522
4 11 3 3778767 3.196874640
15 5 3 50281749 3.197065102
2 8 3 1883889 3.199677161
2 8 3 52592740 3.201863718
14 5 3 13824 3.204529867
9 1 3 1951 3.205222143
7 10 3 15564944 3.205465990
10 5 3 7601 3.206675572
12 4 3 247874232 3.206741229
10 3 3 2564507 3.207909435
7 8 3 3365904 3.207941667
0 9 3 4392666 3.209811069
10 1 3 29842 3.216820434
10 1 3 439123 3.217196693
5 8 3 124269 3.217392451
15 7 3 109623545 3.218380038
7 10 3 224931 3.220318103
10 3 3 439876952 3.221772137
12 7 3 132740 3.222764412
0 12 3 1021344 3.228903064
9 3 3 142992 3.228949297
4 14 3 1099385 3.230176325
2 13 3 7856 3.230963296
12 1 3 2237935 3.235078815
2 10 3 15261488 3.235800324
8 0 3 2753 3.237466793
4 11 3 36795 3.241716088
12 4 3 1132248 3.241866148
10 2 3 58399657 3.242777558
1 12 3 948343 3.243002228
13 4 3 5914 3.243083522
13 7 3 686183 3.243243818
15 5 3 914470 3.245015328
13 0 3 4797304 3.246758108
2 11 3 5450 3.248243251
4 8 3 62062 3.248261697
4 11 3 8019 3.248665267
10 4 3 57669505 3.252340832
9 6 3 21448319 3.254532217
13 1 3 21484 3.257763459
4 9 3 111745 3.258409639
8 2 3 447512 3.259156201
15 0 3 693618 3.259415980
0 15 3 114677 3.259830456
4 12 3 87355 3.260384836
10 2 3 733442 3.260950929
13 0 3 104019 3.262664051
11 3 3 10710 3.264138542
10 3 3 1431415 3.266465039
9 5 3 170223595 3.267526983
7 13 3 227042 3.269142136
3 14 3 6534243 3.269597281
1 11 3 441133 3.269992461
5 9 3 23644425 3.270299220
14 6 3 244699339 3.273222412
1 14 3 443921 3.277540337
1 13 3 6441182 3.277945659
1 15 3 3517753 3.283068169
11 6 3 147761409 3.283292494
15 4 3 4633292 3.288601045
6 15 3 1616 3.289392053
8 6 3 86798 3.295799763
14 2 3 407310 3.296128096
15 6 3 6403012 3.298924028
1 15 3 37589 3.299434886
1 8 3 248985 3.300399834
10 6 3 1083077 3.301849397
11 5 3 1520 3.303705969
0 11 3 687667 3.307172794
13 5 3 70141813 3.307778122
14 7 3 18443 3.314921265
5 8 3 87921 3.315744057
5 15 3 8704721 3.316392106
2 11 3 233000458 3.318902734
12 6 3 12296 3.322938938
12 0 3 10736 3.327080446
15 0 3 48889 3.330549180
0 15 3 4024404 3.332169794
14 7 3 643267357 3.333382145
1 8 3 89938 3.333782426
8 3 3 1122730 3.337035485
8 5 3 1065 3.339660465
7 8 3 494400 3.343807809
1 12 3 30530 3.344875674
9 6 3 90733 3.345505755
7 11 3 74397983 3.345657005
0 13 3 5965 3.349859744
0 13 3 40843 3.352886767
2 11 3 6050468 3.353584745
14 4 3 121523 3.353981158
8 7 3 110416 3.354159751
2 12 3 3446952 3.355064376
7 14 3 24813072 3.356259978
6 11 3 119467 3.357014794
1 8 3 25874118 3.361634294
8 5 3 47908989 3.362954877
12 5 3 63368 3.365035263
5 11 3 27527323 3.367185865
4 14 3 878474 3.370196495
1 13 3 121389 3.372622523
8 5 3 4033073 3.373729258
13 3 3 728957 3.375354249
0 14 3 224488 3.376124979
8 1 3 3936 3.378095969
12 7 3 712332284 3.380563565
0 12 3 22316 3.391137786
3 13 3 993226559 3.394655326
5 10 3 59279 3.394960094
6 10 3 205510 3.395857539
0 10 3 34133047 3.395962683
15 6 3 30575 3.396520613
14 4 3 706855 3.399278103
6 9 3 18739 3.399491362
2 15 3 522716 3.399645683
14 4 3 99958601 3.399903185
15 1 3 4544994 3.401237932
1 8 3 261813 3.406879212
1 15 3 423946 3.410662846
7 14 3 124125 3.411738254
2 13 3 777 3.411984265
15 2 3 1266668597 3.412011997
0 13 3 591205610 3.419813657
5 11 3 120230824 3.425583221
7 12 3 24731 3.429428428
1 12 3 3180675 3.431926439
2 13 3 55536 3.434234696
4 9 3 39020 3.436520804
2 11 3 9642023 3.438027007
14 3 3 31419624 3.438780008
12 1 3 45755 3.440668213
15 3 3 25161 3.442190329
7 10 3 131836946 3.444537495
0 11 3 458099 3.446611305
3 14 3 58213 3.452195343
14 0 3 9872 3.454849372
12 7 3 121507 3.455727007
3 9 3 6116821 3.456610823
13 1 3 129455 3.464306045
3 8 3 8028 3.466351464
1 8 3 199300 3.466404187
5 11 3 176977220 3.466609438
15 3 3 8226352637 3.466614679
0 10 3 123500 3.470790664
13 6 3 806615393 3.471545792
11 6 3 2007445 3.472889797
7 14 3 6519959 3.478545377
4 10 3 6098622 3.479267284
15 2 3 15213798 3.479847973
12 4 3 7165 3.480179773
9 0 3 3610 3.480982732
15 2 3 1650 3.482242067
8 5 3 435267 3.482564470
4 10 3 9249895 3.484236617
0 10 3 32480506 3.484572797
2 15 3 6068842 3.485904479
12 7 3 57073 3.487673890
5 15 3 2912 3.491532874
1 10 3 563865202 3.492175653
3 14 3 157667279 3.494082032
1 14 3 6773 3.494136115
4 8 3 4176293114 3.496001269
13 4 3 1697893 3.496505390
8 5 3 815635 3.498821498
11 1 3 1010477 3.500897286
4 15 3 303468 3.502548726
9 5 3 5951127 3.504654003
0 8 3 5432516 3.506802327
6 10 3 2009918194 3.508441850
13 6 3 10265 3.515311073
2 9 3 3955216 3.521761579
2 15 3 538645383 3.523386572
0 10 3 15607340 3.527052720
4 15 3 672074 3.531291441
10 2 3 1618607 3.534280915
15 2 3 979678 3.536952352
2 13 3 815230 3.541034443
4 13 3 318590 3.543437695
3 10 3 546562 3.547269393
10 3 3 7515 3.547808591
6 14 3 212921475 3.548644313
7 14 3 8671870 3.549219887
11 4 3 7351370 3.550965736
15 3 3 360750 3.552851617
5 11 3 44590 3.553419507
7 14 3 1119980 3.553518080
14 6 3 1594200 3.554277966
1 13 3 11436558 3.555794155
14 1 3 513860876 3.556061351
15 4 3 89895 3.559625913
4 10 3 15529 3.562535457
5 9 3 76843 3.563306920
10 1 3 65993834 3.565057995
5 10 3 1229653 3.566576856
1 10 3 30158 3.571313341
12 7 3 8428251 3.571565322
12 1 3 3653 3.571954918
6 15 3 72845 3.572283932
3 8 3 4197064375 3.575218359
11 5 3 54146420 3.576131269
9 5 3 15003 3.580042861
10 5 3 3926231 3.584224637
4 10 3 19780 3.584330634
8 1 3 110077 3.584941341
11 2 3 137322 3.588524471
9 3 3 422865 3.589564331
5 15 3 5863 3.590094672
7 11 3 310007 3.593701058
9 7 3 7937523 3.596487223
15 0 3 16158 3.599898137
12 1 3 27559 3.600045001
11 2 3 265920052 3.600729354
2 14 3 96053 3.602217162
6 13 3 3160667 3.604438784
0 14 3 19989517 3.608401831
2 11 3 1602512376 3.608836618
0 10 3 253988610 3.610842793
0 13 3 114 3.611095605
4 15 3 15583 3.611550355
13 6 3 742254250 3.614109184
5 12 3 339968 3.618150159
3 11 3 406423 3.618436114
4 9 3 1048057049 3.618944063
3 12 3 10823911 3.622278788
4 8 3 16669572 3.625893144
5 15 3 360948378 3.630162317
10 0 3 5518539 3.630376881
9 5 3 15950364 3.630641127
12 1 3 10337 3.631393318
7 13 3 326569 3.635235754
13 2 3 3671 3.639227657
4 12 3 1910 3.639477601
4 9 3 119803 3.640099776
11 4 3 605227 3.641436854
14 3 3 205641 3.644637911
13 6 3 201463094 3.644660014
4 10 3 11010 3.646120472
3 9 3 14178 3.647813062
3 13 3 267023 3.648581697
14 5 3 627181 3.652196427
8 5 3 66990475 3.652199842
8 0 3 1633544915 3.652977635
15 1 3 498447 3.654860509
6 15 3 498649 3.655711778
9 1 3 25327856 3.656510219
15 4 3 85354541 3.657497570
1 11 3 108431 3.657903128
6 15 3 30632971 3.665102926
11 3 3 37756 3.665185842
2 8 3 385301 3.665825796
0 14 3 29043794 3.666041377
4 11 3 688078553 3.666778774
12 3 3 109509 3.667971596
10 0 3 3393 3.668723635
8 0 3 101034 3.668877048
1 15 3 3078 3.672413686
3 13 3 88247 3.672792233
8 0 3 97286 3.673464581
12 0 3 254421 3.673949749
14 5 3 814792 3.674256436
15 3 3 4632 3.674786226
7 13 3 63406150 3.677720997
11 2 3 11797 3.678034185
15 4 3 12224 3.679918041
13 2 3 141401 3.680040578
0 14 3 58200033 3.684035953
11 3 3 5479039 3.685444532
3 12 3 7766358 3.686300829
12 6 3 459747 3.686667593
4 12 3 3615309 3.688423485
9 0 3 4630 3.688483912
7 14 3 862442 3.688690633
2 11 3 37221 3.688692652
2 15 3 121927026 3.692188725
8 2 3 57962755 3.693194103
9 6 3 251862553 3.694152231
5 14 3 544697 3.698167522
13 3 3 199232144 3.703292914
7 12 3 22550610 3.703363561
1 10 3 12541 3.705883975
3 15 3 93443 3.706717110
7 9 3 448261 3.709300652
8 4 3 4103133 3.710439285
5 12 3 58321 3.712936430
3 15 3 107725 3.714943505
13 5 3 6726892 3.715210866
4 11 3 945990 3.715294076
10 0 3 58791 3.718788052
14 4 3 38848212 3.719508663
15 6 3 213594 3.720663696
4 12 3 2838 3.721413158
14 7 3 124153990 3.723653248
14 5 3 4395 3.725333645
4 11 3 15366 3.726152656
6 10 3 101558643 3.726204359
5 15 3 150931 3.729445984
5 15 3 2671486 3.733446499
1 13 3 521249038 3.741749788
14 0 3 269846 3.747814597
9 4 3 46142 3.748177713
2 15 3 5470 3.756506834
10 2 3 5821 3.760620641
4 15 3 1461512 3.767002115
10 6 3 6465 3.767916486
15 1 3 6694 3.768614748
5 11 3 311 3.770845695
5 14 3 186939 3.774434553
5 11 3 903088 3.775767195
12 1 3 83333921 3.777185430
4 10 3 15931658 3.778179786
7 13 3 4831007 3.779981042
6 9 3 22283971 3.780422238
9 4 3 11251928 3.783231929
13 2 3 2311059740 3.784695471
1 14 3 1531341 3.785073851
7 11 3 3323 3.785449418
8 7 3 104920490 3.787655800
9 5 3 117448056 3.789267311
9 6 3 105398 3.789396554
6 12 3 266919 3.794804969
5 12 3 1656493 3.804712856
11 2 3 27719839 3.805443767
12 3 3 568927 3.807194582
2 8 3 98531757 3.808321347
8 3 3 1027146 3.814331252
1 13 3 44603156 3.817907277
15 2 3 2837719 3.818891201
2 13 3 1205807333 3.820099991
15 7 3 2475372 3.820146565
8 5 3 42234 3.821166991
13 1 3 127957498 3.822865514
7 13 3 1429410 3.823695493
0 15 3 5224 3.826246462
8 1 3 7372104 3.827483633
9 1 3 368614 3.829585278
15 0 3 76079 3.831692709
2 14 3 2381944 3.835328823
12 3 3 1065289 3.837751572
0 13 3 4254053 3.840155942
8 4 3 3461 3.842406577
14 7 3 1150102 3.843518687
2 9 3 1742 3.845268305
0 8 3 1034473 3.845986042
9 1 3 2736 3.846758069
12 6 3 4929 3.847501015
6 11 3 14623648 3.848585474
12 3 3 366984 3.848719576
15 3 3 159235 3.849603122
1 11 3 118749 3.850821128
4 12 3 660 3.852777202
7 13 3 329633 3.856920018
10 6 3 54534 3.857784911
3 14 3 3118 3.859184743
10 1 3 2383594 3.859621168
14 5 3 35840 3.860544249
7 13 3 996507 3.860690391
8 5 3 14762 3.862699083
5 11 3 1347736 3.864294705
2 11 3 253430 3.867867646
11 0 3 62689 3.868796190
2 15 3 8228 3.875695419
4 12 3 970096 3.876062977
15 6 3 2533799 3.876158799
8 3 3 1728327 3.877077306
13 5 3 66483 3.880176521
1 8 3 1988480 3.880189107
5 10 3 9020547 3.882819141
13 0 3 2859726 3.885669525
7 13 3 19108 3.887820270
8 3 3 57515 3.888643394
15 2 3 5714 3.891389395
12 4 3 90406 3.892155393
15 6 3 135353 3.894380991
4 12 3 44809 3.894422079
13 5 3 415999424 3.895643155
5 8 3 23126596 3.898714829
14 0 3 161239 3.900744513
3 15 3 967 3.901051848
7 14 3 180507580 3.908895491
0 11 3 1085 3.909842006
7 11 3 2576016 3.912075756
7 11 3 37818 3.912273043
1 13 3 450482583 3.913980157
11 0 3 49296087 3.915968034
3 8 3 220261 3.916022157
8 4 3 7972 3.917682173
5 15 3 372210 3.917870196
4 10 3 63147 3.922192178
5 12 3 1660082 3.923446809
7 8 3 221757890 3.924227118
0 15 3 981824 3.925305372
11 7 3 53499 3.925634247
5 12 3 124447 3.928845390
0 12 3 515447 3.930391693
13 1 3 70933 3.933619697
4 12 3 7967977224 3.939299414
13 4 3 12344743 3.939534601
4 8 3 30660030 3.943455600
0 9 3 735670 3.949511600
4 9 3 2644 3.952077755
0 15 3 968024 3.971419181
0 11 3 363106884 3.972855964
2 8 3 68978823 3.980590974
5 10 3 309232 3.985873434
7 13 3 55440 3.989593097
