                 549
5 15 3 90079 2.001067784
15 5 3 509163 2.001088614
5 9 3 600 2.002767614
10 1 3 2146 2.004960162
2 8 3 42500 2.004977142
10 2 3 4753 2.005840162
1 10 3 18993065 2.006665104
6 9 3 102513 2.007255930
6 8 3 1420331 2.008216940
15 0 3 379033189 2.008597424
10 3 3 3024908 2.009450408
10 5 3 31369 2.009669160
1 10 3 242214 2.011637722
12 6 3 1046 2.012538202
9 6 3 18411491 2.012697838
8 6 3 6654 2.012907810
9 0 3 6646 2.013398250
15 5 3 21300 2.013928142
9 1 3 13562198 2.015831574
0 12 3 40809628 2.016088830
14 1 3 3643401 2.016118664
14 2 3 3093 2.016511588
2 13 3 69513 2.016767872
3 15 3 4124571 2.017841046
4 10 3 1920 2.020616018
0 14 3 853340 2.020630650
13 7 3 832162 2.020873486
9 4 3 44007 2.021160466
9 3 3 2366 2.021248720
3 12 3 119451 2.022243542
9 5 3 488 2.022875970
0 11 3 96478 2.023468212
2 10 3 2311799 2.023472302
2 9 3 230220 2.025908294
8 5 3 38831 2.026006824
5 11 3 53917 2.026416324
3 11 3 622336 2.026433268
10 5 3 111772 2.027443530
13 6 3 95537729 2.028083746
0 8 3 59287 2.028342360
12 1 3 8383519 2.028669646
0 13 3 128220 2.030569854
7 10 3 1588390271 2.031674850
12 5 3 3350 2.031932872
6 10 3 16427 2.031972528
14 6 3 51538141 2.032483174
3 9 3 2567 2.032511610
1 12 3 216762 2.032688544
14 0 3 4558388 2.033435978
6 14 3 49375864 2.033697624
14 7 3 52727 2.034119716
0 8 3 63999 2.034810046
3 14 3 4736328 2.035064548
14 7 3 621612 2.035596190
5 14 3 643 2.036362960
8 6 3 5817 2.036648464
6 14 3 7335 2.038914474
11 2 3 377464 2.040615394
7 14 3 685722 2.040978880
12 3 3 225 2.041324544
10 6 3 11681 2.041628200
5 11 3 5590 2.041782372
3 11 3 2020 2.042450372
2 10 3 37750 2.042968696
11 5 3 34202 2.043269826
4 13 3 28458 2.043352348
12 5 3 971546448 2.044192200
5 12 3 2160 2.044470006
14 7 3 1235567 2.044978872
10 4 3 13754507 2.045294344
5 15 3 767344 2.045712884
0 12 3 18381918 2.046284144
12 1 3 1854 2.046824540
7 11 3 196688 2.048595716
13 6 3 91568 2.048878674
7 12 3 55715103 2.048956708
11 0 3 103842919 2.049131864
14 2 3 3197 2.051835570
13 1 3 29451534 2.053159992
14 2 3 201769 2.053668000
14 6 3 69521 2.053921138
2 11 3 119861 2.056630272
3 8 3 11950833 2.057256904
14 6 3 957646 2.057574762
2 14 3 1078350 2.057683814
5 8 3 11510 2.058249332
14 1 3 147148 2.058267412
1 15 3 602347 2.058326506
9 6 3 41481 2.058519064
12 5 3 1359 2.058791460
8 0 3 7500 2.059131092
4 15 3 1741570 2.059722730
1 13 3 4068882 2.061199624
11 0 3 2039 2.061583940
11 0 3 1726565 2.061942082
7 11 3 51806562 2.061980968
6 12 3 3629075 2.062193652
3 11 3 238 2.063231178
6 8 3 120712 2.063517062
4 11 3 892850376 2.065764816
1 9 3 8496 2.066483470
8 5 3 608360 2.066752602
11 0 3 47392 2.067353350
1 15 3 55314 2.067446364
2 15 3 87920 2.067570884
8 1 3 308245 2.068188472
8 1 3 29636 2.068612768
6 11 3 4137 2.068638350
10 4 3 2974641 2.068701872
2 11 3 2016168 2.069353472
1 14 3 203675 2.069538550
7 13 3 248625 2.070021216
4 9 3 117411 2.070698288
9 7 3 159063 2.071523586
4 8 3 2546682 2.071538442
2 15 3 59246438 2.072473414
11 2 3 549830 2.072619886
15 5 3 45023506 2.073492130
0 8 3 564890 2.074708638
4 12 3 110641 2.074970130
5 9 3 2680 2.075331072
9 5 3 1470477 2.077153486
11 5 3 13043 2.078221962
8 5 3 24162424 2.080565292
0 15 3 7266445 2.080829246
14 7 3 1402 2.080839154
13 5 3 15694 2.081644156
8 2 3 43811 2.081666958
12 6 3 9032 2.082016500
4 12 3 90180 2.083029248
2 12 3 6055766 2.084473652
15 1 3 2462046 2.085697708
3 13 3 19763 2.086641840
4 14 3 29090 2.088004572
13 1 3 71599 2.088260000
9 3 3 8898 2.088260642
6 13 3 11467 2.088412374
14 4 3 87523 2.088965966
9 7 3 83078 2.089074376
0 10 3 32591 2.090926560
8 3 3 21973 2.091021344
2 15 3 684725 2.091328188
10 5 3 90478 2.092047042
2 10 3 6475 2.092234720
14 0 3 1793451 2.094169372
10 4 3 289483 2.094236578
6 11 3 24796258 2.094846704
9 7 3 48984 2.095056106
9 5 3 56 2.095107512
2 10 3 326 2.095697738
13 1 3 906 2.096182978
1 14 3 26149878 2.097520724
2 15 3 6241 2.097982030
12 3 3 922855 2.098691550
15 6 3 31896146 2.099289218
11 5 3 6424637 2.100567754
13 5 3 168757815 2.100795226
5 12 3 200569 2.100905860
10 0 3 40680 2.101333656
2 13 3 20595292 2.102150866
12 4 3 516560 2.102358478
0 11 3 277 2.102598238
0 12 3 892808 2.103013486
5 11 3 39402962 2.103077804
5 14 3 69542892 2.104819664
0 10 3 501881 2.105213490
4 12 3 470708 2.106172548
13 3 3 66040 2.106680502
1 10 3 8772 2.107334928
13 6 3 4036 2.107390714
14 0 3 6370219 2.107619958
9 4 3 2588150 2.107986198
4 8 3 7806 2.108596144
4 14 3 90519 2.109627864
7 13 3 45597 2.110082236
14 1 3 165112910 2.110322330
11 1 3 11154 2.110914310
15 0 3 4520376 2.112491908
10 0 3 48835 2.112711084
14 3 3 403 2.112981746
10 5 3 1258 2.114338642
8 0 3 988 2.114380682
7 13 3 27934 2.114968822
0 10 3 859683 2.116090516
14 3 3 50161868 2.116241224
15 5 3 3997 2.116484972
7 12 3 71593 2.117420364
5 13 3 4511255 2.117628290
9 4 3 9206 2.118340504
11 1 3 26331 2.119778606
4 10 3 7062463 2.119799960
14 2 3 7559582 2.120014658
5 9 3 10411 2.121408356
12 6 3 155611 2.122539146
7 11 3 35608061 2.124457680
6 14 3 649348 2.125024418
7 15 3 18124607 2.125124892
15 5 3 2550 2.125806360
1 9 3 32907038 2.126270384
7 10 3 64715138 2.126842552
14 7 3 9559 2.128285814
1 10 3 947 2.128493744
6 8 3 223526359 2.128494672
12 6 3 10046 2.128982768
9 0 3 1799 2.129521362
15 5 3 362749433 2.129678834
4 11 3 2301 2.131032946
11 5 3 58966 2.131048176
2 10 3 17825 2.131716192
6 15 3 12912 2.131749464
6 11 3 726603 2.132225650
14 3 3 622963 2.132431106
9 3 3 406 2.133159582
5 14 3 237680670 2.133492436
8 7 3 37086 2.133583744
15 1 3 454916 2.134031284
5 9 3 1785 2.134708640
2 12 3 382546 2.135309916
0 9 3 2848 2.136642110
9 7 3 520540 2.137351038
9 5 3 845544 2.139446602
11 7 3 63857395 2.140477000
13 2 3 83010 2.142211906
10 0 3 1753556 2.142936148
11 0 3 2065549 2.142986398
13 1 3 7419902 2.144539768
11 4 3 14721374 2.145362524
13 2 3 95377 2.146196938
8 2 3 18096 2.149777434
11 3 3 369474 2.151136740
4 14 3 13219 2.151392190
5 8 3 428150 2.151886938
2 15 3 87981 2.152593234
15 1 3 372126540 2.153345388
7 10 3 590268671 2.153974432
8 3 3 2003 2.154399254
6 15 3 37797 2.154791332
6 15 3 52459 2.156151558
3 10 3 9228 2.156824346
2 12 3 60 2.157349742
11 6 3 29717 2.157843376
0 14 3 849183 2.158344678
1 9 3 97506586 2.158402892
12 6 3 122579085 2.159064342
15 4 3 2982 2.159536500
10 6 3 7398 2.159546720
3 14 3 63089 2.159744728
15 7 3 1696815 2.160665480
13 1 3 61575 2.160852754
12 7 3 459292 2.161139016
3 8 3 1476 2.163884508
9 2 3 16166640 2.164556358
10 3 3 162448 2.165135596
4 13 3 158 2.165931668
5 9 3 341 2.166181890
9 6 3 19477 2.166192114
15 4 3 13744 2.166301050
2 8 3 8116160 2.166676464
2 14 3 22212 2.167650932
7 10 3 1184510 2.168626476
2 15 3 151444 2.170289042
4 11 3 47361559 2.170345482
5 13 3 116028 2.171304506
10 5 3 406835 2.172413608
2 8 3 1856227 2.173121962
10 6 3 888743 2.173275612
6 9 3 22736672 2.174544694
3 10 3 23310 2.174921094
9 2 3 117609 2.174934006
3 12 3 422241 2.175383852
9 5 3 26116814 2.176553690
8 0 3 2470025 2.177512222
15 0 3 12696 2.178515078
2 12 3 2928 2.179101284
11 7 3 156404 2.182864900
13 7 3 5840014 2.182907844
12 7 3 2920912 2.183590140
14 2 3 356858 2.184018440
3 13 3 121970 2.186914346
13 3 3 15020 2.187294858
6 13 3 51165 2.187794418
2 12 3 15072377 2.189152582
6 11 3 4838137 2.189496226
10 2 3 64011 2.190184742
3 9 3 355 2.190316446
6 10 3 6867 2.191192406
13 2 3 724133 2.191426250
0 15 3 2248308 2.191676386
6 9 3 794394 2.192500144
5 10 3 11174 2.194854780
13 1 3 29675566 2.196124962
4 9 3 325996 2.196222074
4 15 3 941731 2.196632206
1 13 3 3557 2.197192326
11 4 3 28328 2.197584712
6 12 3 31083 2.197871536
3 12 3 13500293 2.201022022
0 12 3 969 2.201488614
12 3 3 7754 2.202198748
2 14 3 50354 2.202224058
11 0 3 32192 2.202407208
13 7 3 21341 2.202997888
11 1 3 2188 2.203106854
5 15 3 1302968 2.203197594
0 15 3 482688 2.204623850
15 7 3 8405043 2.205204892
4 8 3 188630 2.205449054
15 3 3 15542 2.205506526
7 11 3 1804 2.206101918
5 15 3 61992 2.206978064
13 1 3 25328633 2.210625022
7 10 3 15647112 2.211021004
3 14 3 30438 2.211293536
9 1 3 66101 2.212809614
7 9 3 1585750 2.215453106
5 8 3 793 2.216794406
13 0 3 260356069 2.216923332
9 3 3 1374 2.217757556
1 14 3 188533 2.218964224
15 0 3 18860237 2.219692834
8 7 3 691422 2.219732432
1 9 3 265317 2.220242802
1 15 3 25653 2.220633466
1 14 3 4980 2.222108794
8 6 3 141969 2.222806232
5 8 3 943 2.223812570
14 6 3 18708 2.224128874
0 15 3 52068 2.225130520
11 4 3 46374 2.225746940
0 12 3 12285 2.226149386
9 3 3 40587174 2.226482876
11 5 3 19406942 2.227138308
8 6 3 12931 2.227207810
0 15 3 10144005 2.227959230
5 9 3 14679 2.228538660
2 10 3 6541 2.228638244
9 1 3 19561 2.228991008
4 10 3 121164931 2.229876720
5 14 3 3964334 2.230627912
3 15 3 10821 2.231007878
8 5 3 3389909 2.231143826
7 8 3 294889 2.231596304
5 12 3 2013704 2.231902970
0 14 3 281112300 2.232784904
2 12 3 1041314136 2.235129074
11 4 3 15253 2.235535430
0 8 3 23068 2.235746378
2 14 3 27118634 2.235944362
5 8 3 1699440 2.239183500
4 10 3 2673215 2.241643540
14 7 3 916 2.242300868
12 4 3 819589 2.243091662
10 1 3 16059 2.244417836
8 3 3 267 2.244764764
15 5 3 24320919 2.244826368
3 9 3 754794928 2.245454310
8 6 3 48781 2.245519602
6 14 3 14095 2.246954966
14 0 3 49009 2.249094964
8 1 3 17803 2.249190526
11 5 3 3967595 2.249816514
3 11 3 9437268 2.250856940
5 8 3 1841 2.251102242
8 1 3 1509 2.253304328
6 11 3 11300 2.253355528
13 7 3 12915159 2.256133598
5 11 3 88508165 2.256647452
3 10 3 60200 2.257773172
14 6 3 5483345 2.258218134
12 6 3 1594832 2.258316910
12 0 3 10051 2.259638860
5 14 3 25049 2.260903254
7 10 3 36147 2.261031362
3 15 3 5334 2.261137174
9 6 3 4665995 2.261955682
4 12 3 209589 2.262939394
12 3 3 197198186 2.263030466
5 11 3 17478 2.263421654
14 3 3 8922 2.263615670
13 5 3 9415 2.264645518
13 2 3 9602 2.264963898
0 10 3 576 2.265027770
9 0 3 108673772 2.266409608
2 15 3 457910 2.267243934
15 7 3 13928 2.267907314
13 1 3 16434 2.268159338
11 5 3 153013476 2.268218784
11 2 3 8939 2.268598620
8 2 3 616634 2.268896636
14 1 3 30914 2.269739436
0 15 3 195695 2.270274344
8 5 3 7617365 2.273292276
6 8 3 55949 2.274168902
5 11 3 76298 2.275356464
6 15 3 3545488 2.275555434
8 1 3 6300384 2.277211292
7 15 3 176389 2.278743358
9 0 3 7406 2.279338800
0 10 3 11580573 2.280621344
2 12 3 15310812 2.281921680
1 15 3 546 2.281997274
0 12 3 26235 2.282132622
11 1 3 790 2.283138570
1 12 3 411829 2.283644524
5 11 3 140698 2.283998286
2 11 3 121 2.284497948
6 14 3 293044 2.285663512
2 14 3 66627938 2.286184424
5 14 3 2002645 2.286186588
0 9 3 94287 2.286601838
1 8 3 21957588 2.287822722
11 3 3 5647035 2.287832150
5 10 3 239652 2.289020308
8 4 3 389031 2.289210954
12 2 3 8177 2.289567196
12 2 3 25412066 2.290348032
11 0 3 28301 2.292523258
5 13 3 25774 2.294108270
14 0 3 57221 2.295329498
13 5 3 66865137 2.298075526
9 2 3 41905932 2.298322776
2 10 3 514997 2.299119934
3 8 3 134842 2.299554354
7 8 3 348995 2.300291558
12 6 3 365638 2.300424642
1 14 3 26533 2.300648784
13 4 3 31151 2.304057832
4 10 3 21227 2.304188740
13 0 3 26385575 2.304422366
6 14 3 10115 2.305266870
14 0 3 28860 2.305517058
15 1 3 922199 2.306026290
4 15 3 133097313 2.306168346
8 4 3 2253 2.307009464
3 9 3 30464 2.307422972
3 15 3 150110526 2.307492982
2 13 3 40801 2.307756880
4 11 3 1070 2.307846884
5 9 3 22948 2.310567402
14 4 3 7203482 2.310862050
2 14 3 2428 2.311105424
6 11 3 32277 2.312609212
2 15 3 11942266 2.313843112
10 7 3 124591 2.314013666
1 8 3 480 2.314104234
1 15 3 155838 2.314377838
9 3 3 278011 2.316858584
13 0 3 23918 2.319501504
15 1 3 1934 2.320148172
9 4 3 35691 2.320609390
13 2 3 2012 2.321033214
6 11 3 370633 2.322669564
4 13 3 6041531 2.323947358
13 6 3 61537 2.324415038
15 2 3 9518 2.324815236
6 15 3 10621 2.325658154
0 11 3 17940038 2.326133702
0 9 3 1982061 2.326203484
9 6 3 18605 2.329133080
8 2 3 35052 2.329382950
15 1 3 3377 2.329848836
13 4 3 2147150109 2.330038514
5 10 3 831456135 2.330275246
3 15 3 2233 2.330530150
6 14 3 119251 2.330938838
5 11 3 8883 2.331178850
5 11 3 149072 2.331718302
1 9 3 57483411 2.332262528
12 6 3 406 2.332830444
13 1 3 52902 2.337046594
7 11 3 1131 2.337397524
9 2 3 2131 2.338872672
15 5 3 22289 2.340112420
15 3 3 1547666 2.340901300
5 13 3 19076669 2.342369262
1 15 3 99423330 2.342706634
12 5 3 265833 2.343804932
12 6 3 678 2.343923206
1 15 3 132268786 2.343988596
15 0 3 71 2.344668318
1 15 3 3369 2.345945976
4 8 3 189379 2.345946246
7 9 3 88888 2.346253736
5 10 3 19853 2.346310734
9 0 3 3318 2.347133110
9 0 3 116717 2.347340436
1 12 3 2640 2.347449762
9 5 3 302173764 2.348040092
1 9 3 7631 2.348584902
6 11 3 504259 2.348813618
9 6 3 701 2.349841824
15 1 3 813078 2.352215684
10 0 3 18559 2.353116298
10 6 3 6647 2.354347796
10 2 3 95940 2.357324472
14 0 3 1864 2.357374594
4 15 3 1618 2.358030644
14 2 3 8990924 2.359228018
11 7 3 1884458693 2.359959296
0 11 3 1820 2.360015294
14 7 3 196088 2.360573444
4 11 3 127720424 2.360776562
7 13 3 5646156 2.361562718
1 13 3 448212231 2.361669358
8 4 3 616050 2.362449790
11 7 3 322865 2.363009618
7 9 3 757799 2.365834966
2 13 3 31765 2.366534334
5 10 3 2062 2.366927918
5 8 3 62621 2.369147388
8 5 3 4919 2.369485208
2 13 3 19637 2.369568054
10 2 3 1842739 2.369745430
10 7 3 98401472 2.371154524
6 15 3 1122461 2.371420274
1 14 3 60985 2.371737296
12 3 3 4334 2.371777494
10 5 3 51392702 2.372496144
7 15 3 2469220 2.373624470
15 3 3 5659 2.373718330
9 2 3 261577 2.373778916
13 4 3 1492738 2.374581336
9 7 3 430376 2.375021174
5 11 3 107413 2.375645364
0 12 3 17179190 2.376400200
9 1 3 3984701 2.376426094
9 6 3 4501336 2.377205770
9 1 3 174980806 2.377695590
6 12 3 154387 2.378002344
6 13 3 330950 2.378796598
13 4 3 89504867 2.379405018
15 6 3 1664 2.379925612
4 10 3 701665778 2.380737936
9 0 3 15973 2.381143078
3 10 3 1530849 2.383074152
12 5 3 58775 2.383221646
7 13 3 209308833 2.384077846
4 8 3 871741 2.385462510
11 0 3 26168404 2.385827396
13 7 3 1340408 2.385934862
15 7 3 217606493 2.386637166
15 3 3 705 2.387005550
8 3 3 14772 2.387203788
13 7 3 1068143 2.388858416
10 3 3 9333971 2.393003300
8 5 3 15427 2.393086690
15 2 3 225730 2.394183988
10 3 3 249532228 2.394474376
10 4 3 57853331 2.396267382
