0b000201 0b002001 10000 10002 1000 130000000 10000610 10000567
0b000101 0b002001 10000 10001 1000 130000000 10000778 10000567
0b000501 0b002001 10000 10005 1000 130000000 10000946 10000567
0b000301 0b002001 10000 10003 1000 130000000 10001114 10000567
0b000601 0b002001 10000 10006 1000 130000000 10001282 10000567
0b000401 0b002001 10000 10004 1000 130000000 10001450 10000567
0b000801 0b002001 10000 10008 1000 130000000 10001618 10000567
0b000701 0b002001 10000 10007 1000 130000000 10001786 10000567
0b000901 0b002001 10000 10009 1000 130000000 10001954 10000567
0b000a01 0b002001 10000 10010 1000 130000000 10002122 10000567
