15 11 10637 10637 2036655 2003265846 249221 250994
5 2 10440 10440 2400 2008302845 80378 80443
5 15 10923 10923 360316 2003203355 10230256 10230611
2 0 10612 10612 170001 2014931430 34205 34416
6 3 10910 10910 410054 2021767795 114280 114622
10 2 10051 10051 8584 2014880491 10201061 10201121
6 0 10398 10398 5681326 2024650826 551747 556564
1 5 10242 10242 75972262 2019995316 6385894 6449757
10 4 10999 10999 19013 2017520495 10201928 10201997
10 11 10072 10072 417029 2029007493 89263 55127
8 10 10164 10164 85201 2038723434 27501 27306
10 7 10125 10125 12099632 2028351233 11239235 11214834
14 15 10233 10233 16498284 2048355996 1625859 1403378
2 5 10972 10972 7680 2050303620 80825 80885
15 5 10182 10182 12373 2041784431 10284364 10201439
9 13 10204 10204 3413362 2053003380 505153 366418
3 6 10890 10890 9464 2053787904 81300 81035
8 15 10521 10521 3328650 2053407330 494568 359315
12 9 10743 10743 477804 2055702524 139721 120299
0 10 10477 10477 278054 2048266490 10224301 10223715
12 3 10747 10747 8140493 2037614610 21188027 10882900
4 2 10375 10375 920882 2061848055 194597 157447
13 10 10074 10074 155324 2062620459 93127 93264
1 6 10137 10137 215669 2063442560 106960 98322
3 9 10020 10020 176028 2053523139 10215183 10215161
8 1 10368 10368 23265291 2039781866 26005671 12150964
3 10 10457 10457 1952 2058669655 10200730 10200563
9 7 10759 10759 385915 2061516066 10253757 10232755
0 10 10478 10477 447089 2068379785 10238642 10237887
12 6 10873 10873 2489344 2068271703 10510217 10409109
12 2 10035 10035 54248792 2039715848 39891723 14748619
10 11 10073 10072 13403 2082330607 21206 21286
14 4 10471 10471 9247197 2061563488 22850405 10975688
8 0 10749 10749 237150 2075038114 10229751 10220285
9 8 10093 10093 867048 2088786609 110116 92856
5 11 10588 10588 512881 2079248976 10243564 10243400
9 3 10732 10732 33534076 2076138514 14375274 13011900
15 12 10347 10347 8035498 2093080787 1457166 693858
9 6 10639 10639 81859409 2038093516 57858940 17063495
15 5 10183 10182 65710 2085854282 10208537 10205910
12 2 10036 10035 10268 2086506733 10201439 10201263
15 0 10676 10675 18233555 2091029570 12689454 11729102
7 12 10984 10984 2572 2095024553 10200786 10200617
6 12 10619 10619 23271 2095917595 10202676 10202353
5 4 10829 10829 1509858 2107620107 452575 146747
7 6 10169 10169 22360 2111282793 21949 22037
4 6 10531 10531 8082 2113029261 146249 20841
5 4 10830 10829 151003 2115583407 45196 32823
10 6 10889 10889 903 2110505624 10200558 10200476
2 10 10400 10400 136809 2118512610 10211887 10211870
10 4 11000 10999 41973 2119108596 10205597 10203919
7 9 10126 10126 10799 2119345696 10202220 10201306
11 1 10391 10391 85931 2121846185 10208442 10207604
0 14 10952 10952 3069378 2121932232 10464449 10457739
2 5 10973 10972 12788 2136098725 81294 81312
14 3 10113 10113 7416 2131256249 10201642 10201024
12 6 10874 10873 786753 2131742230 10363549 10266362
7 5 10416 10416 807077 2145127571 87082 87828
2 3 10524 10524 117806139 2141596018 9798003 9897030
12 15 10830 10830 214676070 2121205394 33109903 18018605
7 12 10985 10984 278086 2145886989 10224818 10223718
5 6 10228 10228 479446 2156568138 69786 60358
5 3 10880 10880 588594 2159728765 157430 129589
9 11 10078 10078 5436 2165700498 20635 20617
7 0 10447 10447 47803332 2156847863 11115834 4088073
4 12 10284 10284 4313400 2157448857 10624942 10562037
15 14 10609 10609 6966281 2167347748 791035 604215
11 0 10163 10163 46040 2159264219 10208966 10204263
6 15 10307 10307 2409389 2163365479 10427299 10402405
7 6 10170 10169 221118 2174770686 39039 38701
3 12 10238 10238 165927 2165598941 10215284 10214311
6 3 10911 10910 38145463 2171984834 4119595 3278357
14 1 10546 10546 30002 2167157011 10214811 10202919
10 1 10755 10755 225966 2168219747 10264140 10219345
8 1 10369 10368 6906262 2171555987 12493418 10779423
10 11 10074 10072 2433440 2184071288 394409 224181
12 15 10831 10830 221258 2186846003 93457 38713
7 3 10276 10276 1232983 2187475738 284778 183613
8 9 10793 10793 222860413 2132483204 56085490 18704779
7 6 10172 10169 16551 2188748630 22797 21549
14 9 10847 10847 11898567 2190021544 2055363 1077817
0 15 10916 10916 2868068 2181635487 10482486 10440862
4 7 10039 10039 8064673 2192457834 720822 696303
12 2 10037 10035 33984 2183957319 10210195 10203249
15 1 10482 10482 189569 2185474009 10223537 10216295
4 14 10639 10639 351683 2187110067 10237443 10229886
10 3 10157 10157 118544 2188378900 10211006 10210340
12 11 10983 10983 142196115 2173359192 28384242 12001965
3 0 10069 10069 2259560 2204612507 239270 209603
6 11 10431 10431 994502 2196105582 10353448 10283780
8 3 10232 10232 469645 2199626371 10317277 10239776
15 9 10695 10695 87763147 2201273618 8879139 7438305
12 1 10628 10628 415371677 2132825209 78556545 45025162
8 5 10244 10244 2199320 2202146835 10748088 10384793
8 11 10745 10745 52173 2218953068 33012 24537
15 11 10638 10637 5881909 2218163321 1742609 573379
11 2 10913 10913 10722 2210509442 10201841 10201300
10 8 10997 10997 166149 2224236475 34319 34093
9 8 10094 10093 24223064 2235375622 2533256 2051025
4 3 10760 10760 9848187 2239940280 2275876 905915
5 2 10441 10440 286399 2247554577 116621 104254
1 7 10804 10804 35595 2247615316 87602 83225
3 4 10192 10192 130366 2253266277 96992 91172
15 14 10610 10609 5985068 2251484793 1949094 521951
0 7 10768 10768 87892 2258625415 87904 87609
14 9 10848 10847 155996 2262776655 119197 93318
1 5 10243 10242 25903 2265666746 84597 82412
7 11 10760 10760 45870 2248070707 20490953 10204246
7 1 10226 10226 7173804 2267373702 1300581 681692
15 8 10413 10413 1157933 2269429983 282195 177321
14 6 10944 10944 236662 2260057054 10486528 10220243
1 8 10156 10156 350092 2250056523 20638420 10229755
14 12 10344 10344 983737 2274670060 184478 102637
3 5 10663 10663 1307 2276892550 80384 80352
14 0 10280 10280 13116 2274824279 10254442 10201503
12 2 10038 10035 3625 2277069088 10282796 10200705
5 7 10893 10893 99185034 2271323512 20600962 8335836
8 7 10732 10732 3691420 2285990444 11160976 10509890
15 11 10639 10637 25698549 2290721218 7571858 2234808
3 5 10664 10663 2007524 2307988474 663428 248552
4 7 10040 10039 264163 2310157428 53299 42310
12 14 10163 10163 951358 2323939574 197883 99924
15 11 10640 10637 182390 2324856053 257715 95533
0 3 10798 10798 44619 2328703433 23881 23902
8 11 10746 10745 15989 2344468144 25130 21500
9 1 10240 10240 3954 2338028123 10456461 10200731
13 4 10629 10629 3438734 2343042810 10906196 10488704
7 8 10103 10103 286372 2346151341 20794151 10224411
10 9 10054 10054 1540078363 2244084007 130103131 291313
7 4 10556 10556 3790 2379086361 21563 20478
0 1 10394 10394 7196 2380109796 51876 20766
5 7 10894 10893 9206 2386704940 24120 20934
12 11 10985 10983 235867 2388264575 265971 100015
0 7 10769 10768 1625 2391024459 443373 80377
3 2 10525 10525 7140 2398222729 23961 20761
15 9 10696 10695 1530184 2399621025 625042 208533
0 2 10783 10783 11393 2403598831 21470 21117
15 4 10712 10712 71302 2388839849 20776985 10206380
15 0 10675 10675 1516132757 2025792276 395432130 51413625
4 0 10266 10266 7014226 2416751640 50096108 668315
15 12 10348 10347 252356 2470044320 82890 41320
3 8 10064 10064 241 2460245725 10425979 10200423
15 5 10184 10182 28249852 2355140891 115750766 12568868
0 2 10784 10783 9406 2475873189 23369 20950
2 1 10296 10296 894105439 2379590185 103510975 32032289
12 10 10903 10903 634 2484475729 216903 80294
14 8 10336 10336 54978 2486968111 230499 84849
3 1 10949 10949 32464642 2488225894 11716824 2741996
9 11 10079 10078 1627342 2501062087 965906 156598
15 12 10349 10347 3554974 2504297701 905134 318209
0 1 10395 10394 9880100 2515230277 1387043 848511
2 3 10525 10524 1423 2559438508 20319 20281
11 8 10687 10687 3877 2584698985 21968 20485
4 3 10761 10760 250125 2613507217 329145 101213
6 0 10399 10398 3174 2621403393 224617 80509
5 12 10658 10657 4489 2615810828 10445110 10200778
4 7 10041 10039 5498 2626803526 22243 20622
15 10 10673 10673 6393 2636751006 218891 80778
5 2 10442 10440 58716 2658970046 176659 85163
7 5 10417 10416 26164 2661727704 28210 22356
13 12 10224 10223 15857338 2668754402 2510130 1349641
0 1 10396 10394 6797763 2693012570 1516307 590085
5 6 10230 10228 142432246 2361856655 340364195 11961682
3 2 10526 10525 64237 2711266279 50446 25548
7 2 10190 10187 71215 2726489313 192422 86213
5 2 10443 10440 6038 2735535750 197933 80749
6 4 10482 10482 144590 2754010283 83368 32284
15 12 10350 10347 21933380 2749274734 5926181 1859056
5 6 10229 10228 593710869 2227443995 529503326 6847206
9 11 10080 10078 97283676 2713633144 43915735 8176424
5 2 10444 10440 65739 2782312678 171225 85752
12 14 10164 10163 782783 2786980785 250085 85789
0 1 10397 10394 29624 2808919582 27697 22645
12 14 10165 10163 2184 2818021789 20596 20346
2 6 10293 10292 486 2827414934 237710 80282
1 4 10016 10016 2896532 2563450357 267115746 323087
1 3 10606 10606 377150 2832562775 95516 51783
12 13 10497 10497 18945315 2094165551 758396602 1608537
11 10 10530 10530 1857337 2853270034 928464 175881
12 13 10502 10497 18663981 2757879281 105359658 1584948
11 10 10531 10530 1314211 2865431903 662460 130346
5 4 10831 10829 84911 2872061243 31698 27279
5 6 10231 10228 4282 2888136551 20668 20521
5 9 10687 10686 708 2878000062 10528735 10200460
0 3 10799 10798 464787 2898167418 86300 59128
14 13 10601 10598 113511423 2470061396 455013979 9536959
8 10 10165 10164 24166124 2917148942 9313156 2046251
14 13 10598 10598 382150917 2068871464 864811599 32059693
15 12 10351 10347 1626 2944383422 20727 20297
10 11 10075 10072 1063335 2964277084 467857 109312
5 4 10832 10829 2691 2967249119 20686 20386
4 7 10042 10039 15231 2969350303 25405 21439
15 14 10611 10609 34699 2977306891 34962 23070
13 14 10512 10510 600442105 2884632797 93323638 7411556
