320
7 12 3 1411516 2.01
9 10 3 2233203 2.016
6 1 3 518848 2.02
0 4 3 1366391 2.021
11 6 3 1096178 2.023
0 1 3 2400000 2.025
1 2 3 2400000 2.03
14 9 3 1405256 2.031
2 3 3 2400000 2.035
3 0 3 2400000 2.04
0 1 3 2400000 2.045
9 12 3 897432 2.045
1 11 3 706849 2.049
1 2 3 2400000 2.05
14 11 3 1249672 2.051
2 3 3 2400000 2.055
5 6 3 2202472 2.057
3 0 3 2400000 2.06
6 14 3 1046567 2.063
0 1 3 2400000 2.065
13 11 3 1146351 2.067
1 2 3 2400000 2.07
2 3 3 2400000 2.075
3 0 3 2400000 2.08
12 11 3 858972 2.083
0 1 3 2400000 2.085
8 4 3 552586 2.085
12 8 3 975373 2.085
6 1 3 1057990 2.089
1 2 3 2400000 2.09
2 3 3 2400000 2.095
6 9 3 517812 2.097
3 0 3 2400000 2.1
4 8 3 523274 2.104
5 13 3 641845 2.104
0 1 3 2400000 2.105
10 6 3 1971381 2.106
1 2 3 2400000 2.11
3 5 3 661236 2.113
7 13 3 500150 2.114
2 3 3 2400000 2.115
15 4 3 737342 2.119
3 0 3 2400000 2.12
5 13 3 1156190 2.12
0 1 3 2400000 2.125
11 6 3 501536 2.125
1 2 3 2400000 2.13
2 3 3 2400000 2.135
6 14 3 530201 2.138
3 0 3 2400000 2.14
10 0 3 2188621 2.14
0 1 3 2400000 2.145
1 2 3 2400000 2.15
12 6 3 543426 2.153
2 3 3 2400000 2.155
3 0 3 2400000 2.16
7 9 3 1973364 2.163
0 1 3 2400000 2.165
1 2 3 2400000 2.17
2 3 3 2400000 2.175
3 0 3 2400000 2.18
0 1 3 2400000 2.185
14 15 3 2380261 2.187
3 7 3 1369362 2.188
3 8 3 509296 2.188
11 4 3 821677 2.189
1 2 3 2400000 2.19
11 1 3 521585 2.192
2 3 3 2400000 2.195
3 14 3 2104524 2.196
4 7 3 663312 2.199
3 0 3 2400000 2.2
13 9 3 1963740 2.202
0 1 3 2400000 2.205
1 2 3 2400000 2.21
2 9 3 501802 2.21
2 3 3 2400000 2.215
3 0 3 2400000 2.22
15 4 3 1247448 2.22
0 1 3 2400000 2.225
1 15 3 651300 2.227
13 3 3 1942783 2.229
1 2 3 2400000 2.23
2 3 3 2400000 2.235
13 3 3 902130 2.237
3 0 3 2400000 2.24
0 1 3 2400000 2.245
1 2 3 2400000 2.25
12 6 3 829927 2.252
2 3 3 2400000 2.255
12 3 3 855598 2.255
3 0 3 2400000 2.26
2 3 3 1220787 2.264
0 1 3 2400000 2.265
5 13 3 959480 2.266
14 8 3 1451198 2.269
1 2 3 2400000 2.27
2 3 3 2400000 2.275
4 8 3 954983 2.275
1 13 3 1190805 2.277
3 0 3 2400000 2.28
11 1 3 2308588 2.284
9 4 3 1555768 2.284
0 1 3 2400000 2.285
1 2 3 2400000 2.29
2 6 3 547339 2.293
4 3 3 2519582 2.294
2 3 3 2400000 2.295
6 10 3 1690190 2.295
5 0 3 2022195 2.296
3 0 3 2400000 2.3
13 12 3 653018 2.3
0 1 3 2400000 2.305
11 0 3 615405 2.308
5 10 3 573711 2.308
1 2 3 2400000 2.31
3 1 3 501487 2.313
2 3 3 2400000 2.315
3 0 3 2400000 2.32
0 1 3 2400000 2.325
1 2 3 2400000 2.33
2 3 3 2400000 2.335
7 0 3 607997 2.338
3 0 3 2400000 2.34
0 1 3 2400000 2.345
7 9 3 997726 2.346
1 2 3 2400000 2.35
2 3 3 2400000 2.355
3 0 3 2400000 2.36
2 4 3 750778 2.363
0 1 3 2400000 2.365
1 2 3 2400000 2.37
6 8 3 1323532 2.37
2 3 3 1086628 2.373
2 3 3 2400000 2.375
3 0 3 2400000 2.38
4 5 3 1161347 2.38
10 8 3 2793784 2.382
1 13 3 527912 2.384
0 1 3 2400000 2.385
13 2 3 811088 2.386
1 2 3 2400000 2.39
2 3 3 2400000 2.395
3 0 3 2400000 2.4
0 1 3 2400000 2.405
1 2 3 2400000 2.41
2 3 3 2400000 2.415
4 14 3 738744 2.416
3 0 3 2400000 2.42
2 4 3 1265057 2.422
7 1 3 1509331 2.422
2 7 3 1381056 2.423
15 6 3 512999 2.423
12 11 3 1235191 2.424
0 1 3 2400000 2.425
10 15 3 858210 2.426
11 6 3 873635 2.429
1 2 3 2400000 2.43
9 6 3 2160265 2.434
9 8 3 2445443 2.434
2 3 3 2400000 2.435
13 9 3 583705 2.436
3 0 3 2400000 2.44
8 4 3 501307 2.44
15 7 3 918123 2.441
0 1 3 2400000 2.445
1 2 3 2400000 2.45
13 8 3 592937 2.452
11 6 3 1595681 2.454
2 3 3 2400000 2.455
0 4 3 508217 2.456
3 0 3 2400000 2.46
4 2 3 1485166 2.463
0 1 3 2400000 2.465
8 0 3 2114884 2.466
13 10 3 600711 2.467
1 2 3 2400000 2.47
2 3 3 2400000 2.475
3 0 3 2400000 2.48
6 2 3 569247 2.48
6 3 3 2078459 2.484
0 1 3 2400000 2.485
15 8 3 502621 2.486
1 2 3 2400000 2.49
2 3 3 2400000 2.495
10 8 3 1882959 2.496
3 0 3 2400000 2.5
5 12 3 1702042 2.502
0 1 3 2400000 2.505
1 2 3 2400000 2.51
5 7 3 1047640 2.512
15 4 3 526443 2.512
2 3 3 2400000 2.515
14 11 3 2300882 2.515
4 7 3 522600 2.519
3 9 3 620794 2.519
3 0 3 2400000 2.52
10 15 3 2300951 2.52
0 1 3 2400000 2.525
13 10 3 658578 2.526
1 2 3 2400000 2.53
2 3 3 2400000 2.535
13 0 3 500521 2.535
3 0 3 2400000 2.54
7 8 3 621033 2.541
0 1 3 2400000 2.545
11 9 3 901695 2.546
9 12 3 660920 2.546
15 4 3 613324 2.549
1 2 3 2400000 2.55
2 15 3 1555571 2.554
2 3 3 2400000 2.555
10 5 3 977832 2.556
15 8 3 506097 2.558
6 8 3 506630 2.559
3 0 3 2400000 2.56
0 1 3 2400000 2.565
9 4 3 1365612 2.566
1 2 3 2400000 2.57
2 3 3 2400000 2.575
3 0 3 2400000 2.58
3 15 3 775048 2.581
8 6 3 510410 2.582
0 1 3 2400000 2.585
9 14 3 979579 2.585
6 2 3 1602393 2.586
3 9 3 1008083 2.587
1 2 3 2400000 2.59
2 12 3 672705 2.591
15 7 3 1355471 2.593
15 14 3 675441 2.594
2 3 3 2400000 2.595
3 0 3 2400000 2.6
0 1 3 2400000 2.605
14 11 3 505225 2.608
8 2 3 1334722 2.609
1 2 3 2400000 2.61
2 3 3 2400000 2.615
3 0 3 2400000 2.62
13 5 3 669467 2.621
13 9 3 754255 2.622
9 12 3 909615 2.628
8 9 3 526952 2.631
8 6 3 2209508 2.631
10 12 3 673473 2.633
11 8 3 602757 2.643
15 4 3 599959 2.644
6 13 3 505735 2.647
1 9 3 556521 2.647
9 13 3 1009422 2.652
14 4 3 598880 2.654
2 0 3 538402 2.654
6 5 3 506905 2.655
7 13 3 506035 2.664
11 7 3 748508 2.666
4 0 3 531160 2.669
3 6 3 2894550 2.676
0 5 3 1440689 2.716
15 13 3 631072 2.721
7 6 3 1430688 2.723
6 12 3 1342828 2.727
1 8 3 531554 2.736
4 7 3 2709527 2.742
0 5 3 505243 2.753
8 5 3 611603 2.757
1 13 3 1796630 2.759
0 9 3 501101 2.767
14 9 3 2446648 2.771
6 10 3 573657 2.771
5 8 3 518367 2.777
7 14 3 905299 2.786
9 5 3 1180093 2.788
11 4 3 672558 2.795
0 5 3 718941 2.802
6 11 3 585029 2.806
9 13 3 791744 2.807
8 6 3 888818 2.809
3 8 3 2788331 2.819
13 9 3 626715 2.832
15 14 3 816879 2.833
2 12 3 524453 2.843
3 6 3 938289 2.844
9 4 3 695725 2.844
5 9 3 1162246 2.845
12 14 3 507974 2.846
10 4 3 667372 2.852
12 1 3 1289249 2.858
6 9 3 515239 2.863
3 11 3 1832980 2.873
5 4 3 1195544 2.878
10 1 3 661418 2.88
7 10 3 892318 2.896
7 11 3 696888 2.905
14 4 3 1071718 2.909
10 8 3 515673 2.913
12 1 3 1159961 2.915
15 4 3 1690517 2.915
12 15 3 1040367 2.918
9 4 3 761743 2.92
8 5 3 1119799 2.922
11 14 3 1250866 2.924
8 0 3 505703 2.929
5 9 3 1759435 2.933
3 14 3 500107 2.937
15 9 3 811293 2.946
15 3 3 1939479 2.947
4 8 3 1899700 2.953
6 8 3 2150386 2.957
8 12 3 691661 2.965
12 15 3 1302726 2.965
15 0 3 1229187 2.967
12 8 3 616853 2.974
7 3 3 1779836 2.975
11 9 3 551353 2.975
14 7 3 1855824 2.977
14 11 3 539057 2.985
12 5 3 527324 2.991
12 8 3 511511 2.991
0 13 3 878209 2.997
9 5 3 1408681 2.998
