5 15 10923 10923 90079 2000800838 967918 968035
15 5 10182 10182 509163 2000816460 1002701 1003171
5 9 10686 10686 600 2002075710 960329 960531
10 1 10755 10755 2146 2003720122 960619 960663
2 8 10526 10526 42500 2003732856 963967 964045
10 2 10051 10051 4753 2004380122 960834 960879
6 9 10881 10881 102513 2005441948 968948 969076
6 8 10147 10147 1420331 2006162704 1099162 1079563
1 10 10129 10129 18993065 2004998828 2572025 2552862
10 5 10204 10204 31369 2007251870 965561 963112
10 3 10157 10157 3024908 2007087806 1214112 1214088
1 10 10130 10129 242214 2008728290 980603 980790
12 6 10873 10873 1046 2009403652 960528 960571
8 6 10152 10152 6654 2009680858 1041417 961039
9 0 10176 10176 6646 2010048686 961488 961038
15 5 10183 10182 21300 2010446104 963904 962268
14 2 10719 10719 3093 2012383690 1094402 960742
14 1 10546 10546 3643401 2012088998 1457429 1265945
2 13 10352 10352 69513 2012575902 1100537 966309
3 15 10850 10850 4124571 2013380784 2595017 1306285
4 10 10930 10930 1920 2015462012 960672 960641
0 14 10952 10952 853340 2015472988 1066751 1032026
13 7 10316 10316 832162 2015655114 1063433 1030251
9 4 10656 10656 44007 2015870346 1032212 964173
9 3 10732 10732 2366 2015936536 1028899 960680
3 12 10238 10238 119451 2016682656 975563 970496
9 5 10967 10967 488 2017156972 960504 960522
0 11 10628 10628 96478 2017601158 981372 968570
2 10 10400 10400 2311799 2017604224 1254320 1154302
9 1 10240 10240 13562198 2011873678 8286350 2097537
2 9 10769 10769 230220 2019431218 984516 979784
8 5 10244 10244 38831 2019505118 964160 963736
5 11 10588 10588 53917 2019812242 964914 965000
3 11 10063 10063 622336 2019824950 1025453 1012659
10 5 10205 10204 111772 2020582648 971243 969851
0 12 10364 10364 40809628 2012066622 9927975 4381960
0 8 10277 10277 59287 2021256770 1004722 965453
0 13 10513 10513 128220 2022927390 1011794 971232
12 5 10925 10925 3350 2023949654 960962 960763
6 10 10641 10641 16427 2023979396 963310 961859
1 12 10998 10998 216762 2024516406 996855 978654
5 14 10439 10439 643 2027272218 964955 960535
0 8 10278 10277 63999 2026107534 2257327 965845
14 0 10280 10280 4558388 2025076980 3452289 1342657
14 7 10451 10450 621612 2026697138 2201950 1012597
6 14 10787 10786 7335 2029185854 962051 961097
7 14 10684 10684 685722 2030734160 1065334 1017972
12 3 10747 10747 225 2030993408 960244 960501
3 11 10064 10063 2020 2031837778 1126601 960653
2 10 10401 10400 37750 2032226518 965904 963645
4 13 10738 10738 28458 2032514258 963056 962868
12 1 10629 10628 1854 2035118404 960901 960636
14 2 10720 10719 3197 2038876672 1009192 960751
10 4 10999 10999 13754507 2033970758 6415743 2113659
1 15 10839 10839 602347 2043744878 1051052 1010983
8 1 10369 10368 29636 2051459574 971549 962966
7 13 10935 10935 248625 2052515910 1074760 981326
2 15 10919 10919 87920 2050678158 4376884 967851
8 5 10246 10244 24162424 2060423966 5585782 2986259
14 0 10281 10280 1793451 2070627024 1418854 1110845
13 1 10078 10076 906 2072137230 1458922 960556
14 0 10282 10280 6370219 2080714962 1963534 1494562
8 0 10750 10749 988 2085785508 1291321 960562
1 10 10132 10129 947 2096370302 1282221 960559
6 14 10788 10786 649348 2093768312 4975833 1014923
9 3 10734 10732 406 2099869676 1402980 960516
6 15 10307 10307 12912 2098812096 2593901 961562
8 7 10732 10732 37086 2100187804 1486214 963592
10 0 10575 10573 1753556 2107202106 1676337 1107499
8 2 10295 10294 18096 2112333070 1295485 962000
11 3 10819 10819 369474 2113352554 1297786 991458
13 1 10080 10076 61575 2120639558 1189446 965644
3 8 10065 10064 1476 2122913376 1292733 960605
9 2 10797 10797 16166640 2123417256 2620187 2315892
14 2 10723 10719 356858 2138013824 1209227 990399
3 13 10971 10970 121970 2140185752 1221979 970706
0 12 10367 10364 969 2151116458 1181046 960561
13 7 10318 10316 21341 2152248406 1326094 962271
11 1 10393 10391 2188 2152330138 1398058 960666
7 11 10763 10760 1804 2154576436 1463284 960632
0 10 10478 10477 501881 2078910114 86374043 1002558
8 7 10733 10732 691422 2164799320 1383388 1018451
5 8 10353 10350 943 2167859418 1458711 960559
11 5 10557 10552 3967595 2187362382 2172817 1293124
14 1 10549 10546 30914 2202304568 1241056 963072
1 15 10842 10839 546 2211497950 1482100 960527
11 0 10169 10163 28301 2219392440 1410521 962855
0 11 10631 10628 1820 2270011464 1404124 960633
13 3 10250 10248 127206 2284553752 1268653 971148
12 2 10037 10035 1739 2295185742 1237518 960626
6 8 10151 10147 1243 2296495632 1186588 960587
12 4 10836 10833 283062 2310466504 1492176 984215
11 3 10821 10819 2677 2316034606 1237674 960705
10 3 10161 10157 357853 2316616224 1517222 990482
8 5 10250 10244 266 2334915084 1404477 960505
2 13 10358 10352 194 2352996018 1484324 960499
11 6 10581 10579 501861 2368222418 1520151 1002556
9 0 10184 10176 902 2370245626 1239693 960556
5 15 10928 10923 728 2372883168 1237973 960542
11 1 10396 10391 252619 2375224290 1258649 981661
15 2 10486 10481 244919 2384238048 1505938 981014
4 10 10939 10930 4945 2396082612 1407978 960894
14 5 10593 10592 156795 2413049064 1371282 973626
10 0 10578 10573 848 2417180866 1402964 960551
8 0 10755 10749 24321 2418366100 1323264 962521
11 3 10823 10819 1369759 2421361094 1354180 1075321
10 0 10579 10573 14697 2429696970 1239017 961713
14 4 10476 10471 9712053 2429877122 2367431 1774742
3 15 10857 10850 241 2475262926 1237901 960503
14 5 10597 10592 6001 2495884160 1404196 960986
4 9 10938 10931 802 2495933444 1486515 960548
9 4 10663 10656 432127 2532361402 1309601 996712
13 7 10322 10316 2532105 2546363262 1703079 1172775
11 5 10561 10552 3504 2547037820 1319657 960775
12 7 10840 10831 3883 2552320052 1237754 960806
1 13 10228 10218 965 2562763820 1409388 960561
8 4 10592 10584 9047 2573221870 1487922 961242
11 6 10585 10579 6370 2657682942 1371144 961016
11 7 10460 10452 165720 2665755738 1251722 974375
14 0 10292 10280 8569972 2705955868 2198142 1678986
12 1 10637 10628 187080 2719376092 1271351 976168
11 6 10587 10579 1902 2728758810 1485008 960639
11 0 10177 10163 29604 2762333822 1390064 962963
9 2 10804 10797 520 2764276434 1237216 960525
7 14 10696 10684 812 2776147482 1239121 960548
10 1 10763 10755 2591219 2782783924 1559010 1177730
12 2 10043 10035 5280215 2788865574 2695298 1403176
11 0 10179 10163 934 2803370974 1403462 960558
15 1 10497 10482 19211 2803522848 1321115 962093
10 2 10070 10051 2209 2806251302 1601091 960668
10 7 10134 10125 8830 2811239276 1320014 961220
9 3 10740 10732 86838218 2555234250 263185765 8240999
11 1 10401 10391 20282747 2813385978 6742474 2660986
0 10 10493 10477 348 2822907454 1402909 960511
9 5 10984 10967 565 2826709310 1436862 960529
8 2 10302 10294 611 2831236014 1237671 960532
12 3 10757 10747 434 2841525978 1373014 960518
10 2 10071 10051 123581 2845285110 1539189 970842
12 3 10758 10747 336 2852450434 1403126 960510
3 11 10073 10063 3810 2855444236 2660430 960800
14 3 10124 10113 189245 2866342356 1422488 976349
15 4 10726 10712 2506 2877627798 1403836 960692
4 8 10454 10437 1997 2897191896 1241314 960647
15 3 10320 10304 345 2909561650 1237593 960511
8 1 10380 10368 3122 2912800790 1403382 960745
3 8 10078 10064 573 2914720852 1485432 960529
2 10 10416 10400 2914 2992485088 1326659 960724
0 9 10566 10553 323 3010003598 1397646 960509
3 11 10074 10063 424 3040984110 1320518 960517
6 15 10324 10307 538 3044351370 1405073 960526
2 11 10913 10891 314 3073813246 1239827 960508
3 11 10076 10063 949 3121713964 1321262 960559
4 11 10740 10720 673 3122961566 1240432 960537
8 1 10385 10368 1566 3129461450 1403662 960612
8 7 10748 10732 14244626 3136669440 3307625 2154750
8 1 10386 10368 6309 3146319822 1484446 961011
12 1 10643 10628 223224 3149627924 1264879 979198
8 3 10249 10232 1879 3180820626 1319871 960638
5 8 10370 10350 1939 3188674370 1244991 960642
14 3 10130 10113 7818 3206529830 1404349 961136
9 1 10256 10240 15436668 3211629544 4903964 2254691
10 0 10595 10573 8250 3216579914 1238394 961174
15 5 10206 10182 1514 3231685798 1486027 960608
8 4 10601 10584 757 3244699360 1319318 960544
13 0 10905 10888 790 3254071520 1319377 960547
8 0 10772 10749 69521 3261458984 1386848 966310
13 7 10334 10316 2317 3306057108 1398481 960676
11 5 10576 10552 563659 3314615616 1421422 1007738
8 0 10773 10749 35347 3345487644 1351306 963446
15 6 10644 10621 901 3358047834 1237428 960555
5 11 10620 10588 422 3383283630 1405791 960517
5 10 10978 10956 1440 3429059056 1323598 960602
1 9 10420 10400 753 3503527548 1241079 960544
12 5 10952 10925 640 3504855852 1319129 960535
11 6 10602 10579 31787739 3481470242 27027180 3625565
1 12 11019 10998 283746 3357740882 155965159 984270
1 15 10871 10839 67589 3391904532 121898447 966148
12 1 10650 10628 241703 3514722366 1446197 980745
4 10 10955 10930 728 3542355162 1405381 960542
3 14 10928 10902 557 3548424194 1323610 960528
13 7 10342 10316 581333 3554626068 1638509 1009221
5 14 10459 10439 6742 3556592300 3754250 961046
2 8 10556 10526 7998 3568801372 1269844 961150
10 4 11018 10999 1035507 3572575218 1491965 1047298
15 4 10734 10712 141221 3589265930 1426267 972322
3 9 10043 10020 125746 3554104796 42824632 971023
9 6 10671 10639 1082 3610318406 1485291 960574
12 5 10955 10925 9582907 3629335574 3855286 1763911
12 4 10856 10833 235983 3643762438 1281247 980264
12 6 10902 10873 34319919 3592336226 55451426 3837862
14 1 10571 10546 58141023 3616487750 49786059 5835027
12 2 10058 10035 2969650 3681399826 1493648 1209456
1 15 10874 10839 259662 3597994242 85316566 982251
5 10 10983 10956 5860 3689565326 4994671 960971
7 15 10405 10383 2432 3712070370 1341911 960686
12 2 10060 10035 748 3741705332 1458607 960543
14 6 10969 10944 2435851 3744191630 1655728 1164702
13 7 10347 10316 34 3749698614 1499952 960486
3 12 10271 10238 966 3755668726 1328093 960561
15 5 10215 10182 129139 3769664870 1138220 971310
10 7 10157 10125 11474230 3765527812 11158877 1922482
5 11 10627 10588 1302 3791301432 1132519 960591
9 3 10752 10732 5962 3796858610 1320226 960980
8 1 10394 10368 583 3805218630 1292430 960530
8 5 10285 10244 31035736 3750914208 57981596 3562517
3 13 10990 10970 31070 3797184406 19736276 963088
8 2 10317 10294 1291713 3816631496 1510338 1068778
13 5 10254 10229 1991 3823351138 1319274 960646
7 11 10792 10760 3953 3832342514 3854638 960811
2 10 10426 10400 31237 3815318846 22861982 963101
14 2 10738 10719 31931417 3764137150 79369070 3637612
10 1 10778 10755 190137 3857909530 1145063 976424
9 4 10685 10656 3196 3863881204 1292870 960751
14 6 10972 10944 25027324 3860843020 4672992 3058773
11 5 10582 10552 6727977 3872823682 1889528 1524553
0 11 10651 10628 1011638 3471238118 409359129 1045297
14 6 10973 10944 12936664 3880506462 2795606 2045091
15 4 10736 10712 32843 3905130726 1296048 963234
14 1 10579 10546 53235 3907630318 1299225 964946
12 7 10863 10831 150393 3920934038 1325203 973091
13 6 10720 10700 456694 3922678254 1183807 998770
11 4 10395 10359 17860896 3919774620 9512967 2457937
13 7 10351 10316 1436256 3934300736 1491153 1080898
14 4 10496 10471 252257 3940299044 1321437 981632
5 12 10691 10657 851 3942054068 1128951 960551
14 4 10497 10471 22253 3945820298 1487617 962348
11 7 10479 10452 9253 3951318436 1128016 961258
10 7 10161 10125 107 3958791596 1292475 960492
13 6 10721 10700 11310 3965939304 1459980 961430
11 4 10397 10359 89118 3971649824 1136093 967955
15 3 10327 10304 115616 3975134544 1304784 970174
13 3 10278 10248 553 3981643498 1458441 960528
0 15 10960 10916 42009 3952096776 31352645 964005
8 1 10395 10368 445750 3984947026 1521595 997852
4 9 10960 10931 5571 3987990982 3417446 960948
14 2 10743 10719 11871 3993906040 1129635 961475
5 10 10988 10956 244111 3929112702 106020414 980949
14 1 10580 10546 60651717 3913189960 129240524 6045521
6 13 10313 10281 268836 3923869114 123565375 983019
3 9 10040 10020 974775 3458305200 611097723 1042206
7 10 10530 10495 294911 3833980378 238948454 985205
5 9 10718 10686 159915 3987014200 106595306 973887
14 0 10311 10280 183738092 3976255342 182464785 16365085
0 11 10664 10628 423492 3980923992 182263850 995987
10 2 10094 10051 89710640 3951544458 211930982 8481821
7 12 11008 10984 1030766 3432007262 731795220 1046900
7 10 10528 10495 1020127 3656412962 514871548 1046010
5 14 10465 10439 559557 3848393212 431577528 1007394
0 15 10945 10916 883586 3426385508 893689358 1034561
3 14 10924 10902 810779 3497744426 1324275305 1028456
1 11 10131 10108 1752195 3915416612 906989845 1107387
1 13 10254 10218 961227 3871944642 951513314 1041072
5 13 10884 10858 1655985 3370107616 1457872412 1099317
2 11 10927 10891 1801071 3580235698 1248441466 1111485
6 12 10619 10619 3629075 2046645238 2782549019 1264745
1 9 10408 10400 6831757 2560538016 2271547732 1533255
1 9 10401 10400 32907038 2094702782 2738085183 3719409
3 10 10482 10457 1340013 3666954152 1166484320 1072830
3 8 10064 10064 11950833 2042942676 2790702595 1962438
1 10 10152 10129 8357931 3814004330 1020188548 1661209
7 11 10791 10760 1235476 3828676588 1006523979 1064064
3 12 10267 10238 1224970 3442601950 1395433029 1063181
3 11 10068 10063 3546049 2542401254 2296737651 1257784
6 11 10460 10431 4350856 3655752560 1183712357 1325256
3 9 10050 10020 2317932 3818406274 1021788789 1154815
6 12 10639 10619 1059066 3640378414 1200211027 1049275
3 14 10935 10902 3115407 3930326704 911003065 1221678
3 12 10273 10238 12768901 3948125696 895237755 2031025
7 8 10132 10103 1641430 3721553190 1127817825 1098099
5 14 10458 10439 1513469 3455152540 1401665909 1087371
7 12 11007 10984 4059871 3414401530 1443883899 1300860
1 14 10534 10512 2360848 3406117008 1453406391 1158414
6 15 10316 10307 7658242 2416275690 2443767131 1602549
1 14 10545 10512 3358496 3911801978 949519553 1242058
1 8 10179 10156 3529092 3747307076 1115719854 1256362
3 14 10933 10902 12741126 3670974478 1192392686 2028699
2 15 10926 10919 11942266 2235382324 2631955997 1961722
7 10 10524 10495 8281378 3600954998 1268896083 1654793
2 12 10317 10283 19550902 3918701712 951609542 2599628
7 12 10984 10984 55715103 2036717530 2834866357 5631637
5 14 10442 10439 3964334 2172970922 2699405472 1292852
1 9 10410 10400 6660280 2836011648 2038607241 1518880
5 14 10466 10439 3929780 3893407966 982865054 1289953
2 13 10353 10352 20595292 2076613142 2804975825 2687192
3 11 10079 10063 16896386 3413296190 1468498416 2377075
7 8 10140 10103 18742243 3985048804 896925411 2531832
7 8 10138 10103 17170082 3897147356 987092015 2400023
6 14 10786 10786 49375864 2025273218 2865004959 5100152
1 8 10156 10156 21957588 2215867036 2682143352 2801405
1 12 11006 10998 26171925 2684210612 2233252645 3154734
6 9 10912 10881 143643025 3766862124 1175449560 13003514
5 13 10861 10858 19076669 2256776936 2694015704 2559869
6 8 10149 10147 223526359 2096371002 2861924121 19700932
6 11 10463 10431 325503877 3806506188 1151896436 28250725
5 15 10930 10923 90237094 2407540524 2622116312 8525961
2 14 10811 10807 66627938 2214638308 2817230092 6546566
3 9 10022 10020 754794928 2184090724 2951978728 21292814
