5 15 10923 10923 90079 2000800838 1207827 1207955
15 5 10182 10182 509163 2000816460 1242610 1243091
5 9 10686 10686 600 2002075710 1200270 1200451
10 1 10755 10755 2146 2003720122 1200528 1200583
2 8 10526 10526 42500 2003732856 1203876 1203965
10 2 10051 10051 4753 2004380122 1200743 1200799
6 9 10881 10881 102513 2005441948 1208857 1208996
6 8 10147 10147 1420331 2006162704 1318341 1319483
1 10 10129 10129 18993065 2004998828 2777042 2792782
10 5 10204 10204 31369 2007251870 1205473 1203032
10 3 10157 10157 3024908 2007087806 1458286 1454008
1 10 10130 10129 242214 2008728290 1220631 1220710
12 6 10873 10873 1046 2009403652 1200439 1200491
8 6 10152 10152 6654 2009680858 1201453 1200959
9 0 10176 10176 6646 2010048686 1202286 1200958
15 5 10183 10182 21300 2010446104 1203858 1202188
9 6 10639 10639 18411491 2009523378 2729073 2744021
14 2 10719 10719 3093 2012383690 1283076 1200662
2 13 10352 10352 69513 2012575902 1206401 1206229
3 15 10850 10850 4124571 2013380784 1554764 1546205
14 1 10546 10546 3643401 2012088998 3929871 1505865
4 10 10930 10930 1920 2015462012 1200646 1200561
0 12 10364 10364 40809628 2012066622 4711372 4621880
0 14 10952 10952 853340 2015472988 1323658 1271946
13 7 10316 10316 832162 2015655114 1278613 1270171
9 1 10240 10240 13562198 2011873678 5163084 2337457
9 4 10656 10656 44007 2015870346 1204027 1204093
9 3 10732 10732 2366 2015936536 1200574 1200600
3 12 10238 10238 119451 2016682656 1210462 1210416
9 5 10967 10967 488 2017156972 1200388 1200442
0 11 10628 10628 96478 2017601158 1208928 1208490
2 10 10400 10400 2311799 2017604224 1392410 1394222
2 9 10769 10769 230220 2019431218 1219597 1219704
8 5 10244 10244 38831 2019505118 1203611 1203656
5 11 10588 10588 53917 2019812242 1204965 1204920
3 11 10063 10063 622336 2019824950 1252140 1252579
10 5 10205 10204 111772 2020582648 1209665 1209771
0 8 10277 10277 59287 2021256770 1205845 1205373
0 13 10513 10513 128220 2022927390 1210992 1211152
12 5 10925 10925 3350 2023949654 1200924 1200683
6 10 10641 10641 16427 2023979396 1248025 1201779
3 9 10020 10020 2567 2024383706 1215720 1200616
1 12 10998 10998 216762 2024516406 1321589 1218574
0 8 10278 10277 63999 2026107534 1208468 1205765
12 1 10628 10628 8383519 2021502234 6786520 1903276
14 7 10450 10450 52727 2025589784 2786461 1204821
8 6 10153 10152 5817 2027486348 1200871 1200888
5 14 10439 10439 643 2027272218 1445713 1200455
14 0 10280 10280 4558388 2025076980 3648713 1582577
3 14 10902 10902 4736328 2026298410 4113189 1597496
11 2 10913 10913 377464 2030461546 1231878 1232048
7 14 10684 10684 685722 2030734160 1342524 1257892
12 3 10747 10747 225 2030993408 1200331 1200421
10 6 10889 10889 11681 2031221150 1201745 1201380
5 11 10589 10588 5590 2031336778 1201012 1200870
3 11 10064 10063 2020 2031837778 1200707 1200573
2 10 10401 10400 37750 2032226518 1206466 1203565
11 5 10552 10552 34202 2032452370 1203950 1203270
4 13 10738 10738 28458 2032514258 1204092 1202788
5 15 10924 10923 767344 2034284660 1264333 1264736
12 1 10629 10628 1854 2035118404 1205383 1200556
14 7 10452 10450 1235567 2033734150 2614752 1303991
0 12 10365 10364 18381918 2034713108 2870796 2741540
7 11 10760 10760 196688 2036446786 1314952 1216891
13 6 10701 10700 91568 2036659006 1332387 1208078
14 2 10720 10719 3197 2038876672 1200800 1200671
14 2 10721 10719 201769 2040250994 2562320 1217317
14 6 10945 10944 69521 2040440848 2641722 1206230
5 8 10350 10350 11510 2043686996 1280946 1201366
1 15 10839 10839 602347 2043744878 1332021 1250903
3 8 10064 10064 11950833 2042942676 2273961 2202358
12 5 10927 10925 1359 2044093594 1298281 1200516
8 0 10749 10749 7500 2044348318 1220932 1201030
14 6 10946 10944 957646 2043181066 2719402 1280690
4 15 10354 10354 1741570 2044792044 1345121 1346414
14 1 10547 10546 147148 2043700554 2504328 1212740
9 6 10640 10639 41481 2043889292 2487432 1203879
11 0 10164 10163 2039 2046187956 1223130 1200574
1 13 10218 10218 4068882 2045899716 1627552 1541535
6 12 10619 10619 3629075 2046645238 1687189 1504665
3 11 10065 10063 238 2047423380 1200208 1200422
6 8 10148 10147 120712 2047637796 1210556 1210521
7 12 10984 10984 55715103 2036717530 12461076 5871557
10 4 10999 10999 13754507 2033970758 16024792 2353579
11 0 10165 10163 1726565 2046456562 3572644 1345156
1 9 10400 10400 8496 2049862600 1230403 1201114
8 5 10245 10244 608360 2050064450 1276403 1251407
11 0 10166 10163 47392 2050515014 1237219 1204375
1 15 10840 10839 55314 2050584770 1305175 1205040
2 15 10919 10919 87920 2050678158 1289978 1207771
6 11 10431 10431 4137 2051478762 1206892 1200750
1 14 10512 10512 203675 2052153908 1225272 1217477
2 11 10892 10891 2016168 2052015098 1375757 1369438
8 1 10368 10368 308245 2051141352 2508924 1226246
7 13 10935 10935 248625 2052515910 1241512 1221246
8 1 10369 10368 29636 2051459574 2485502 1202886
4 9 10931 10931 117411 2053023712 1215217 1210246
10 4 11000 10999 2974641 2051526404 2750237 1449795
9 7 10759 10759 159063 2053642682 1215462 1213739
4 8 10437 10437 2546682 2053653828 1626415 1413915
13 1 10076 10076 29451534 2039869994 15886906 3669618
0 8 10279 10277 564890 2056031478 1299277 1247760
4 12 10284 10284 110641 2056227594 1209825 1209677
5 9 10687 10686 2680 2056498300 1200600 1200625
11 5 10553 10552 13043 2058666474 1291859 1201497
14 7 10453 10450 1402 2060629360 2641153 1200519
8 3 10232 10232 21973 2068266004 1286354 1202242
2 10 10402 10400 6475 2069176034 1355509 1200944
10 4 11001 10999 289483 2070677432 1333578 1224672
0 10 10477 10477 32591 2068194918 5160570 1203134
13 1 10078 10076 906 2072137230 1282541 1200476
15 5 10184 10182 45023506 2055119094 20582106 4975172
14 3 10113 10113 403 2084736304 1446614 1200436
1 10 10132 10129 947 2096370302 1364670 1200479
0 12 10367 10364 969 2151116458 1446810 1200481
2 11 10893 10891 121 2213373452 1446681 1200413
7 11 10764 10760 1131 2253048138 1447161 1200498
2 13 10357 10352 1964 2307740784 1529011 1200564
8 0 10752 10749 688 2309366668 1528856 1200458
8 1 10373 10368 984 2344523954 1528853 1200482
