5 15 10923 10923 90079 2001601676 1207926 1207955
15 5 10182 10182 509163 2001632922 1243129 1243091
5 9 10686 10686 600 2004151420 1200280 1200451
10 1 10755 10755 2146 2007440244 1200540 1200583
2 8 10526 10526 42500 2007465714 1203928 1203965
10 2 10051 10051 4753 2008760246 1200756 1200799
6 9 10881 10881 102513 2010883896 1208973 1208996
1 10 10129 10129 18993065 2009997658 2795799 2792782
6 8 10147 10147 1420331 2012325410 1319796 1319483
10 3 10157 10157 3024908 2014175614 1454449 1454008
10 5 10204 10204 31369 2014503744 1203020 1203032
1 10 10130 10129 242214 2017456584 1220850 1220710
12 6 10873 10873 1046 2018807304 1200486 1200491
8 6 10152 10152 6654 2019361716 1201462 1200959
9 0 10176 10176 6646 2020097376 1202300 1200958
9 6 10639 10639 18411491 2019046758 2747777 2744021
15 5 10183 10182 21300 2020892212 1203880 1202188
2 13 10352 10352 69513 2025151808 1206550 1206229
9 1 10240 10240 13562198 2023747362 3863210 2337457
3 15 10850 10850 4124571 2026761568 1560232 1546205
4 10 10930 10930 1920 2030924026 1200650 1200561
0 14 10952 10952 853340 2030945976 1335870 1271946
13 7 10316 10316 832162 2031310228 1270261 1270171
9 4 10656 10656 44007 2031740700 1204073 1204093
9 3 10732 10732 2366 2031873082 1200571 1200600
3 12 10238 10238 119451 2033365314 1210616 1210416
9 5 10967 10967 488 2034313956 1200299 1200442
0 11 10628 10628 96478 2035202318 1269164 1208490
2 10 10400 10400 2311799 2035208454 1394742 1394222
2 9 10769 10769 230220 2038862442 1219880 1219704
8 5 10244 10244 38831 2039010236 1203646 1203656
5 11 10588 10588 53917 2039624484 1204978 1204920
3 11 10063 10063 622336 2039649902 1252768 1252579
10 5 10205 10204 111772 2041165300 1209746 1209771
0 8 10277 10277 59287 2042513542 1227624 1205373
0 13 10513 10513 128220 2045854784 1295901 1211152
12 5 10925 10925 3350 2047899310 1254704 1200683
6 10 10641 10641 16427 2047958794 1215387 1201779
3 9 10020 10020 2567 2048767416 1230791 1200616
1 12 10998 10998 216762 2049032818 1341645 1218574
14 7 10450 10450 52727 2051179576 4282578 1204821
6 14 10787 10786 7335 2058371712 1503110 1201017
7 14 10684 10684 685722 2061468322 1398896 1257892
2 10 10401 10400 37750 2064453044 1208013 1203565
11 5 10552 10552 34202 2064904742 1276993 1203270
4 13 10738 10738 28458 2065028520 1259294 1202788
15 0 10675 10675 379033189 2012896136 53867259 32978545
10 6 10889 10889 11681 2062442306 5515144 1201380
13 6 10700 10700 95537729 2042125620 26334655 9210284
14 7 10452 10450 1235567 2067468310 1526861 1303991
5 15 10924 10923 767344 2068569326 1395023 1264736
12 1 10629 10628 1854 2070236814 1315547 1200556
0 12 10365 10364 18381918 2069426222 2915909 2741540
7 11 10760 10760 196688 2072893576 1316795 1216891
8 0 10749 10749 7500 2088696638 1310679 1201030
4 15 10354 10354 1741570 2089584094 1513496 1346414
4 8 10437 10437 2546682 2107307664 1687510 1413915
13 1 10078 10076 906 2144274466 1366972 1200476
14 0 10281 10280 1793451 2141254066 16778644 1350765
8 0 10750 10749 988 2171571028 1283826 1200482
7 13 10937 10935 27934 2172453238 1369594 1202742
15 5 10185 10182 3997 2174727458 1479970 1200735
7 12 10985 10984 71593 2176130550 1373292 1206403
9 4 10658 10656 9206 2177510760 2567778 1201174
5 9 10688 10686 10411 2182112536 1201518 1201275
12 6 10875 10873 155611 2183808724 1219969 1213447
6 14 10788 10786 649348 2187536632 1254918 1254843
15 5 10186 10182 2550 2188709540 1200984 1200615
7 15 10383 10383 18124607 2187687344 4516752 2719968
7 11 10762 10760 35608061 2186686524 6475512 4185783
1 9 10401 10400 32907038 2189405580 4030466 3959329
14 7 10454 10450 9559 2192428732 1208334 1201203
1 10 10132 10129 947 2192740622 1266375 1200479
12 6 10876 10873 10046 2193474158 1230076 1201245
9 0 10177 10176 1799 2194282048 1200700 1200551
4 11 10721 10720 2301 2196549426 1260060 1200595
7 10 10496 10495 64715138 2190263836 7714262 6626120
9 3 10734 10732 406 2199739378 1283420 1200436
2 12 10284 10283 382546 2202964878 1414448 1232474
0 9 10553 10553 2848 2204963176 1283855 1200639
6 15 10308 10307 37797 2232187006 1286897 1203569
8 3 10233 10232 2003 2231598888 2567954 1200571
3 10 10457 10457 9228 2235236518 1284693 1201176
3 8 10065 10064 1476 2245826764 1283793 1200525
5 9 10690 10686 341 2249272838 1283919 1200431
3 10 10458 10457 23310 2262381642 1285802 1202356
3 12 10239 10238 422241 2263075780 1315516 1235803
6 9 10882 10881 22736672 2261817052 3288006 3106643
11 7 10453 10452 156404 2274297364 1291706 1213515
12 7 10832 10831 2920912 2275385220 1846815 1445289
14 2 10723 10719 356858 2276027674 2691359 1230319
3 13 10971 10970 121970 2280371520 1279661 1210626
13 3 10249 10248 15020 2280942286 1270324 1201663
12 6 10877 10873 122579085 2238596520 43699882 11477434
6 13 10282 10281 51165 2281691638 1205066 1204692
6 11 10434 10431 4838137 2284244350 1616552 1606032
2 12 10287 10283 15072377 2283728882 2476290 2464070
10 2 10052 10051 64011 2285277116 1205989 1205770
3 9 10021 10020 355 2285474670 1200270 1200432
6 10 10642 10641 6867 2286788620 1201128 1200976
13 2 10651 10649 724133 2287139376 1261191 1261114
0 15 10917 10916 2248308 2287514594 1398486 1388900
6 9 10883 10881 794394 2288750228 1267248 1267004
5 10 10956 10956 11174 2292282172 1201522 1201340
4 9 10932 10931 325996 2294333122 1228536 1227731
4 15 10355 10354 941731 2294948320 1282872 1279355
11 4 10360 10359 28328 2296377082 1203898 1202777
6 12 10620 10619 31083 2296807318 1204427 1203009
0 12 10367 10364 969 2302232936 1200712 1200481
3 12 10240 10238 13500293 2301533034 2334606 2332267
12 3 10749 10747 7754 2303298132 1201008 1201051
2 14 10809 10807 50354 2303336098 1204718 1204624
11 0 10168 10163 32192 2303610826 1203089 1203102
13 7 10318 10316 21341 2304496834 1202151 1202191
11 1 10393 10391 2188 2304660296 1200627 1200586
5 15 10925 10923 1302968 2304796394 1315508 1309640
0 15 10918 10916 482688 2306935790 1243102 1240869
4 8 10439 10437 188630 2308173592 1216379 1216216
15 3 10304 10304 15542 2308259790 1205451 1201704
7 11 10763 10760 1804 2309152886 1200731 1200552
15 7 10041 10040 8405043 2307807338 3319726 1905082
5 15 10926 10923 61992 2310467100 1206156 1205597
3 14 10904 10902 30438 2316940306 1203212 1202954
7 10 10499 10495 15647112 2316531514 2515020 2512257
13 1 10082 10076 25328633 2315937536 5865062 3323954
7 9 10126 10126 1585750 2323179668 1333750 1333350
5 8 10352 10350 793 2325191614 1200502 1200467
9 3 10735 10732 1374 2326636342 1200484 1200517
1 14 10514 10512 188533 2328446346 1217726 1216208
15 5 10187 10182 362749433 2194518250 135364754 31613314
8 7 10733 10732 691422 2329598658 1287492 1258371
1 9 10403 10400 265317 2330364212 1241949 1222646
1 15 10841 10839 25653 2330950208 1203007 1202552
1 14 10515 10512 4980 2333163200 1201073 1200817
8 6 10154 10152 141969 2334209360 1218229 1212302
5 8 10353 10350 943 2335718862 1200557 1200479
14 6 10947 10944 18708 2336193324 1202676 1201969
0 15 10919 10916 52068 2337695794 1371976 1204768
11 4 10361 10359 46374 2338620424 1206161 1204290
0 12 10368 10364 12285 2339224094 1370451 1201432
15 0 10678 10675 18860237 2329539254 11286835 2781645
15 1 10484 10482 372126540 2230018082 111011550 32399490
9 1 10242 10240 19561 2343486522 1287904 1202041
8 6 10155 10152 12931 2340811726 5138872 1201484
5 14 10442 10439 3964334 2345941874 1624659 1532772
5 12 10659 10657 2013704 2347854462 1453018 1369230
11 5 10556 10552 19406942 2340707476 18100882 2827478
8 3 10234 10232 267 2367147158 1308882 1200425
8 6 10156 10152 48781 2368279414 1289696 1204490
15 5 10188 10182 24320919 2367239556 3363744 3239466
13 0 10888 10888 260356069 2325385002 45440016 23028656
14 0 10283 10280 49009 2373642462 1276549 1204512
8 1 10370 10368 17803 2373785800 1260760 1201893
4 10 10932 10930 121164931 2344815092 30818736 11358868
11 5 10557 10552 3967595 2374724786 1533736 1533044
5 8 10355 10350 1841 2376653372 1200552 1200554
3 11 10066 10063 9437268 2376285416 1993166 1991623
2 14 10810 10807 27118634 2353916556 26220786 3474027
8 1 10371 10368 1509 2379956502 1200619 1200528
6 11 10435 10431 11300 2380033304 1201308 1201350
13 7 10319 10316 12915159 2384200402 2307235 2283210
3 10 10459 10457 60200 2386659766 1229735 1205450
12 6 10878 10873 1594832 2387475374 1509583 1334111
14 6 10948 10944 5483345 2387327216 1833617 1660126
12 0 10747 10747 10051 2389458300 1240023 1201246
5 14 10443 10439 25049 2391354892 1243043 1202503
7 10 10500 10495 36147 2391547052 1243381 1203433
3 15 10852 10850 5334 2391705770 1241025 1200849
5 11 10591 10588 88508165 2384971188 8677604 8620927
9 6 10642 10639 4665995 2392933534 1592435 1591597
4 12 10287 10284 209589 2394409106 1275986 1217973
5 11 10592 10588 17478 2395132494 1201932 1201867
14 3 10116 10113 8922 2395423520 1201986 1201148
13 5 10231 10229 9415 2396968284 1201354 1201191
13 2 10652 10649 9602 2397445856 1201498 1201206
0 10 10480 10477 576 2397541670 1200512 1200449
2 15 10925 10919 457910 2400865914 1278396 1238791
15 7 10042 10040 13928 2401860976 1203168 1201568
13 1 10083 10076 16434 2402239018 1204097 1201780
11 2 10915 10913 8939 2402897948 1285158 1201149
0 15 10921 10916 195695 2405411532 1300209 1216808
1 12 10999 10998 411829 2425466796 1355227 1234928
2 14 10811 10807 66627938 2429276650 12477321 6786486
5 13 10860 10858 25774 2441162424 1452671 1202561
6 14 10791 10786 10115 2457900318 1298580 1201251
3 9 10023 10020 30464 2461134468 1369671 1202956
10 7 10125 10125 124591 2471020502 1294360 1210847
1 8 10157 10156 480 2471156364 1283899 1200442
13 0 10890 10888 23918 2479252268 1367966 1202405
15 1 10486 10482 1934 2480222264 1313440 1200562
9 4 10659 10656 35691 2480914096 1286745 1203393
13 2 10653 10649 2012 2481549834 1223743 1200572
13 5 10232 10229 66865137 2447113300 37331429 6806376
6 11 10437 10431 370633 2484004360 1231634 1231475
4 13 10740 10738 6041531 2485921054 1708027 1706923
13 6 10703 10700 61537 2486622572 1205801 1205561
15 2 10481 10481 9518 2487222860 1201158 1201199
6 15 10311 10307 10621 2488487246 1201250 1201291
12 3 10750 10747 197198186 2394545710 95648124 17733499
0 9 10555 10553 1982061 2489305250 1533335 1366579
0 11 10630 10628 17940038 2489200576 2873820 2704496
9 6 10643 10639 18605 2493699632 1201920 1201961
8 2 10297 10294 35052 2494074440 1203304 1203342
15 1 10487 10482 3377 2494773262 1200642 1200685
3 15 10854 10850 2233 2495795236 1200726 1200590
6 14 10792 10786 119251 2496408274 1210836 1210400
5 11 10595 10588 8883 2496768298 1201932 1201145
5 11 10596 10588 149072 2497577476 1225450 1212901
12 6 10880 10873 406 2499245678 1235107 1200436
13 1 10084 10076 52902 2505569910 1292448 1204835
7 11 10764 10760 1131 2506096294 1283680 1200498
1 9 10404 10400 57483411 2498393806 10382976 6019811
9 2 10800 10797 2131 2508309022 1200730 1200582
15 5 10189 10182 22289 2510168638 1202598 1202271
15 3 10305 10304 1547666 2511351958 1333574 1330157
12 5 10928 10925 265833 2515707412 1277238 1222688
12 6 10881 10873 678 2515884822 1257486 1200458
5 13 10861 10858 19076669 2513553916 4469822 2799789
15 0 10679 10675 71 2517002484 1283291 1200409
4 8 10440 10437 189379 2518919386 1301086 1216279
5 10 10959 10956 19853 2519466124 1286771 1202065
1 9 10405 10400 7631 2522877372 1285080 1201041
9 6 10644 10639 701 2524762754 1283309 1200459
10 0 10576 10573 18559 2529674452 1285188 1201957
10 2 10053 10051 95940 2535986716 1295729 1208443
14 0 10286 10280 1864 2536061910 1287703 1200556
10 2 10054 10051 1842739 2554618154 1512463 1354896
5 8 10356 10350 62621 2553721106 6804143 1205651
7 11 10765 10760 705 2581194448 1286789 1200460
0 11 10632 10628 14772 2581302060 5311337 1201639
12 2 10037 10035 1739 2590371518 1330985 1200546
11 7 10457 10452 1825 2593519000 1367489 1200553
2 13 10357 10352 1964 2615481618 1348235 1200564
4 12 10289 10284 21838 2630192386 2737730 1202231
6 15 10313 10307 404 2644695996 1412596 1200436
6 11 10439 10431 29866 2678507366 3860810 1202904
2 11 10896 10891 1512617 2676792338 8368778 1327219
1 13 10222 10218 30347 2686311232 1379920 1202946
8 1 10373 10368 984 2689047954 1367408 1200482
5 11 10598 10588 6881830 2683592894 8430764 1777373
5 10 10962 10956 14819 2697480008 2600896 1201643
15 1 10489 10482 1136248 2700618932 1497443 1295665
2 13 10358 10352 194 2705992094 1367163 1200419
14 0 10287 10280 2468 2727424656 1367270 1200608
5 15 10928 10923 728 2745766396 1367169 1200462
4 15 10360 10354 3895 2805775138 1367467 1200726
13 2 10655 10649 35350 2840020250 1369975 1203366
8 4 10587 10584 1025783 2855219606 1539168 1286402
4 12 10292 10284 709 2860706532 1366822 1200460
14 5 10595 10592 1098 2862666788 1367135 1200495
4 11 10729 10720 236497 2857646992 15205890 1220229
10 6 10894 10889 1616 2883958208 1284134 1200536
7 13 10941 10935 15851537 2838860464 49486911 2529394
5 14 10446 10439 46734 2887217228 1287682 1204319
12 1 10635 10628 20833480 2888592678 3059899 2947080
9 4 10661 10656 2812982 2891615916 1519894 1436240
6 9 10885 10881 5570992 2890211080 3035378 1667472
7 11 10768 10760 830 2892724672 1283556 1200470
1 14 10520 10512 382835 2892536886 1476332 1232497
9 6 10649 10639 26349 2894698226 1321942 1202611
12 3 10753 10747 142231 2903597254 5306602 1212327
13 1 10087 10076 31989374 2911432716 4654676 3882391
9 1 10247 10240 92153 2914792588 1301148 1208129
7 10 10501 10495 88354343 2591962106 327071668 8608030
2 14 10814 10807 595486 2917664364 1433814 1250327
12 3 10754 10747 266322 2918875748 1306871 1222731
0 13 10518 10513 1063513 2920077930 1462932 1289566
8 4 10588 10584 865 2921203248 1283806 1200473
2 8 10532 10526 24632939 2904160626 18827270 3265625
2 9 10771 10769 435 2922634104 1329055 1200438
0 8 10283 10277 258618 2922992980 1309450 1222084
9 1 10248 10240 684 2923378982 1222335 1200458
12 6 10884 10873 1232 2923750468 1251493 1200506
12 3 10755 10747 91746 2924359748 1291803 1208092
6 11 10440 10431 3655912 2924292696 1590838 1506912
15 3 10311 10304 39808 2924801518 1287667 1203738
1 11 10111 10108 29687 2925410522 1301226 1202890
4 12 10293 10284 165 2926388550 1283591 1200417
1 15 10844 10839 99423330 2514059966 414011077 9536054
10 6 10895 10889 13633 2928892420 1201758 1201544
3 14 10908 10902 779 2929592338 1200447 1200466
10 1 10760 10755 595898 2929810548 1254003 1250360
14 5 10596 10592 8960 2930272088 1203243 1201151
9 7 10765 10759 401824 2930339322 1237025 1234089
7 13 10945 10935 45952 2930345156 1372890 1204252
8 5 10257 10244 3690 2931349500 1203607 1200710
5 11 10604 10588 336934 2932147302 1245546 1228648
11 0 10170 10163 15672 2934398060 1219245 1201715
7 15 10386 10383 2057 2936044842 1218062 1200576
2 12 10292 10283 242524 2937434140 1271484 1220735
4 14 10644 10639 633449 2938031436 1286698 1253510
15 3 10312 10304 432081 2938079356 1271314 1236629
1 8 10163 10156 497120 2940094510 1443324 1242081
15 5 10193 10182 4777 2943862400 1284062 1200801
12 2 10039 10035 1428 2946077656 1290062 1200521
1 15 10845 10839 132268786 2515982908 431890939 12289815
2 12 10293 10283 22601 2946613690 1291748 1202296
12 6 10885 10873 33838 2947573454 1286332 1203237
11 4 10365 10359 11202 2947636564 1284480 1201342
14 0 10289 10280 40309 2950372220 1290840 1203782
3 15 10857 10850 241 2950525890 1285613 1200423
15 3 10313 10304 644004 2955990142 2836636 1254397
5 8 10360 10350 55065 2958935046 1280700 1205020
4 12 10294 10284 1993 2960166122 1239700 1200567
12 7 10838 10831 93052 2960876038 1265760 1208205
3 9 10027 10020 4416 2962844150 1329126 1200772
15 6 10625 10621 45126895 2954400010 10158674 4983839
10 2 10059 10051 260085416 2935465884 29179782 23005963
15 5 10194 10182 5975 2964588364 1269196 1200901
1 8 10164 10156 15584 2963474586 2699329 1201708
3 8 10070 10064 323656 2963335364 6773977 1227536
12 0 10750 10747 7665007 2966857948 3451526 1843038
15 1 10492 10482 183917 2969401028 1370831 1215819
8 2 10300 10294 54787351 2963447938 8625071 5793774
12 1 10636 10628 301865 2971169024 1383895 1225708
0 11 10636 10628 4119888 2962652644 11233603 1545811
8 7 10738 10732 2503272 2973894258 1500601 1410277
2 15 10932 10919 113638 2975878152 1382268 1209928
15 6 10626 10621 19626 2980354818 1281560 1202046
2 14 10815 10807 12695 2980127392 6827514 1201465
8 7 10739 10732 122909 2991541206 1304603 1210705
4 13 10742 10738 4911 3011664548 1367973 1200812
7 8 10108 10103 24900 3006290274 6844260 1202488
15 6 10627 10621 183808 3036748370 1298946 1215811
10 7 10128 10125 893231 3041524886 1358918 1275291
8 0 10757 10749 3722 3043604010 1229916 1200713
0 14 10960 10952 489615 3042190550 2720549 1241450
7 12 10989 10984 151094 3044582554 1248464 1213071
9 5 10978 10967 84217 3044816770 1290892 1207463
1 9 10407 10400 2307 3048623198 1367874 1200596
2 15 10934 10919 469832 3058537036 2996175 1239791
11 0 10172 10163 513579 3060710854 1434875 1243460
8 4 10590 10584 174049 3062751700 1479879 1214995
5 12 10664 10657 824576 3061687994 2642510 1269534
10 0 10580 10573 2626287 3063034152 1808248 1420590
0 11 10638 10628 3439 3063840642 1367225 1200690
12 7 10839 10831 3154 3064028278 1291610 1200667
14 0 10290 10280 5799 3069333488 1252995 1200886
8 0 10758 10749 10117 3071695664 1348066 1201251
12 5 10931 10925 7523824 3068638456 5015637 1831198
13 5 10237 10229 31164 3070995268 2674314 1203016
2 10 10409 10400 26946090 3065115346 11490334 3459563
3 14 10912 10902 4142018 3075462868 1646904 1547670
1 13 10227 10218 1588 3076185226 1396982 1200534
2 14 10816 10807 1484 3078271572 1283678 1200526
3 11 10068 10063 3546049 3084802560 1583726 1497704
15 3 10317 10304 17129900 3081896472 4670190 2636571
9 0 10186 10176 10555 3086801292 1239471 1201286
0 12 10373 10364 790 3086881002 1236622 1200467
7 12 10990 10984 6618 3092914534 1284816 1200956
13 7 10322 10316 2532105 3092726606 1580937 1412695
11 5 10561 10552 3504 3094075702 1284178 1200695
12 0 10751 10747 10239 3099599164 1241868 1201261
15 2 10489 10481 2450 3099853246 1200790 1200607
15 6 10629 10621 6394 3099935560 1201122 1200938
0 10 10488 10477 32951382 3094902782 8529804 3963046
12 5 10933 10925 63778 3104810566 1289252 1205748
14 3 10119 10113 2279 3105304036 1284204 1200593
1 8 10165 10156 213048 3106031464 1337368 1218265
9 3 10740 10732 86838218 3110468596 8730237 8480919
0 11 10639 10628 10481 3117992620 1284258 1201280
0 9 10559 10553 27462 3121764502 2488602 1202704
1 9 10408 10400 6831757 3121076094 4732952 1773175
0 15 10925 10916 56119 3125664804 1261151 1205108
1 13 10228 10218 965 3125527704 1416266 1200481
6 14 10797 10786 40983 3126786618 1286971 1203836
11 5 10562 10552 801 3127177592 1283512 1200467
12 0 10752 10747 122598626 3120430768 13573905 11479070
2 15 10935 10919 4826365 3131736530 5843284 1605044
14 6 10952 10944 49483 3136694270 1288067 1204550
10 6 10896 10889 11796 3140443794 1245619 1201389
4 10 10942 10930 41595 3146882238 1287045 1203888
15 1 10493 10482 53641 3148036356 1288249 1204898
10 5 10214 10204 328 3149699962 1283529 1200430
1 15 10852 10839 5160693 3147137902 5652115 1633073
15 4 10718 10712 13487 3152969342 1284781 1201532
12 5 10934 10925 16357 3155415942 1284951 1201773
11 0 10173 10163 243306608 3138593132 22039175 21599227
8 4 10593 10584 151293 3162130296 1296567 1213087
5 12 10665 10657 18486744 3157939792 7504565 2750329
2 8 10533 10526 373346 3166417494 1247991 1231703
7 11 10769 10760 6181 3167508726 1205309 1200921
3 14 10913 10902 28657 3169676720 1208033 1202803
3 12 10245 10238 85236 3171934456 1211241 1207549
10 2 10061 10051 661728 3174971204 1316513 1255880
10 6 10897 10889 105257 3177307074 1270763 1209227
12 4 10840 10833 599 3184782598 1283267 1200451
9 3 10741 10732 15387 3185152980 1285741 1201692
14 5 10600 10592 494073 3186848634 1344851 1241826
5 15 10934 10923 6501 3188711196 1286153 1200946
8 3 10237 10232 121579 3188777976 1298452 1210594
8 5 10259 10244 19172 3191715764 1285613 1202010
0 15 10926 10916 38804 3190595748 6427966 1203654
2 14 10818 10807 4835831 3187544198 13494962 1605836
0 14 10962 10952 201957 3204502866 1317360 1217332
13 3 10255 10248 852 3206555940 1297840 1200472
11 5 10564 10552 237 3212114998 1287116 1200422
14 4 10477 10471 122738 3209787356 16450990 1210691
11 0 10174 10163 62853 3222229388 4151326 1205670
12 5 10936 10925 7540286 3205952920 37207212 1832580
15 0 10687 10675 6386079 3225932442 17557961 1735812
3 8 10072 10064 771135 3246274962 1431510 1265055
5 13 10866 10858 60272 3247623244 1288832 1205456
14 0 10291 10280 39947 3253278906 2574002 1203749
7 15 10387 10383 90219 3257611488 1291574 1207966
6 13 10286 10281 382080 3258194796 1316480 1232437
15 1 10494 10482 67390 3259127884 1289403 1206052
9 2 10802 10797 56716765 3208984398 52588032 5955534
3 9 10028 10020 127457 3260514970 1315265 1211088
10 2 10062 10051 5621461 3260933692 2306943 1671705
2 15 10937 10919 294000 3263016874 1307833 1225048
4 8 10446 10437 2206 3264446536 1277519 1200588
4 8 10447 10437 47531 3265430148 1287712 1204386
15 6 10631 10621 378071 3263747054 3923733 1232101
3 9 10029 10020 272 3280846192 1366752 1200425
5 8 10361 10350 24084 3281780676 1370848 1202422
13 1 10090 10076 6465581 3266583168 29736001 1742475
13 0 10896 10888 9165717 3274606362 23095451 1968854
8 0 10759 10749 358639 3301485870 1328622 1230469
5 13 10869 10858 4067010 3302653944 1966955 1541381
5 10 10965 10956 31055281 3300582866 4287589 3804077
1 8 10170 10156 36917677 3304292480 4612061 4295579
4 11 10734 10720 342470 3308657688 1395991 1229114
9 1 10249 10240 106965 3311126418 1326134 1209368
10 7 10130 10125 28866 3312213522 1470834 1202820
4 13 10746 10738 18484 3315300996 1202062 1201951
11 6 10585 10579 6370 3315365958 1201118 1200936
13 4 10636 10629 1008113 3316098884 1285224 1284923
6 10 10649 10641 435201 3317908102 1352152 1236890
1 12 11005 10998 3252825 3318248486 1479908 1473117
1 15 10854 10839 35804 3319767686 1203710 1203402
10 1 10761 10755 181899 3319832150 1352308 1215650
3 11 10070 10063 432 3320795644 1200648 1200438
7 10 10507 10495 2341 3321441676 1320672 1200598
3 15 10863 10850 15744 3322847574 1202162 1201720
6 13 10288 10281 14131 3324821076 1201858 1201588
10 0 10584 10573 314350 3324651714 1375675 1226757
8 6 10158 10152 4842 3326765328 1283862 1200806
6 13 10289 10281 359848 3330879838 1314145 1230570
1 14 10523 10512 8581 3335144360 1284572 1201121
11 1 10399 10391 42862 3336446136 2649118 1203994
0 10 10490 10477 289996664 3314075978 29992433 25513721
4 14 10646 10639 4947033 3350321708 1621968 1615162
15 5 10196 10182 1954 3351839382 1206588 1200564
10 6 10898 10889 376313 3352055234 1313244 1231952
10 5 10215 10204 227970 3354611498 1377946 1219513
4 12 10296 10284 885011 3355600160 1346560 1274603
8 5 10263 10244 53083 3355209328 2629890 1204854
5 9 10697 10686 148799 3356831500 1366990 1212876
6 11 10442 10431 75858999 3351050680 7826130 7560418
5 12 10668 10657 55464858 3355613072 6028040 5850574
8 5 10264 10244 694949 3360134404 2850660 1258664
2 9 10775 10769 49392 3365130152 1234592 1204543
1 12 11006 10998 26171925 3368421300 3510080 3394654
3 13 10976 10970 1185136 3370549332 1412244 1299765
3 15 10864 10850 953576 3372354794 1338182 1280349
4 12 10297 10284 41435 3374361692 1260816 1203876
6 11 10443 10431 14569749 3377111152 2539748 2421928
3 11 10071 10063 61242 3379829998 1318170 1205537
7 11 10771 10760 27945 3381379260 1482398 1202743
0 8 10287 10277 146512560 3368996610 13866645 13484014
10 0 10586 10573 68483 3383293918 1353668 1206143
8 5 10265 10244 249223 3384572462 1376477 1221297
8 6 10159 10152 4563294 3383026726 3940999 1582989
8 0 10760 10749 2097918 3385569148 1694460 1376289
10 4 11006 10999 93256731 3325756402 61663164 9019045
5 9 10698 10686 16215457 3387057704 2673573 2559906
6 13 10290 10281 5701133 3388255010 1732793 1678386
1 14 10524 10512 44422 3389962914 1252751 1204126
4 9 10942 10931 10977723 3389636282 2254503 2120773
12 0 10754 10747 30424 3392346174 1252744 1202952
9 7 10769 10759 1262953 3387637814 5978784 1306286
15 4 10721 10712 20576 3393948616 1252727 1202126
4 13 10747 10738 4040326 3397768796 1600618 1539143
1 11 10113 10108 5556390 3398590036 1813976 1666250
1 9 10409 10400 407338 3399136946 1375272 1234553
4 15 10364 10354 4392 3407475202 1283912 1200770
14 0 10292 10280 8569972 3411911818 2003638 1918906
8 7 10740 10732 118161423 3327546880 88624814 11107055
4 9 10943 10931 13227 3416327488 1201642 1201511
6 9 10889 10881 222013 3418903572 1219394 1219017
12 7 10841 10831 639080 3421123154 1254042 1253984
7 12 10992 10984 36476 3423533238 1203552 1203460
9 1 10250 10240 984411 3424779880 1283049 1282935
0 9 10560 10553 7970 3425582428 1201230 1201068
1 13 10229 10218 317309 3425585870 1227148 1227005
10 2 10064 10051 46848608 3402027214 26489065 5128188
10 5 10216 10204 24893 3427687528 1208607 1202487
10 1 10762 10755 4535 3427731704 1201838 1200782
0 8 10288 10277 1415654 3428171248 1324285 1319089
9 3 10742 10732 11391704 3428148634 3676771 2155481
7 8 10110 10103 672013 3430799254 1257008 1256745
15 6 10633 10621 3165619 3430817986 1554883 1465806
3 8 10073 10064 258446 3431918196 1222295 1222070
4 14 10647 10639 27736 3432503492 1202785 1202726
11 5 10566 10552 1552070 3435119154 1330737 1330529
7 12 10993 10984 902 3436004124 1200497 1200476
12 1 10637 10628 187080 3438752276 1216562 1216088
10 3 10163 10157 129302392 3376207590 65294538 12041114
10 6 10899 10889 188185927 3353670208 88559268 16977908
14 5 10603 10592 1326623 3441095182 1336880 1311625
8 7 10741 10732 27350 3455195660 1285963 1202695
0 8 10289 10277 126940 3448337460 9198646 1211042
14 7 10466 10450 3432788 3456372522 1576924 1488205
11 6 10587 10579 1902 3457517700 1283762 1200559
10 0 10587 10573 34824619 3452764558 7222310 4120097
4 12 10298 10284 155183 3465920172 2574646 1213413
14 4 10478 10471 147310 3478264658 1296239 1212753
8 3 10240 10232 4830880 3480532406 1772588 1605421
6 11 10444 10431 201117 3474298396 11578090 1217265
10 5 10217 10204 1627572 3484653814 1557007 1336857
14 5 10604 10592 19840 3485407994 1285453 1202064
11 6 10588 10579 642160 3486384782 1337760 1254241
6 13 10291 10281 75540 3485452986 19305718 1206735
7 13 10953 10935 161440 3471307214 33489554 1213937
7 9 10134 10126 251010 3457491416 47643294 1221448
11 4 10371 10359 1808 3505579028 1287684 1200552
6 13 10292 10281 3614999 3501196946 6259593 1503481
4 12 10299 10284 781254 3509442794 1301415 1265903
11 4 10372 10359 9076 3509863950 1237122 1201164
6 12 10625 10619 26795689 3489992204 22122937 3446951
9 4 10665 10656 844 3511707960 1284036 1200471
7 11 10772 10760 8367272 3504250868 8791390 1901914
10 2 10068 10051 649936 3513095618 1390076 1254890
15 2 10491 10481 761 3514313366 1308666 1200464
13 2 10662 10649 29091593 3512786232 3970575 3639440
6 13 10293 10281 5343 3515406188 1368998 1200850
0 11 10641 10628 5645 3519607914 1285852 1200874
3 10 10463 10457 91995 3521942928 2593187 1208112
1 13 10231 10218 11231314 3514128040 11016537 2142036
13 5 10242 10229 4463856 3520754016 4635677 1574650
11 0 10177 10163 29604 3524667732 1316421 1202883
2 15 10938 10919 38282 3515459906 14258267 1203612
9 2 10804 10797 520 3528552988 1322692 1200445
7 14 10696 10684 812 3552295060 1366945 1200468
15 2 10493 10481 11811943 3588566594 2359311 2190713
11 2 10923 10913 495 3609108878 1367030 1200443
1 15 10858 10839 1452891 3615652458 1977126 1322210
14 4 10479 10471 100391 3616710238 1375805 1208819
1 13 10234 10218 2591449 3594434092 24344869 1417669
1 8 10172 10156 3498708 3592000920 28086244 1493732
11 1 10401 10391 20282747 3626772056 3083410 2900906
4 13 10749 10738 8804 3629000116 1284128 1201138
6 12 10627 10619 22879 3629736130 1286136 1202318
9 7 10771 10759 20397 3631243094 1285713 1202112
2 11 10904 10891 529736 3633391778 1328232 1244814
6 11 10449 10431 8370 3642263452 1201389 1201104
15 7 10048 10040 1714843 3642221148 1351837 1344173
13 2 10665 10649 11597 3642890288 1201921 1201373
2 10 10414 10400 91495 3643644776 1212239 1208072
3 8 10075 10064 516536 3643789476 1288672 1243708
0 10 10493 10477 348 3645815022 1283668 1200431
10 1 10764 10755 7315133 3645555096 1898362 1813704
3 15 10866 10850 1034 3647309830 1283856 1200490
7 8 10111 10103 194334197 3438058466 212951408 17493382
7 9 10136 10126 55275995 3539090568 111996086 5834739
12 4 10842 10833 21451 3649901990 1412022 1202200
10 7 10135 10125 12357 3651067478 1213322 1201438
6 9 10891 10881 3585 3653167256 1207764 1200702
9 5 10984 10967 565 3653418748 1200568 1200449
3 12 10248 10238 86309627 3613349056 41811314 8436600
4 15 10366 10354 4081552 3653307968 2829242 1542599
0 14 10964 10952 62807 3653691686 2490612 1205666
1 13 10235 10218 11513 3655888196 1211282 1201367
11 3 10828 10819 3673 3657133258 1212950 1200709
7 9 10135 10126 108980103 3494122858 164672152 10337295
7 8 10113 10103 6282 3658530722 1234124 1200929
8 2 10302 10294 611 3662472126 1283758 1200452
12 2 10044 10035 158217835 3650442756 16123502 14465383
0 10 10494 10477 4302962 3663080920 5864575 1561160
11 1 10402 10391 212410 3669756344 1302683 1218210
10 6 10901 10889 1387 3670053478 1283885 1200518
12 2 10045 10035 1314039 3677506194 1393929 1310572
3 11 10072 10063 7163 3687067364 1367890 1201003
10 2 10071 10051 123581 3690570332 1294315 1210762
13 2 10667 10649 1824048 3702582366 1551083 1353331
10 2 10072 10051 3774874 3702621192 1715013 1516885
15 2 10494 10481 2921578 3705313208 1535069 1445346
10 7 10136 10125 275339 3705697890 1390995 1223486
7 10 10510 10495 2451200 3706097026 3351303 1405911
6 15 10320 10307 84720 3708578474 1373929 1207504
10 0 10590 10573 2369 3709560664 1283750 1200601
10 7 10137 10125 1638 3709499546 1367172 1200538
3 11 10073 10063 3810 3710888560 1283885 1200720
9 2 10806 10797 1348601 3717794160 1396775 1313468
14 5 10606 10592 29874222 3715547896 4002929 3705057
9 5 10985 10967 68814 3719407932 1372644 1206170
14 1 10552 10546 125533 3719718214 1294229 1210926
5 14 10452 10439 971585 3717390968 4182161 1281859
9 7 10773 10759 173492 3723778694 1381577 1214947
15 7 10049 10040 157498 3723889484 1380425 1213606
8 0 10762 10749 1444761 3725512538 1532063 1321529
14 3 10124 10113 189245 3732684820 1299477 1216269
3 15 10869 10850 381954 3734836484 9021239 1232423
11 7 10463 10452 144113 3746048546 1379875 1212485
7 11 10774 10760 730114 3747667412 1673758 1261616
7 12 10997 10984 3805766 3747186840 4216788 1519476
9 7 10774 10759 128922 3750630436 1378414 1211209
9 5 10986 10967 6815 3750868492 1367685 1200972
3 15 10871 10850 3924628 3747953970 4490271 1529442
9 1 10252 10240 1945 3751827570 1283973 1200563
7 15 10390 10383 115439088 3677867572 77206523 10878816
7 14 10698 10684 17314700 3746292188 10181438 2652065
15 4 10726 10712 2506 3755255712 1367490 1200612
0 12 10377 10364 7627 3756702944 1284392 1201040
5 11 10611 10588 27519 3756665956 1351639 1202709
15 6 10635 10621 100736 3757598434 1317772 1208846
4 8 10452 10437 2563 3757778002 1312802 1200616
9 5 10987 10967 23890212 3757417950 3421588 3203358
15 0 10693 10675 5752 3759617154 1284006 1200883
12 2 10046 10035 175609 3762219976 1298945 1215124
10 4 11012 10999 1486496 3762679382 1437227 1325029
14 2 10729 10719 2819 3762911896 1283801 1200637
8 2 10303 10294 4765 3767545504 1284273 1200800
6 14 10804 10786 15343 3769331750 1273948 1201688
11 0 10180 10163 90792 3769968948 1275298 1208012
6 10 10652 10641 287680 3770956454 1302210 1224520
7 9 10137 10126 45751 3771451510 1284919 1204236
5 11 10612 10588 3029 3772004098 1277779 1200657
10 0 10591 10573 874 3773137736 1265706 1200473
14 1 10554 10546 332471 3774284090 1292280 1228276
9 6 10653 10639 6563 3774619346 1264308 1200951
14 5 10607 10592 7807 3774819866 1263896 1201055
13 3 10257 10248 3068167 3776224322 1525668 1457638
11 3 10829 10819 2458 3781665332 1283844 1200608
9 2 10807 10797 28308 3782483004 1288280 1202776
14 2 10730 10719 116607056 3778814700 11583455 10976739
13 2 10668 10649 1168 3789311554 1283721 1200501
12 3 10759 10747 5089 3789583830 1284137 1200830
5 8 10366 10350 30986 3786887982 4106266 1202997
0 13 10520 10513 2957 3789953572 1284268 1200648
5 10 10967 10956 4141349 3784160602 7101116 1547613
9 4 10667 10656 47060 3790284990 1370908 1204349
7 14 10699 10684 2763210 3784446766 8309977 1432070
4 8 10453 10437 63921 3789453722 4117408 1205759
4 14 10649 10639 284308 3792439490 1585605 1224239
15 2 10495 10481 74536 3793001052 1289816 1206650
10 2 10073 10051 58061 3793367294 1288434 1205271
4 8 10454 10437 1997 3794383904 1367284 1200567
15 0 10694 10675 15224 3794629870 1286034 1201679
12 3 10760 10747 2894 3794714766 1283906 1200643
15 4 10727 10712 26100 3795551398 1369157 1202591
4 14 10648 10639 251735921 3671120020 128853098 22305939
4 8 10455 10437 58841 3798594508 1381186 1205333
15 2 10496 10481 2916519 3802583050 1528555 1444922
15 3 10319 10304 26343 3808408168 1285981 1202611
7 13 10954 10935 3760 3809828522 2735371 1200716
9 3 10745 10732 62519141 3808471056 6650792 6442008
0 11 10646 10628 610 3821474554 1283647 1200452
10 7 10139 10125 366919 3822455668 1397443 1231162
0 15 10930 10916 22543 3845810474 1344889 1202291
0 9 10565 10553 38950 3857856598 19153952 1203665
7 9 10138 10126 759 3877415314 1367352 1200464
14 2 10731 10719 76484 3892740226 1376766 1206814
15 0 10697 10675 1572 3900225760 1367496 1200533
0 14 10965 10952 1364642 3926267734 8320045 1314812
7 11 10776 10760 1232753 3933799708 3931961 1303754
3 8 10079 10064 189647 3937862246 1315633 1216301
3 10 10466 10457 693 3938392492 1291757 1200459
8 2 10307 10294 6787615 3941132350 1859768 1769475
11 0 10182 10163 3320 3943827140 1284428 1200680
14 3 10126 10113 400659 3955597046 1372168 1233992
14 1 10557 10546 2809865 3961704002 1651218 1435979
1 10 10141 10129 174819 3969519672 1418534 1215057
6 13 10299 10281 944 3971024712 1367663 1200479
7 13 10955 10935 34486786 3945374468 61280662 4091772
7 14 10700 10684 87589987 3786667006 228184112 8543944
7 11 10773 10760 528671262 3662389388 363607590 2574528
6 11 10452 10431 124586797 3882349460 164761855 11645757
7 9 10139 10126 206015978 3912071290 141346213 18472779
6 15 10323 10307 463676351 3958881310 206469407 40075027
6 15 10322 10307 522483727 3916780960 260682035 2055763
6 11 10453 10431 772371422 3971158184 249955849 23006349
6 13 10298 10281 1769408835 3936659436 367856000 20698618
