15 11 10637 10637 2036655 2003265846 251260 250994
5 2 10440 10440 2400 2008302845 80384 80443
5 15 10923 10923 360316 2003203355 10230625 10230611
2 0 10612 10612 170001 2014931430 34376 34416
6 3 10910 10910 410054 2021767795 114691 114622
10 2 10051 10051 8584 2014880491 10201079 10201121
6 0 10398 10398 5681326 2024650826 557468 556564
1 5 10242 10242 75972262 2019995316 6461892 6449757
10 4 10999 10999 19013 2017520495 10201957 10201997
10 11 10072 10072 417029 2029007493 90108 55127
8 10 10164 10164 85201 2038723434 27592 27306
10 7 10125 10125 12099632 2028351233 11251761 11214834
14 15 10233 10233 16498284 2048355996 1469198 1403378
2 5 10972 10972 7680 2050303620 80826 80885
9 13 10204 10204 3413362 2053003380 661029 366418
3 6 10890 10890 9464 2053787904 83786 81035
8 15 10521 10521 3328650 2053407330 646903 359315
12 9 10743 10743 477804 2055702524 167250 120299
12 3 10747 10747 8140493 2037614610 21224102 10882900
4 2 10375 10375 920882 2061848055 234824 157447
13 10 10074 10074 155324 2062620459 93258 93264
1 6 10137 10137 215669 2063442560 137443 98322
3 10 10457 10457 1952 2058669655 10200716 10200563
9 7 10759 10759 385915 2061516066 10294032 10232755
14 4 10471 10471 9247197 2061563488 11030899 10975688
8 1 10368 10368 23265291 2039781866 35700380 12150964
10 11 10073 10072 13403 2082330607 21220 21286
9 6 10639 10639 81859409 2038093516 50780409 17063495
9 8 10093 10093 867048 2088786609 165757 92856
5 11 10588 10588 512881 2079248976 10244692 10243400
15 12 10347 10347 8035498 2093080787 1610660 693858
13 14 10510 10510 2486448 2094545379 395449 228625
15 5 10183 10182 65710 2085854282 10212379 10205910
12 2 10036 10035 10268 2086506733 10202674 10201263
9 3 10732 10732 33534076 2076138514 26526921 13011900
7 12 10984 10984 2572 2095024553 10284148 10200617
5 4 10829 10829 1509858 2107620107 440565 146747
8 13 10950 10950 2742891 2109632693 791118 310204
7 6 10169 10169 22360 2111282793 21973 22037
4 6 10531 10531 8082 2113029261 187607 20841
9 13 10205 10204 206152564 2085928197 29184627 17364072
5 4 10830 10829 151003 2115583407 58055 32823
10 6 10889 10889 903 2110505624 10200519 10200476
0 13 10513 10513 46725 2110933800 10371219 10204318
6 12 10619 10619 23271 2095917595 30771366 10202353
2 10 10400 10400 136809 2118512610 10212385 10211870
13 9 10231 10231 73527672 2122693429 6475025 6244801
10 4 11000 10999 41973 2119108596 10220151 10203919
7 9 10126 10126 10799 2119345696 10202451 10201306
11 1 10391 10391 85931 2121846185 10207690 10207604
0 14 10952 10952 3069378 2121932232 10464487 10457739
2 5 10973 10972 12788 2136098725 81354 81312
14 3 10113 10113 7416 2131256249 10201182 10201024
12 6 10874 10873 786753 2131742230 10332685 10266362
7 5 10416 10416 807077 2145127571 87970 87828
12 15 10830 10830 214676070 2121205394 24598120 18018605
2 3 10524 10524 117806139 2141596018 9915811 9897030
7 13 10935 10935 366274 2132283616 20626098 10231111
7 12 10985 10984 278086 2145886989 10224485 10223718
5 6 10228 10228 479446 2156568138 60368 60358
5 3 10880 10880 588594 2159728765 154642 129589
7 0 10447 10447 47803332 2156847863 4120747 4088073
9 11 10078 10078 5436 2165700498 20631 20617
15 14 10609 10609 6966281 2167347748 605262 604215
4 12 10284 10284 4313400 2157448857 10580573 10562037
11 0 10163 10163 46040 2159264219 10205349 10204263
8 9 10793 10793 222860413 2132483204 37460603 18704779
12 13 10498 10497 63556 2170181441 43374 25490
6 15 10307 10307 2409389 2163365479 10410266 10402405
7 6 10170 10169 221118 2174770686 39628 38701
6 3 10911 10910 38145463 2171984834 3295646 3278357
3 12 10238 10238 165927 2165598941 10226167 10214311
14 1 10546 10546 30002 2167157011 10212827 10202919
5 13 10858 10858 197503458 2091969557 85432667 26759092
10 1 10755 10755 225966 2168219747 10248329 10219345
10 11 10074 10072 2433440 2184071288 326647 224181
12 15 10831 10830 221258 2186846003 94481 38713
7 3 10276 10276 1232983 2187475738 287282 183613
7 6 10172 10169 16551 2188748630 22833 21549
12 11 10983 10983 142196115 2173359192 16468490 12001965
14 9 10847 10847 11898567 2190021544 1079661 1077817
0 15 10916 10916 2868068 2181635487 10459953 10440862
12 13 10499 10497 814700 2193122561 88528 88465
4 7 10039 10039 8064673 2192457834 766216 696303
8 1 10369 10368 6906262 2171555987 22268141 10779423
12 2 10037 10035 33984 2183957319 10208832 10203249
15 1 10482 10482 189569 2185474009 10224200 10216295
4 14 10639 10639 351683 2187110067 10269275 10229886
10 3 10157 10157 118544 2188378900 10212842 10210340
12 1 10628 10628 415371677 2132825209 66833595 45025162
3 0 10069 10069 2259560 2204612507 211737 209603
6 11 10431 10431 994502 2196105582 10292297 10283780
13 8 10328 10328 442565 2207966915 119301 117346
15 9 10695 10695 87763147 2201273618 7453234 7438305
8 3 10232 10232 469645 2199626371 10279288 10239776
8 5 10244 10244 2199320 2202146835 10569996 10384793
8 11 10745 10745 52173 2218953068 185868 24537
15 11 10638 10637 5881909 2218163321 1142532 573379
11 2 10913 10913 10722 2210509442 10201531 10201300
10 8 10997 10997 166149 2224236475 34109 34093
13 14 10511 10510 121577 2232144272 35430 30354
9 8 10094 10093 24223064 2235375622 2055034 2051025
4 3 10760 10760 9848187 2239940280 2609194 905915
13 12 10223 10223 116362 2244281864 29869 29918
5 2 10441 10440 286399 2247554577 128841 104254
1 7 10804 10804 35595 2247615316 86540 83225
3 4 10192 10192 130366 2253266277 177285 91172
0 7 10768 10768 87892 2258625415 91331 87609
1 8 10156 10156 350092 2250056523 10342375 10229755
1 5 10243 10242 25903 2265666746 84530 82412
7 11 10760 10760 45870 2248070707 20510341 10204246
7 1 10226 10226 7173804 2267373702 1285396 681692
15 8 10413 10413 1157933 2269429983 226139 177321
14 12 10344 10344 983737 2274670060 256142 102637
2 11 10891 10891 25643544 2227048510 48492412 12350356
3 5 10663 10663 1307 2276892550 80369 80352
3 14 10902 10902 29065781 2222974335 58488507 12637275
14 0 10280 10280 13116 2274824279 10374166 10201503
12 2 10038 10035 3625 2277069088 10284226 10200705
1 10 10129 10129 96649698 2219929877 67569877 18303511
5 7 10893 10893 99185034 2271323512 16683163 8335836
8 7 10732 10732 3691420 2285990444 10903848 10509890
8 1 10370 10368 6232242 2296991228 11303146 10722914
12 8 10979 10979 1882835 2308561663 464391 238097
4 7 10040 10039 264163 2310157428 108947 42310
12 14 10163 10163 951358 2323939574 201367 99924
0 3 10798 10798 44619 2328703433 23844 23902
15 0 10677 10675 31226 2321760888 10361895 10203020
9 0 10176 10176 195342 2333145448 10543047 10216780
14 13 10599 10598 622446 2360485801 109659 72348
10 9 10054 10054 1540078363 2244084007 133711909 291313
7 4 10556 10556 3790 2379086361 21631 20478
14 13 10600 10598 40185 2379816669 26075 23532
0 1 10394 10394 7196 2380109796 21889 20766
5 13 10859 10858 2597394 2363858296 21630181 10418167
5 7 10894 10893 9206 2386704940 76701 20934
0 7 10769 10768 1625 2391024459 459693 80377
3 2 10525 10525 7140 2398222729 23320 20761
0 2 10783 10783 11393 2403598831 22472 21117
9 14 10461 10461 2082160 2404016886 2323459 254811
7 2 10187 10187 131628152 2372416277 43843224 11115947
12 13 10500 10497 52876 2440857290 29031 24593
3 14 10903 10902 151189 2456165043 10473481 10213078
15 12 10348 10347 252356 2470044320 128015 41320
3 8 10064 10064 241 2460245725 10397313 10200423
0 2 10784 10783 9406 2475873189 22063 20950
7 9 10127 10126 11929 2468813810 10419764 10201400
14 8 10336 10336 54978 2486968111 263040 84849
15 12 10349 10347 3554974 2504297701 1451078 318209
0 1 10395 10394 9880100 2515230277 26872016 848511
3 1 10949 10949 32464642 2488225894 70087095 2741996
2 3 10525 10524 1423 2559438508 20453 20281
11 8 10687 10687 3877 2584698985 21839 20485
7 1 10227 10226 128770 2591708505 172063 91036
7 2 10189 10187 8754 2593807445 247659 80974
8 14 10052 10052 5211873 2593934542 4480345 517203
5 14 10442 10439 85365 2592929423 10435050 10207559
8 14 10053 10052 247969 2605275956 657366 101029
2 1 10296 10296 894105439 2379590185 234393429 32032289
4 7 10041 10039 5498 2626803526 70012 20622
12 13 10501 10497 754134 2629038440 382553 83389
8 14 10054 10052 208273 2643946388 334341 97704
7 5 10417 10416 26164 2661727704 24504 22356
13 12 10224 10223 15857338 2668754402 4074110 1349641
3 2 10526 10525 64237 2711266279 47054 25548
15 13 10186 10184 195127 2721626330 183287 36522
5 2 10443 10440 6038 2735535750 151301 80749
9 11 10080 10078 97283676 2713633144 26357406 8176424
6 4 10482 10482 144590 2754010283 241405 32284
15 12 10350 10347 21933380 2749274734 13078160 1859056
12 13 10502 10497 18663981 2757879281 8478049 1584948
12 14 10164 10163 782783 2786980785 349491 85789
1 7 10806 10804 305192 2800072396 400437 105830
0 1 10397 10394 29624 2808919582 401870 22645
7 15 10385 10383 14181953 2801270843 15143757 11389415
12 14 10165 10163 2184 2818021789 20803 20346
15 5 10185 10182 1724052 2641176992 184149947 10344948
1 3 10606 10606 377150 2832562775 119370 51783
7 13 10937 10935 1172178 2831595081 10731450 10298678
11 10 10530 10530 1857337 2853270034 972196 175881
11 10 10531 10530 1314211 2865431903 694283 130346
5 4 10831 10829 84911 2872061243 41641 27279
0 3 10799 10798 464787 2898167418 98136 59128
8 10 10165 10164 24166124 2917148942 10170220 2046251
9 11 10081 10078 612053906 2782875984 153181869 8385086
15 12 10351 10347 1626 2944383422 21202 20297
5 10 10956 10956 89157 2953058061 10542714 10207878
10 11 10075 10072 1063335 2964277084 467217 109312
0 4 10913 10911 111992 2966422325 258894 89629
5 4 10832 10829 2691 2967249119 20975 20386
14 8 10340 10336 6320 2967292039 500575 80772
4 7 10042 10039 15231 2969350303 27178 21439
15 14 10611 10609 34699 2977306891 40347 23070
