5 15 10923 10923 90079 2001067784 1207926 1207955
15 5 10182 10182 509163 2001088614 1243129 1243091
5 9 10686 10686 600 2002767614 1200280 1200451
10 1 10755 10755 2146 2004960162 1200540 1200583
2 8 10526 10526 42500 2004977142 1203928 1203965
10 2 10051 10051 4753 2005840162 1200756 1200799
6 9 10881 10881 102513 2007255930 1208969 1208996
1 10 10129 10129 18993065 2006665104 2796006 2792782
6 8 10147 10147 1420331 2008216940 1319814 1319483
10 5 10204 10204 31369 2009669160 1205582 1203032
10 3 10157 10157 3024908 2009450408 1457087 1454008
1 10 10130 10129 242214 2011637722 1220852 1220710
12 6 10873 10873 1046 2012538202 1200488 1200491
8 6 10152 10152 6654 2012907810 1201452 1200959
9 0 10176 10176 6646 2013398250 1202230 1200958
15 5 10183 10182 21300 2013928142 1204160 1202188
9 6 10639 10639 18411491 2012697838 2747781 2744021
2 13 10352 10352 69513 2016767872 1206580 1206229
3 15 10850 10850 4124571 2017841046 1547008 1546205
14 1 10546 10546 3643401 2016118664 3911268 1505865
0 12 10364 10364 40809628 2016088830 4706962 4621880
9 1 10240 10240 13562198 2015831574 5078516 2337457
4 10 10930 10930 1920 2020616018 1200672 1200561
0 14 10952 10952 853340 2020630650 1274966 1271946
13 7 10316 10316 832162 2020873486 1270293 1270171
9 4 10656 10656 44007 2021160466 1204089 1204093
9 3 10732 10732 2366 2021248720 1200559 1200600
3 12 10238 10238 119451 2022243542 1210597 1210416
9 5 10967 10967 488 2022875970 1200522 1200442
0 11 10628 10628 96478 2023468212 1209352 1208490
2 10 10400 10400 2311799 2023472302 1394785 1394222
2 9 10769 10769 230220 2025908294 1219877 1219704
8 5 10244 10244 38831 2026006824 1203618 1203656
5 11 10588 10588 53917 2026416324 1204971 1204920
3 11 10063 10063 622336 2026433268 1252827 1252579
10 5 10205 10204 111772 2027443530 1209767 1209771
0 8 10277 10277 59287 2028342360 1206070 1205373
12 1 10628 10628 8383519 2028669646 1988064 1903276
0 13 10513 10513 128220 2030569854 1211822 1211152
12 5 10925 10925 3350 2031932872 1200766 1200683
6 10 10641 10641 16427 2031972528 1254694 1201779
3 9 10020 10020 2567 2032511610 1215714 1200616
1 12 10998 10998 216762 2032688544 1324006 1218574
14 7 10450 10450 52727 2034119716 1225074 1204821
0 8 10278 10277 63999 2034810046 1209048 1205765
5 14 10439 10439 643 2036362960 1411492 1200455
8 6 10153 10152 5817 2036648464 1235975 1200888
3 14 10902 10902 4736328 2035064548 4134669 1597496
6 14 10787 10786 7335 2038914474 1201731 1201017
11 2 10913 10913 377464 2040615394 1237141 1232048
7 14 10684 10684 685722 2040978880 1360980 1257892
12 3 10747 10747 225 2041324544 1200439 1200421
5 11 10589 10588 5590 2041782372 1201119 1200870
6 14 10786 10786 49375864 2033697624 9591795 5340072
3 11 10064 10063 2020 2042450372 1200564 1200573
2 10 10401 10400 37750 2042968696 1206744 1203565
10 6 10889 10889 11681 2041628200 2568349 1201380
11 5 10552 10552 34202 2043269826 1203498 1203270
4 13 10738 10738 28458 2043352348 1202874 1202788
5 12 10657 10657 2160 2044470006 1298692 1200584
5 15 10924 10923 767344 2045712884 1295206 1264736
12 1 10629 10628 1854 2046824540 1204866 1200556
14 7 10452 10450 1235567 2044978872 3593574 1303991
0 12 10365 10364 18381918 2046284144 2822085 2741540
13 6 10701 10700 91568 2048878674 2493219 1208078
14 2 10720 10719 3197 2051835570 1270715 1200671
14 2 10721 10719 201769 2053668000 1234749 1217317
14 6 10945 10944 69521 2053921138 1235419 1206230
2 11 10891 10891 119861 2056630272 1210674 1210449
10 4 10999 10999 13754507 2045294344 12861103 2353579
14 6 10946 10944 957646 2057574762 1374042 1280690
2 14 10807 10807 1078350 2057683814 1349825 1290811
14 1 10547 10546 147148 2058267412 1223263 1212740
5 8 10350 10350 11510 2058249332 1274787 1201366
3 8 10064 10064 11950833 2057256904 2277699 2202358
7 12 10984 10984 55715103 2048956708 10608824 5871557
1 15 10839 10839 602347 2058326506 1297418 1250903
9 6 10640 10639 41481 2058519064 1205213 1203879
12 5 10927 10925 1359 2058791460 1200473 1200516
13 1 10076 10076 29451534 2053159992 6925016 3669618
8 0 10749 10749 7500 2059131092 1201180 1201030
4 15 10354 10354 1741570 2059722730 1347674 1346414
1 13 10218 10218 4068882 2061199624 1545820 1541535
11 0 10164 10163 2039 2061583940 1200738 1200574
11 0 10165 10163 1726565 2061942082 1363730 1345156
6 12 10619 10619 3629075 2062193652 1517874 1504665
3 11 10065 10063 238 2063231178 1200381 1200422
14 6 10944 10944 51538141 2032483174 32223888 5521361
6 8 10148 10147 120712 2063517062 1211032 1210521
1 9 10400 10400 8496 2066483470 1203781 1201114
8 5 10245 10244 608360 2066752602 1278242 1251407
11 0 10166 10163 47392 2067353350 1205014 1204375
1 15 10840 10839 55314 2067446364 1205367 1205040
2 15 10919 10919 87920 2067570884 1208252 1207771
8 1 10368 10368 308245 2068188472 1226520 1226246
8 1 10369 10368 29636 2068612768 1203084 1202886
6 11 10431 10431 4137 2068638350 1200827 1200750
10 4 11000 10999 2974641 2068701872 1512688 1449795
1 14 10512 10512 203675 2069538550 1269147 1217477
2 11 10892 10891 2016168 2069353472 1539101 1369438
7 13 10935 10935 248625 2070021216 1263071 1221246
4 9 10931 10931 117411 2070698288 1213678 1210246
9 7 10759 10759 159063 2071523586 1214320 1213739
4 8 10437 10437 2546682 2071538442 1414649 1413915
11 2 10914 10913 549830 2072619886 1327170 1246498
13 6 10700 10700 95537729 2028083746 46737856 9210284
0 8 10279 10277 564890 2074708638 1248121 1247760
4 12 10284 10284 110641 2074970130 1209949 1209677
5 9 10687 10686 2680 2075331072 1200588 1200625
11 5 10553 10552 13043 2078221962 1243941 1201497
8 2 10294 10294 43811 2081666958 1214556 1204073
12 6 10874 10873 9032 2082016500 1201882 1201160
13 5 10229 10229 15694 2081644156 2571036 1201716
4 12 10285 10284 90180 2083029248 1209308 1207963
0 15 10916 10916 7266445 2080829246 4516596 1809620
7 11 10761 10760 51806562 2061980968 24103662 5543863
2 12 10283 10283 6055766 2084473652 2304928 1708116
15 1 10482 10482 2462046 2085697708 1585822 1406821
3 13 10970 10970 19763 2086641840 1202017 1202057
4 14 10639 10639 29090 2088004572 1203016 1202842
9 3 10733 10732 8898 2088260642 1201314 1201146
13 1 10077 10076 71599 2088260000 1206616 1206404
6 13 10281 10281 11467 2088412374 1201553 1201363
14 4 10471 10471 87523 2088965966 1208074 1207739
9 7 10760 10759 83078 2089074376 1207912 1207368
2 15 10920 10919 59246438 2072473414 18231985 6167623
8 5 10246 10244 24162424 2080565292 10737036 3226179
0 10 10477 10477 32591 2090926560 1204921 1203134
8 3 10232 10232 21973 2091021344 1202412 1202242
2 15 10921 10919 684725 2091328188 1262457 1257808
10 5 10206 10204 90478 2092047042 1208504 1207987
2 10 10402 10400 6475 2092234720 1201274 1200944
10 4 11001 10999 289483 2094236578 1238920 1224672
14 0 10281 10280 1793451 2094169372 1377764 1350765
9 5 10969 10967 56 2095107512 1289339 1200408
2 10 10403 10400 326 2095697738 1205611 1200429
15 5 10184 10182 45023506 2073492130 23580402 4975172
13 1 10078 10076 906 2096182978 1200400 1200476
2 15 10922 10919 6241 2097982030 1200987 1200926
12 3 10748 10747 922855 2098691550 1387088 1277772
5 12 10658 10657 200569 2100905860 1551090 1217217
0 12 10366 10364 892808 2103013486 2575662 1275253
11 5 10554 10552 6424637 2100567754 6451179 1739042
0 10 10478 10477 501881 2105213490 2597653 1242478
13 3 10248 10248 66040 2106680502 1206294 1205940
1 10 10131 10129 8772 2107334928 1201636 1201136
13 6 10702 10700 4036 2107390714 1200883 1200742
4 12 10286 10284 470708 2106172548 2631447 1239865
1 14 10513 10512 26149878 2097520724 11359351 3392806
9 4 10657 10656 2588150 2107986198 1440515 1417393
14 0 10282 10280 6370219 2107619958 1825663 1734482
4 8 10438 10437 7806 2108596144 1201502 1201055
6 11 10432 10431 24796258 2094846704 15808552 3279321
4 14 10640 10639 90519 2109627864 1212612 1207990
7 13 10936 10935 45597 2110082236 1252688 1204224
2 13 10353 10352 20595292 2102150866 9534924 2927112
11 1 10391 10391 11154 2110914310 1212778 1201338
10 0 10574 10573 48835 2112711084 1208816 1204494
15 0 10676 10675 4520376 2112491908 1608072 1579390
14 3 10113 10113 403 2112981746 1200400 1200436
10 5 10207 10204 1258 2114338642 1200896 1200508
8 0 10750 10749 988 2114380682 1200624 1200482
7 13 10937 10935 27934 2114968822 1223765 1202742
0 10 10479 10477 859683 2116090516 1344431 1272477
15 5 10185 10182 3997 2116484972 1288963 1200735
5 14 10440 10439 69542892 2104819664 13158625 7030876
7 12 10985 10984 71593 2117420364 1209507 1206403
5 13 10858 10858 4511255 2117628290 1579381 1578626
9 4 10658 10656 9206 2118340504 1201351 1201174
11 1 10392 10391 26331 2119778606 1203824 1202610
5 9 10688 10686 10411 2121408356 1216332 1201275
14 2 10722 10719 7559582 2120014658 3188812 1834196
4 10 10931 10930 7062463 2119799960 4430341 1792518
12 6 10875 10873 155611 2122539146 2566340 1213447
6 14 10788 10786 649348 2125024418 1263831 1254843
15 5 10186 10182 2550 2125806360 1222112 1200615
15 0 10675 10675 379033189 2008597424 119221446 32978545
14 7 10454 10450 9559 2128285814 1280024 1201203
1 10 10132 10129 947 2128493744 1260036 1200479
4 11 10721 10720 2301 2131032946 1200703 1200595
11 5 10555 10552 58966 2131048176 1328417 1205343
2 10 10404 10400 17825 2131716192 1202111 1201895
6 15 10307 10307 12912 2131749464 1202147 1201482
6 11 10433 10431 726603 2132225650 1342417 1261319
14 3 10114 10113 50161868 2116241224 17513539 5405971
14 3 10115 10113 622963 2132431106 1397043 1252629
9 3 10734 10732 406 2133159582 1283629 1200436
8 7 10732 10732 37086 2133583744 1204292 1203512
15 1 10483 10482 454916 2134031284 1279147 1238540
5 9 10689 10686 1785 2134708640 1367536 1200550
2 12 10284 10283 382546 2135309916 1243386 1232474
0 9 10553 10553 2848 2136642110 1200909 1200639
9 5 10970 10967 845544 2139446602 3650459 1271292
7 15 10383 10383 18124607 2125124892 18086167 2719968
13 2 10649 10649 83010 2142211906 2495123 1207363
10 0 10575 10573 1753556 2142936148 2807283 1347419
11 0 10167 10163 2065549 2142986398 2827076 1373577
13 2 10650 10649 95377 2146196938 1215066 1208398
13 1 10079 10076 7419902 2144539768 4245877 1822484
8 2 10295 10294 18096 2149777434 1253250 1201920
11 3 10819 10819 369474 2151136740 1231859 1231378
4 14 10641 10639 13219 2151392190 1201761 1201511
5 8 10351 10350 428150 2151886938 1253707 1236299
2 15 10923 10919 87981 2152593234 1208108 1207776
14 1 10548 10546 165112910 2110322330 44103967 15043466
11 4 10359 10359 14721374 2145362524 9736078 2434642
8 3 10233 10232 2003 2154399254 1200779 1200571
6 15 10308 10307 37797 2154791332 1205954 1203569
6 15 10309 10307 52459 2156151558 1208130 1204800
3 10 10457 10457 9228 2156824346 1202058 1201176
2 12 10285 10283 60 2157349742 1200522 1200408
11 6 10579 10579 29717 2157843376 1252223 1202892
0 14 10953 10952 849183 2158344678 1305168 1271598
10 6 10890 10889 7398 2159546720 1279060 1201022
15 4 10712 10712 2982 2159536500 1347357 1200650
15 7 10040 10040 1696815 2160665480 1363287 1342661
13 1 10080 10076 61575 2160852754 1205793 1205564
12 7 10831 10831 459292 2161139016 1240741 1238909
13 5 10230 10229 168757815 2100795226 64031008 15349055
3 8 10065 10064 1476 2163884508 1290346 1200525
10 3 10158 10157 162448 2165135596 1214828 1214021
4 13 10739 10738 158 2165931668 1200282 1200416
9 2 10797 10797 16166640 2164556358 2603701 2555812
5 9 10690 10686 341 2166181890 1200314 1200431
9 6 10641 10639 19477 2166192114 1202800 1202034
15 4 10713 10712 13744 2166301050 1202768 1201553
2 8 10527 10526 8116160 2166676464 1962549 1880862
2 14 10808 10807 22212 2167650932 1202500 1202265
7 10 10498 10495 1184510 2168626476 1508185 1299711
2 15 10924 10919 151444 2170289042 1216380 1213099
10 5 10208 10204 406835 2172413608 1249206 1234509
5 13 10859 10858 116028 2171304506 2507120 1210131
2 8 10528 10526 1856227 2173121962 1386768 1356029
10 6 10891 10889 888743 2173275612 1334936 1274913
9 2 10798 10797 117609 2174934006 1358172 1210261
15 0 10677 10675 12696 2178515078 1285087 1201465
8 0 10751 10749 2470025 2177512222 2794247 1407490
12 6 10877 10873 122579085 2159064342 22413287 11477434
2 12 10286 10283 2928 2179101284 2484939 1200645
1 9 10402 10400 97506586 2158402892 24695456 9375353
6 9 10882 10881 22736672 2174544694 9516155 3106643
11 7 10453 10452 156404 2182864900 1215287 1213515
13 7 10317 10316 5840014 2182907844 1705003 1690030
12 7 10832 10831 2920912 2183590140 1483585 1445289
4 11 10722 10720 47361559 2170345482 14760057 5171194
14 2 10723 10719 356858 2184018440 1239133 1230319
9 5 10971 10967 26116814 2176553690 9386216 3390034
3 13 10971 10970 121970 2186914346 1210783 1210626
13 3 10249 10248 15020 2187294858 1201766 1201663
6 13 10282 10281 51165 2187794418 1206313 1204692
10 2 10052 10051 64011 2190184742 1263826 1205770
3 9 10021 10020 355 2190316446 1283612 1200432
6 10 10642 10641 6867 2191192406 1201183 1200976
13 2 10651 10649 724133 2191426250 1262578 1261114
0 15 10917 10916 2248308 2191676386 1397959 1388900
6 11 10434 10431 4838137 2189496226 4187503 1606032
6 9 10883 10881 794394 2192500144 1283921 1267004
2 12 10287 10283 15072377 2189152582 5241300 2464070
5 10 10956 10956 11174 2194854780 1201468 1201340
4 9 10932 10931 325996 2196222074 1242978 1227731
4 15 10355 10354 941731 2196632206 1340776 1279355
1 13 10219 10218 3557 2197192326 1200726 1200699
11 4 10360 10359 28328 2197584712 1203107 1202777
6 12 10620 10619 31083 2197871536 1204262 1203009
6 8 10149 10147 223526359 2128494672 71746047 19940852
0 12 10367 10364 969 2201488614 1262414 1200481
12 3 10749 10747 7754 2202198748 1201122 1201051
2 14 10809 10807 50354 2202224058 1262002 1204624
11 0 10168 10163 32192 2202407208 1203105 1203102
13 7 10318 10316 21341 2202997888 1202179 1202191
11 1 10393 10391 2188 2203106854 1200603 1200586
5 15 10925 10923 1302968 2203197594 1312774 1309640
0 15 10918 10916 482688 2204623850 1242556 1240869
3 12 10240 10238 13500293 2201022022 4996388 2332267
13 1 10081 10076 29675566 2196124962 10423671 3688401
4 8 10439 10437 188630 2205449054 1218935 1216216
15 3 10304 10304 15542 2205506526 1205556 1201704
7 11 10763 10760 1804 2206101918 1200871 1200552
15 7 10041 10040 8405043 2205204892 2837037 1905082
5 15 10926 10923 61992 2206978064 1206188 1205597
3 14 10904 10902 30438 2211293536 1203481 1202954
9 1 10241 10240 66101 2212809614 1206154 1205945
7 10 10499 10495 15647112 2211021004 5143927 2512257
7 9 10126 10126 1585750 2215453106 1599823 1333350
5 8 10352 10350 793 2216794406 1200550 1200467
9 3 10735 10732 1374 2217757556 1200679 1200517
1 14 10514 10512 188533 2218964224 1219211 1216208
13 1 10082 10076 25328633 2210625022 9816529 3323954
8 7 10733 10732 691422 2219732432 1290599 1258371
1 9 10403 10400 265317 2220242802 1290340 1222646
1 15 10841 10839 25653 2220633466 1269782 1202552
1 14 10515 10512 4980 2222108794 1200816 1200817
8 6 10154 10152 141969 2222806232 1212512 1212302
5 8 10353 10350 943 2223812570 1200611 1200479
14 6 10947 10944 18708 2224128874 1202565 1201969
0 15 10919 10916 52068 2225130520 1379059 1204768
11 4 10361 10359 46374 2225746940 1209439 1204290
0 12 10368 10364 12285 2226149386 1201724 1201432
8 6 10155 10152 12931 2227207810 1236837 1201484
5 9 10691 10686 14679 2228538660 1268788 1201631
2 10 10405 10400 6541 2228638244 1279625 1200950
9 1 10242 10240 19561 2228991008 1202728 1202041
15 0 10678 10675 18860237 2219692834 10925142 2781645
5 14 10442 10439 3964334 2230627912 1619571 1532772
3 15 10851 10850 10821 2231007878 1260988 1201307
0 15 10920 10916 10144005 2227959230 4521758 2050877
7 8 10103 10103 294889 2231596304 1334874 1225123
5 12 10659 10657 2013704 2231902970 1396316 1369230
11 4 10362 10359 15253 2235535430 1202675 1201681
0 8 10280 10277 23068 2235746378 1239167 1202337
9 3 10736 10732 40587174 2226482876 11308890 4603231
5 8 10354 10350 1699440 2239183500 1346514 1342883
14 7 10455 10450 916 2242300868 1200732 1200477
12 4 10834 10833 819589 2243091662 1374670 1269115
8 3 10234 10232 267 2244764764 1283472 1200425
15 1 10484 10482 372126540 2153345388 93330236 32399490
8 6 10156 10152 48781 2245519602 1289038 1204490
13 7 10319 10316 12915159 2256133598 3537875 2283210
0 10 10480 10477 576 2265027770 1367075 1200449
2 15 10925 10919 457910 2267243934 9686793 1238791
5 11 10594 10588 140698 2283998286 1307865 1212197
7 15 10384 10383 176389 2278743358 17277587 1215190
12 6 10879 10873 365638 2300424642 1320734 1231056
4 11 10723 10720 1070 2307846884 2734682 1200493
13 6 10703 10700 61537 2324415038 1289098 1205561
7 8 10104 10103 348995 2300291558 26200964 1229659
6 15 10311 10307 10621 2325658154 1284976 1201291
15 3 10306 10304 5659 2373718330 1367851 1200875
15 2 10482 10481 225730 2394183988 1302729 1219326
11 5 10558 10552 153013476 2268218784 234943402 14029051
7 13 10938 10935 5646156 2361562718 143847635 1673776
5 13 10861 10858 19076669 2342369262 165238389 2799789
4 11 10724 10720 127720424 2360776562 179854067 11908482
4 15 10356 10354 133097313 2306168346 236033904 12359281
5 11 10591 10588 88508165 2256647452 287797382 8620927
4 10 10932 10930 121164931 2229876720 315763936 11358868
4 10 10935 10930 701665778 2380737936 248410754 17078386
13 4 10630 10629 2147150109 2330038514 317121190 9418776
4 11 10720 10720 892850376 2065764816 678109499 33107304
0 11 10630 10628 17940038 2326133702 463316184 2704496
0 14 10954 10952 281112300 2232784904 598642015 24768857
7 10 10497 10495 590268671 2153974432 833836365 7738853
5 10 10958 10956 831456135 2330275246 851862740 27960012
