5 15 10923 10923 90079 2001601676 1207926 1207955
15 5 10182 10182 509163 2001632922 1243129 1243091
5 9 10686 10686 600 2004151420 1200280 1200451
10 1 10755 10755 2146 2007440244 1200540 1200583
2 8 10526 10526 42500 2007465714 1203928 1203965
10 2 10051 10051 4753 2008760246 1200756 1200799
6 9 10881 10881 102513 2010883896 1208973 1208996
1 10 10129 10129 18993065 2009997658 2795799 2792782
6 8 10147 10147 1420331 2012325410 1319796 1319483
10 3 10157 10157 3024908 2014175614 1454449 1454008
10 5 10204 10204 31369 2014503744 1203020 1203032
1 10 10130 10129 242214 2017456584 1220705 1220710
12 6 10873 10873 1046 2018807304 1200448 1200491
8 6 10152 10152 6654 2019361716 1201504 1200959
9 0 10176 10176 6646 2020097376 1201404 1200958
9 6 10639 10639 18411491 2019046758 2747525 2744021
15 5 10183 10182 21300 2020892212 1202232 1202188
14 2 10719 10719 3093 2024767384 1200846 1200662
2 13 10352 10352 69513 2025151808 1207082 1206229
14 1 10546 10546 3643401 2024177998 3010592 1505865
9 1 10240 10240 13562198 2023747362 4346528 2337457
3 15 10850 10850 4124571 2026761568 1546894 1546205
0 12 10364 10364 40809628 2024133244 6331156 4621880
4 10 10930 10930 1920 2030924026 1200518 1200561
0 14 10952 10952 853340 2030945976 1272043 1271946
13 7 10316 10316 832162 2031310228 1270290 1270171
9 4 10656 10656 44007 2031740700 1204057 1204093
9 3 10732 10732 2366 2031873082 1200557 1200600
3 12 10238 10238 119451 2033365314 1210392 1210416
9 5 10967 10967 488 2034313956 1200230 1200442
0 11 10628 10628 96478 2035202318 1208464 1208490
2 10 10400 10400 2311799 2035208454 1394586 1394222
2 9 10769 10769 230220 2038862442 1219698 1219704
8 5 10244 10244 38831 2039010236 1203618 1203656
5 11 10588 10588 53917 2039624484 1204885 1204920
3 11 10063 10063 622336 2039649902 1252635 1252579
10 5 10205 10204 111772 2041165300 1209746 1209771
0 8 10277 10277 59287 2042513542 1205590 1205373
12 1 10628 10628 8383519 2043004470 1905030 1903276
0 13 10513 10513 128220 2045854784 1211667 1211152
12 5 10925 10925 3350 2047899310 1200776 1200683
6 10 10641 10641 16427 2047958794 1203109 1201779
3 9 10020 10020 2567 2048767416 1200752 1200616
1 12 10998 10998 216762 2049032818 1218766 1218574
14 0 10280 10280 4558388 2050153968 1983254 1582577
14 7 10450 10450 52727 2051179576 1226582 1204821
0 8 10278 10277 63999 2052215074 1206554 1205765
14 7 10451 10450 621612 2053394286 1273700 1252517
3 14 10902 10902 4736328 2052596824 3105320 1597496
5 14 10439 10439 643 2054544438 1248597 1200455
8 6 10153 10152 5817 2054972696 1201197 1200888
6 14 10787 10786 7335 2058371712 1201007 1201017
11 2 10913 10913 377464 2060923092 1232065 1232048
7 14 10684 10684 685722 2061468322 1259234 1257892
12 3 10747 10747 225 2061986818 1200128 1200421
10 6 10889 10889 11681 2062442306 1201338 1201380
5 11 10589 10588 5590 2062673558 1200827 1200870
3 11 10064 10063 2020 2063675560 1200530 1200573
2 10 10401 10400 37750 2064453044 1203528 1203565
11 5 10552 10552 34202 2064904742 1203232 1203270
4 13 10738 10738 28458 2065028520 1202752 1202788
5 12 10657 10657 2160 2066705008 1200921 1200584
14 7 10452 10450 1235567 2067468310 1304361 1303991
5 15 10924 10923 767344 2068569326 1268330 1264736
10 4 10999 10999 13754507 2067941522 2357094 2353579
12 1 10629 10628 1854 2070236814 1232408 1200556
0 12 10365 10364 18381918 2069426222 2777857 2741540
7 11 10760 10760 196688 2072893576 1216879 1216891
13 6 10701 10700 91568 2073318012 1208290 1208078
14 2 10720 10719 3197 2077753356 1200714 1200671
14 2 10721 10719 201769 2080502002 1218010 1217317
14 6 10945 10944 69521 2080881710 1206418 1206230
13 1 10076 10076 29451534 2079739988 3742815 3669618
2 11 10891 10891 119861 2084945408 1210429 1210449
14 6 10946 10944 957646 2086362146 1280972 1280690
2 14 10807 10807 1078350 2086525720 1291220 1290811
3 8 10064 10064 11950833 2085885358 2204511 2202358
5 8 10350 10350 11510 2087373998 1201325 1201366
14 1 10547 10546 147148 2087401122 1212720 1212740
1 15 10839 10839 602347 2087489762 1250992 1250903
9 6 10640 10639 41481 2087778598 1203842 1203879
12 5 10927 10925 1359 2088187194 1200473 1200516
8 0 10749 10749 7500 2088696638 1200988 1201030
4 15 10354 10354 1741570 2089584094 1346690 1346414
1 13 10218 10218 4068882 2091799438 1542183 1541535
11 0 10164 10163 2039 2092375914 1200760 1200574
11 0 10165 10163 1726565 2092913128 1352382 1345156
6 12 10619 10619 3629075 2093290480 1507574 1504665
3 11 10065 10063 238 2094846768 1204673 1200422
6 8 10148 10147 120712 2095275596 1210519 1210521
1 9 10400 10400 8496 2099725208 1201102 1201114
8 5 10245 10244 608360 2100128904 1251678 1251407
11 0 10166 10163 47392 2101030032 1204802 1204375
1 15 10840 10839 55314 2101169550 1205047 1205040
2 15 10919 10919 87920 2101356324 1207783 1207771
8 1 10368 10368 308245 2102282710 1226423 1226246
8 1 10369 10368 29636 2102919156 1203030 1202886
6 11 10431 10431 4137 2102957528 1200875 1200750
10 4 11000 10999 2974641 2103052814 1451358 1449795
2 11 10892 10891 2016168 2104030206 1455909 1369438
1 14 10512 10512 203675 2104307828 1217584 1217477
7 13 10935 10935 248625 2105031828 1221367 1221246
4 9 10931 10931 117411 2106047432 1213497 1210246
9 7 10759 10759 159063 2107285380 1213744 1213739
4 8 10437 10437 2546682 2107307664 1444809 1413915
11 2 10914 10913 549830 2108929836 1247058 1246498
0 8 10279 10277 564890 2112062964 1247904 1247760
4 12 10284 10284 110641 2112455196 1209952 1209677
5 9 10687 10686 2680 2112996608 1200728 1200625
9 5 10968 10967 1470477 2115730230 1342679 1323686
11 5 10553 10552 13043 2117332952 1201539 1201497
14 7 10453 10450 1402 2121258736 1200484 1200519
0 15 10916 10916 7266445 2121243878 1813302 1809620
13 5 10229 10229 15694 2122466234 1215628 1201716
8 2 10294 10294 43811 2122500440 1207749 1204073
8 5 10246 10244 24162424 2120847942 3245894 3226179
12 6 10874 10873 9032 2123024756 1201119 1201160
4 12 10285 10284 90180 2124543874 1207934 1207963
2 12 10283 10283 6055766 2126710476 1709649 1708116
15 1 10482 10482 2462046 2128546562 1407600 1406821
3 13 10970 10970 19763 2129962760 1202021 1202057
4 14 10639 10639 29090 2132006862 1202803 1202842
9 3 10733 10732 8898 2132390966 1201104 1201146
13 1 10077 10076 71599 2132390000 1206372 1206404
6 13 10281 10281 11467 2132618566 1201321 1201363
14 4 10471 10471 87523 2133448956 1207710 1207739
9 7 10760 10759 83078 2133611568 1207338 1207368
0 10 10477 10477 32591 2136389848 1203095 1203134
8 3 10232 10232 21973 2136532020 1202202 1202242
2 15 10921 10919 684725 2136992280 1257920 1257808
10 5 10206 10204 90478 2138070568 1208042 1207987
2 10 10402 10400 6475 2138352080 1200902 1200944
10 4 11001 10999 289483 2141354872 1224801 1224672
14 0 10281 10280 1793451 2141254066 1351455 1350765
9 7 10761 10759 48984 2142584162 1204702 1204506
9 5 10969 10967 56 2142661270 1200262 1200408
2 10 10403 10400 326 2143546608 1200360 1200429
13 1 10078 10076 906 2144274466 1200400 1200476
6 11 10432 10431 24796258 2142270062 3287465 3279321
2 15 10922 10919 6241 2146973046 1200884 1200926
12 3 10748 10747 922855 2148037330 1277964 1277772
1 14 10513 10512 26149878 2146281090 3399460 3392806
10 0 10573 10573 40680 2152000488 1203774 1203811
12 4 10833 10833 516560 2153537722 1249968 1243710
15 6 10621 10621 31896146 2148933828 5906526 3874576
0 11 10629 10628 277 2153897366 1200384 1200426
11 5 10554 10552 6424637 2150851640 4661100 1739042
0 12 10366 10364 892808 2154520238 1275708 1275253
2 13 10353 10352 20595292 2153226300 2949600 2927112
0 10 10478 10477 501881 2157820244 1242662 1242478
4 12 10286 10284 470708 2159258828 1240180 1239865
5 11 10590 10588 39402962 2154616706 6476722 4503944
13 3 10248 10248 66040 2160020752 1211600 1205940
1 10 10131 10129 8772 2161002396 1201288 1201136
13 6 10702 10700 4036 2161086070 1200783 1200742
14 0 10282 10280 6370219 2161429944 1743337 1734482
9 4 10657 10656 2588150 2161979300 1417816 1417393
4 8 10438 10437 7806 2162894222 1201017 1201055
4 14 10640 10639 90519 2164441804 1208298 1207990
7 13 10936 10935 45597 2165123358 1204392 1204224
11 1 10391 10391 11154 2166371474 1202202 1201338
10 0 10574 10573 48835 2169066630 1208658 1204494
15 0 10676 10675 4520376 2168737862 1585172 1579390
14 3 10113 10113 403 2169472628 1200358 1200436
10 5 10207 10204 1258 2171507966 1200465 1200508
8 0 10750 10749 988 2171571028 1200430 1200482
7 13 10937 10935 27934 2172453238 1202703 1202742
0 10 10479 10477 859683 2174135784 1272820 1272477
15 5 10185 10182 3997 2174727458 1200722 1200735
7 12 10985 10984 71593 2176130550 1206506 1206403
5 13 10858 10858 4511255 2176442438 1579786 1578626
9 4 10658 10656 9206 2177510760 1201164 1201174
11 1 10392 10391 26331 2179667918 1202736 1202610
4 10 10931 10930 7062463 2179699948 1794231 1792518
14 2 10722 10719 7559582 2180021996 1914387 1834196
5 9 10688 10686 10411 2182112536 1201233 1201275
12 6 10875 10873 155611 2183808724 1213473 1213447
6 14 10788 10786 649348 2187536632 1255104 1254843
15 5 10186 10182 2550 2188709540 1200896 1200615
7 15 10383 10383 18124607 2187687344 4381158 2719968
14 7 10454 10450 9559 2192428732 1201404 1201203
1 9 10401 10400 32907038 2189405580 4282358 3959329
1 10 10132 10129 947 2192740622 1200508 1200479
12 6 10876 10873 10046 2193474158 1201524 1201245
9 0 10177 10176 1799 2194282048 1200681 1200551
4 11 10721 10720 2301 2196549426 1200692 1200595
11 5 10555 10552 58966 2196572272 1212473 1205343
2 10 10404 10400 17825 2197574290 1202086 1201895
6 15 10307 10307 12912 2197624202 1201752 1201482
6 11 10433 10431 726603 2198338482 1271648 1261319
14 3 10115 10113 622963 2198646672 1252861 1252629
9 3 10734 10732 406 2199739378 1200358 1200436
8 7 10732 10732 37086 2200375622 1203750 1203512
15 1 10483 10482 454916 2201046926 1242046 1238540
5 9 10689 10686 1785 2202062964 1200826 1200550
2 12 10284 10283 382546 2202964878 1232618 1232474
0 9 10553 10553 2848 2204963176 1200596 1200639
9 7 10762 10759 520540 2206026564 1244175 1244043
9 5 10970 10967 845544 2209169910 1271788 1271292
13 2 10649 10649 83010 2213317858 1207375 1207363
10 0 10575 10573 1753556 2214404224 1401812 1347419
11 0 10167 10163 2065549 2214479608 1446344 1373577
13 1 10079 10076 7419902 2216809652 1824845 1822484
13 2 10650 10649 95377 2219295406 1208372 1208398
11 4 10359 10359 14721374 2218043798 2488046 2434642
8 2 10295 10294 18096 2224666156 1201880 1201920
11 3 10819 10819 369474 2226705122 1231478 1231378
4 14 10641 10639 13219 2227088292 1201470 1201511
5 8 10351 10350 428150 2227830410 1236338 1236299
2 15 10923 10919 87981 2228889856 1207820 1207776
8 3 10233 10232 2003 2231598888 1200746 1200571
6 15 10308 10307 37797 2232187006 1203894 1203569
6 15 10309 10307 52459 2234227346 1204856 1204800
3 10 10457 10457 9228 2235236518 1201302 1201176
2 12 10285 10283 60 2236024618 1200062 1200408
11 6 10579 10579 29717 2236765076 1202891 1202892
0 14 10953 10952 849183 2237517030 1271825 1271598
15 4 10712 10712 2982 2239304750 1200730 1200650
10 6 10890 10889 7398 2239320084 1202592 1201022
3 14 10903 10902 63089 2239617092 1206132 1205692
15 7 10040 10040 1696815 2240998220 1344499 1342661
13 1 10080 10076 61575 2241279130 1205858 1205564
12 7 10831 10831 459292 2241708532 1277512 1238909
15 5 10184 10182 45023506 2110238194 135314196 4975172
3 8 10065 10064 1476 2245826764 1200482 1200525
10 3 10158 10157 162448 2247703398 1214206 1214021
9 2 10797 10797 16166640 2246834544 2559674 2555812
4 13 10739 10738 158 2248897510 1200102 1200416
5 9 10690 10686 341 2249272838 1200345 1200431
9 6 10641 10639 19477 2249288178 1201994 1202034
15 4 10713 10712 13744 2249451576 1201648 1201553
2 8 10527 10526 8116160 2250014702 1882831 1880862
2 14 10808 10807 22212 2251476404 1202225 1202265
7 10 10498 10495 1184510 2252939722 1300449 1299711
2 15 10924 10919 151444 2255433568 1213100 1213099
5 13 10859 10858 116028 2256956762 1210456 1210131
10 5 10208 10204 406835 2258620416 1234650 1234509
2 8 10528 10526 1856227 2259682950 1356632 1356029
10 6 10891 10889 888743 2259913422 1275344 1274913
7 11 10762 10760 35608061 2186686524 74810263 4185783
3 10 10458 10457 23310 2262381642 1202375 1202356
9 2 10798 10797 117609 2262401016 1210941 1210261
3 12 10239 10238 422241 2263075780 1236847 1235803
6 9 10882 10881 22736672 2261817052 3114723 3106643
8 0 10751 10749 2470025 2266268342 1409260 1407490
9 5 10971 10967 26116814 2264830542 3400966 3390034
15 0 10677 10675 12696 2267772618 1201424 1201465
2 12 10286 10283 2928 2268651934 1200602 1200645
11 7 10453 10452 156404 2274297364 1213538 1213515
13 7 10317 10316 5840014 2274361764 1692013 1690030
12 7 10832 10831 2920912 2275385220 1446275 1445289
14 2 10723 10719 356858 2276027674 1230453 1230319
3 13 10971 10970 121970 2280371520 1210602 1210626
13 3 10249 10248 15020 2280942286 1201626 1201663
6 13 10282 10281 51165 2281691638 1204661 1204692
6 11 10434 10431 4838137 2284244350 1610088 1606032
2 12 10287 10283 15072377 2283728882 2469913 2464070
10 2 10052 10051 64011 2285277116 1205989 1205770
3 9 10021 10020 355 2285474670 1200180 1200432
6 10 10642 10641 6867 2286788620 1200933 1200976
13 2 10651 10649 724133 2287139376 1261359 1261114
0 15 10917 10916 2248308 2287514594 1389444 1388900
6 9 10883 10881 794394 2288750228 1267268 1267004
5 10 10956 10956 11174 2292282172 1201298 1201340
4 9 10932 10931 325996 2294333122 1228012 1227731
4 15 10355 10354 941731 2294948320 1279858 1279355
1 13 10219 10218 3557 2295788498 1201164 1200699
11 4 10360 10359 28328 2296377082 1202770 1202777
13 1 10081 10076 29675566 2294187444 3782811 3688401
6 12 10620 10619 31083 2296807318 1202973 1203009
0 12 10367 10364 969 2302232936 1201194 1200481
3 12 10240 10238 13500293 2301533034 2335783 2332267
12 3 10749 10747 7754 2303298132 1201008 1201051
2 14 10809 10807 50354 2303336098 1204624 1204624
11 0 10168 10163 32192 2303610826 1203063 1203102
13 7 10318 10316 21341 2304496834 1202151 1202191
11 1 10393 10391 2188 2304660296 1200543 1200586
5 15 10925 10923 1302968 2304796394 1310033 1309640
0 15 10918 10916 482688 2306935790 1240987 1240869
4 8 10439 10437 188630 2308173592 1216370 1216216
15 3 10304 10304 15542 2308259790 1203003 1201704
15 7 10041 10040 8405043 2307807338 1909906 1905082
7 11 10763 10760 1804 2309152886 1200748 1200552
5 15 10926 10923 61992 2310467100 1205573 1205597
3 14 10904 10902 30438 2316940306 1203236 1202954
7 10 10499 10495 15647112 2316531514 2521343 2512257
13 1 10082 10076 25328633 2315937536 3332465 3323954
9 1 10241 10240 66101 2319214428 1205946 1205945
7 9 10126 10126 1585750 2323179668 1334324 1333350
5 8 10352 10350 793 2325191614 1200502 1200467
9 3 10735 10732 1374 2326636342 1200474 1200517
1 14 10514 10512 188533 2328446346 1216342 1216208
8 7 10733 10732 691422 2329598658 1267102 1258371
1 9 10403 10400 265317 2330364212 1222965 1222646
1 15 10841 10839 25653 2330950208 1202800 1202552
1 14 10515 10512 4980 2333163200 1200774 1200817
8 6 10154 10152 141969 2334209360 1212324 1212302
15 0 10678 10675 18860237 2329539254 6460222 2781645
5 8 10353 10350 943 2335718862 1200410 1200479
14 6 10947 10944 18708 2336193324 1201929 1201969
0 15 10919 10916 52068 2337695794 1204733 1204768
11 4 10361 10359 46374 2338620424 1204392 1204290
0 12 10368 10364 12285 2339224094 1201554 1201432
8 6 10155 10152 12931 2340811726 1202640 1201484
11 5 10556 10552 19406942 2340707476 2842958 2827478
0 15 10920 10916 10144005 2341938860 2053562 2050877
5 9 10691 10686 14679 2342807996 1201678 1201631
2 10 10405 10400 6541 2342957378 1201024 1200950
9 1 10242 10240 19561 2343486522 1202529 1202041
9 3 10736 10732 40587174 2339724324 6182090 4603231
5 14 10442 10439 3964334 2345941874 1544084 1532772
3 15 10851 10850 10821 2346511820 1201340 1201307
8 5 10247 10244 3389909 2346715750 1493724 1484610
7 8 10103 10103 294889 2347394464 1226243 1225123
5 12 10659 10657 2013704 2347854462 1369910 1369230
11 4 10362 10359 15253 2353303160 1201796 1201681
0 8 10280 10277 23068 2353619582 1202901 1202337
5 8 10354 10350 1699440 2358775258 1343518 1342883
2 14 10810 10807 27118634 2353916556 6780428 3474027
4 10 10933 10930 2673215 2362465324 1425875 1424525
14 7 10455 10450 916 2363451316 1200402 1200477
12 4 10834 10833 819589 2364637502 1269437 1269115
10 1 10756 10755 16059 2366626758 1201713 1201750
8 3 10234 10232 267 2367147158 1200142 1200425
8 6 10156 10152 48781 2368279414 1204590 1204490
15 5 10188 10182 24320919 2367239556 3249848 3239466
6 14 10789 10786 14095 2370432462 1201562 1201585
14 0 10283 10280 49009 2373642462 1204565 1204512
8 1 10370 10368 17803 2373785800 1201888 1201893
11 5 10557 10552 3967595 2374724786 1534692 1533044
5 8 10355 10350 1841 2376653372 1200638 1200554
3 11 10066 10063 9437268 2376285416 2017511 1991623
8 1 10371 10368 1509 2379956502 1200485 1200528
6 11 10435 10431 11300 2380033304 1201308 1201350
13 7 10319 10316 12915159 2384200402 2288836 2283210
3 10 10459 10457 60200 2386659766 1205480 1205450
12 6 10878 10873 1594832 2387475374 1468720 1334111
14 6 10948 10944 5483345 2387327216 1796626 1660126
12 0 10747 10747 10051 2389458300 1201279 1201246
5 14 10443 10439 25049 2391354892 1202632 1202503
7 10 10500 10495 36147 2391547052 1203514 1203433
3 15 10852 10850 5334 2391705770 1200807 1200849
9 6 10642 10639 4665995 2392933534 1593596 1591597
4 12 10287 10284 209589 2394409106 1218266 1217973
5 11 10592 10588 17478 2395132494 1201978 1201867
14 3 10116 10113 8922 2395423520 1201888 1201148
13 5 10231 10229 9415 2396968284 1201330 1201191
13 2 10652 10649 9602 2397445856 1201202 1201206
0 10 10480 10477 576 2397541670 1200460 1200449
2 15 10925 10919 457910 2400865914 1239114 1238791
15 7 10042 10040 13928 2401860976 1201558 1201568
13 1 10083 10076 16434 2402239018 1201863 1201780
11 2 10915 10913 8939 2402897948 1201790 1201149
8 2 10296 10294 616634 2403344966 1260478 1252100
14 1 10549 10546 30914 2404609170 1203267 1202992
0 15 10921 10916 195695 2405411532 1216926 1216808
8 5 10248 10244 7617365 2409938426 1869541 1839042
6 8 10150 10147 55949 2411253364 1205074 1205090
5 11 10593 10588 76298 2413034710 1206864 1206799
6 15 10310 10307 3545488 2413333162 1498835 1497655
8 1 10372 10368 6300384 2415816952 1730665 1728626
7 15 10384 10383 176389 2418115046 1215259 1215190
9 0 10179 10176 7406 2419008210 1200980 1201023
0 10 10481 10477 11580573 2420932034 2177100 2171316
1 15 10842 10839 546 2422995920 1200358 1200447
0 12 10369 10364 26235 2423198952 1204827 1202602
2 12 10289 10283 15310812 2422882534 2491486 2484059
11 1 10394 10391 790 2424707874 1200350 1200467
1 12 10999 10998 411829 2425466796 1235077 1234928
5 11 10594 10588 140698 2425997444 1212218 1212197
2 11 10893 10891 121 2426746936 1200147 1200413
6 14 10790 10786 293044 2428495280 1225148 1224972
0 9 10554 10553 94287 2429902778 1208325 1208307
5 14 10444 10439 2002645 2429279898 2904952 1368303
11 3 10820 10819 5647035 2431748246 1696178 1673851
5 10 10957 10956 239652 2433530480 1242744 1220493
1 8 10156 10156 21957588 2431734094 3082820 3041325
8 4 10584 10584 389031 2433816446 1234742 1233020
12 2 10035 10035 8177 2434350804 1201344 1201088
12 2 10036 10035 25412066 2435522058 3361643 3330951
11 0 10169 10163 28301 2438784908 1202780 1202775
5 13 10860 10858 25774 2441162424 1202540 1202561
14 0 10284 10280 57221 2442994264 1205174 1205200
2 10 10406 10400 514997 2448679916 1259962 1243577
3 8 10066 10064 134842 2449331540 1211947 1211705
7 8 10104 10103 348995 2450437346 1229944 1229659
12 6 10879 10873 365638 2450636974 1232365 1231056
1 14 10516 10512 26533 2450973188 1202706 1202626
9 2 10799 10797 41905932 2447484176 6939362 4713793
13 4 10629 10629 31151 2456086758 1203062 1203014
4 10 10934 10930 21227 2456283126 1202320 1202182
6 14 10791 10786 10115 2457900318 1201372 1201251
14 0 10285 10280 28860 2458275604 1205205 1202820
13 0 10889 10888 26385575 2456633560 3446456 3412568
15 1 10485 10482 922199 2459039440 1281994 1277720
8 4 10585 10584 2253 2460514212 1200828 1200591
3 9 10023 10020 30464 2461134468 1202917 1202956
2 13 10354 10352 40801 2461635336 1208566 1203821
4 11 10723 10720 1070 2461770342 1200478 1200493
5 9 10692 10686 22948 2465851124 1202952 1202324
2 14 10812 10807 2428 2466658154 1200612 1200605
14 4 10472 10471 7203482 2466293094 1807560 1804341
6 11 10436 10431 32277 2468913832 1203774 1203108
1 8 10157 10156 480 2471156364 1284196 1200442
13 6 10703 10700 61537 2486622572 1289150 1205561
5 11 10596 10588 149072 2497577476 13386237 1212901
4 13 10740 10738 6041531 2485921054 37463712 1706923
8 4 10586 10584 616050 2543674702 1418850 1252053
9 5 10973 10967 42555898 2633763450 6202273 4768286
4 9 10935 10931 9755 2718260368 1368392 1201218
12 1 10631 10628 11438 2720334076 1368384 1201361
11 4 10363 10359 1837842 2775482842 1522188 1354485
4 12 10290 10284 477 2819738760 1367521 1200442
1 15 10850 10839 769 2836206806 1367441 1200465
12 0 10749 10747 63605 2836974838 1375306 1205734
14 0 10288 10280 67461 2873907264 1373028 1206058
7 11 10768 10760 830 2892724672 1367810 1200470
3 9 10027 10020 4416 2962844150 1368950 1200772
14 6 10944 10944 51538141 2048724762 946595185 5521361
12 7 10839 10831 3154 3064028278 1367568 1200667
0 12 10373 10364 790 3086881002 1367419 1200467
1 10 10137 10129 65917 3133395374 4163128 1205926
6 15 10317 10307 124 3156753242 1368127 1200413
12 4 10840 10833 599 3184782598 1367282 1200451
15 4 10719 10712 59650 3223515474 1372486 1205402
7 15 10388 10383 10871 3330200692 5474506 1201311
8 1 10377 10368 269 3335103336 1367072 1200425
10 2 10063 10051 69112 3337628468 1373381 1206197
0 9 10560 10553 7970 3425582428 1372822 1201068
3 14 10915 10902 9847 3497779806 1369630 1201226
11 7 10462 10452 2039908 3539689694 1540267 1371426
1 12 11010 10998 1660 3679414732 1369541 1200540
0 15 10928 10916 980 3684721592 1367330 1200482
14 3 10123 10113 261818 3697403826 1389668 1222351
10 7 10137 10125 1638 3709499546 1367501 1200538
15 6 10636 10621 911 3800054354 1367331 1200476
0 11 10646 10628 610 3821474554 1368158 1200452
3 10 10466 10457 693 3938392492 1367173 1200459
11 6 10590 10579 517 3954989466 1366640 1200445
5 14 10453 10439 424 3996737942 1368143 1200437
0 10 10486 10477 3901835 2763526322 1546361512 1527530
11 2 10917 10913 66480013 2800364648 1600468206 6774088
1 10 10139 10129 1728738 3804532014 603552615 1345338
1 8 10172 10156 3498708 3592000920 818711925 1493732
7 11 10776 10760 1232753 3933799708 539898712 1303754
7 14 10691 10684 2866674 3238752162 1249517248 1440743
6 10 10654 10641 1976072 3940980768 619168028 1366077
2 11 10906 10891 5699110 3728605882 848921575 1678216
0 13 10521 10513 2557227 3894830986 682879738 1414800
5 10 10967 10956 4141349 3784160602 793557584 1547613
4 8 10449 10437 9501795 3284280204 1293758835 1997031
7 12 10997 10984 3805766 3747186840 832424207 1519476
7 10 10513 10495 3136824 3871040316 709221628 1463392
0 12 10375 10364 3907135 3460063290 1124095181 1527977
0 12 10376 10364 2042449 3604114666 981976992 1371641
4 9 10940 10931 3316031 3331979408 1256895067 1478419
1 12 11005 10998 3252825 3318248486 1274443972 1473117
3 15 10861 10850 1813256 3108213498 1485751825 1352426
2 8 10543 10526 3908087 3922058250 682802467 1528057
1 13 10234 10218 2591449 3594434092 1022704265 1417669
10 0 10582 10573 64077428 3218054638 1408866387 6572653
2 10 10407 10400 3815372 2617900132 2010477763 1520283
6 11 10440 10431 3655912 2924292696 1706530015 1506912
0 10 10495 10477 3009645 3832560544 798449421 1452730
6 13 10297 10281 3006026 3851978024 782594876 1452428
12 6 10889 10873 60923245 3531497618 1103136241 6308207
6 13 10292 10281 3614999 3501196946 1134620518 1503481
1 14 10525 10512 3097489 3593690718 1043082763 1460095
4 8 10456 10437 5170561 3839716980 798121941 1633901
5 13 10869 10858 4067010 3302653944 1335313920 1541381
3 11 10068 10063 3546049 3084802560 1554225153 1497704
7 10 10510 10495 2451200 3706097026 933690534 1405911
1 15 10852 10839 5160693 3147137902 1496826586 1633073
5 9 10693 10686 5911106 2635149574 2016250249 1695990
3 15 10868 10850 3229621 3730372426 925682593 1471172
7 12 10987 10984 5637652 2851681746 1819467057 1673062
7 11 10761 10760 51806562 2092971454 2592116217 5543863
7 14 10699 10684 2763210 3784446766 902423734 1432070
5 13 10873 10858 4111015 3756048202 932625663 1545071
6 9 10886 10881 4623507 3051025828 1643242586 1588036
4 13 10747 10738 4040326 3397768796 1307723408 1539143
4 14 10646 10639 4947033 3350321708 1369531745 1615162
0 10 10494 10477 4302962 3663080920 1065446888 1561160
4 15 10366 10354 4081552 3653307968 1080414639 1542599
0 14 10956 10952 4997379 2804200876 1943767497 1619382
6 13 10290 10281 5701133 3388255010 1395646940 1678386
6 9 10885 10881 5570992 2890211080 1895885282 1667472
6 15 10318 10307 5800558 3590583838 1204116598 1686720
1 11 10113 10108 5556390 3398590036 1396306955 1666250
0 10 10485 10477 8120126 2742286362 2062282145 1881194
6 15 10316 10307 7658242 2832551426 1987421124 1842469
0 14 10957 10952 7260948 2833020648 2003819500 1809158
1 9 10408 10400 6831757 3121076094 1717048531 1773175
0 11 10645 10628 5267600 3806540098 1053424206 1642037
4 14 10650 10639 8843489 3912451100 961567957 1941840
1 8 10160 10156 6468529 2680817118 2231987641 1742723
0 10 10483 10477 8533261 2697981308 2262497823 1915831
1 9 10410 10400 6660280 3672023396 1296395671 1758800
7 12 10984 10984 55715103 2073435064 2921770760 5871557
3 15 10867 10850 7879418 3711881758 1301226859 1861012
6 14 10786 10786 49375864 2050546438 2994397136 5340072
9 3 10745 10732 62519141 3808471056 1239377173 6442008
0 8 10281 10277 9865846 2590126414 2468011584 2027553
7 11 10772 10760 8367272 3504250868 1573407846 1901914
4 9 10942 10931 10977723 3389636282 1694967197 2120773
1 13 10225 10218 11150789 2908953598 2182247916 2135282
7 14 10701 10684 12620386 3816645914 1309996395 2258495
8 5 10271 10244 62100748 3902323882 1250840845 6406927
5 12 10667 10657 10149992 3338632258 1822673045 2051375
3 8 10069 10064 12324021 2958011044 2230559066 2233649
6 11 10446 10431 9235877 3541366116 1662678478 1974736
2 8 10530 10526 13148185 2600931830 2716761766 2302746
2 13 10362 10352 13196545 2933933774 2384246690 2306800
2 15 10920 10919 59246438 2108710120 3234237578 6167623
1 13 10231 10218 11231314 3514128040 1857024641 2142036
0 14 10958 10952 14550008 2842017936 2554405602 2420276
2 12 10290 10283 15018016 2593019198 2819433684 2459514
5 13 10861 10858 19076669 2513553916 2916920437 2799789
6 11 10443 10431 14569749 3377111152 2082208475 2421928
3 15 10862 10850 16361095 3206070108 2316028791 2572117
0 11 10630 10628 17940038 2489200576 3047809531 2704496
7 14 10702 10684 16481608 3841395630 1706606020 2582219
0 12 10370 10364 17179190 2564600326 3036700121 2640706
5 9 10698 10686 16215457 3387057704 2263470802 2559906
7 13 10941 10935 15851537 2838860464 2841720118 2529394
5 12 10665 10657 18486744 3157939792 2679644119 2750329
0 14 10961 10952 18389305 3070363840 2781082083 2742162
5 15 10935 10923 19535836 3565380768 2302531683 2838285
7 14 10698 10684 17314700 3746292188 2164862361 2652065
7 11 10766 10760 18599495 2672828476 3252574979 2759783
4 13 10751 10738 20919790 3645233476 2301258681 2954316
