5 15 10923 10923 90079 2001601676 968014 968035
15 5 10182 10182 509163 2001632922 1003217 1003171
5 9 10686 10686 600 2004151420 960336 960531
10 1 10755 10755 2146 2007440244 960628 960663
2 8 10526 10526 42500 2007465714 964016 964045
10 2 10051 10051 4753 2008760246 960844 960879
6 9 10881 10881 102513 2010883896 969057 969076
1 10 10129 10129 18993065 2009997658 2555865 2552862
6 8 10147 10147 1420331 2012325410 1081134 1079563
10 3 10157 10157 3024908 2014175614 1214537 1214088
10 5 10204 10204 31369 2014503744 963082 963112
1 10 10130 10129 242214 2017456584 982756 980790
12 6 10873 10873 1046 2018807304 960536 960571
9 0 10176 10176 6646 2020097376 961004 961038
15 5 10183 10182 21300 2020892212 962236 962268
14 1 10546 10546 3643401 2024177998 1476526 1265945
14 2 10719 10719 3093 2024767384 969266 960742
2 13 10352 10352 69513 2025151808 966551 966309
9 6 10639 10639 18411491 2019046758 7305389 2504101
3 15 10850 10850 4124571 2026761568 2465494 1306285
9 1 10240 10240 13562198 2023747362 6048200 2097537
4 10 10930 10930 1920 2030924026 960721 960641
0 14 10952 10952 853340 2030945976 1108738 1032026
13 7 10316 10316 832162 2031310228 1030349 1030251
0 12 10364 10364 40809628 2024133244 8246730 4381960
9 4 10656 10656 44007 2031740700 966854 964173
9 3 10732 10732 2366 2031873082 960755 960680
3 12 10238 10238 119451 2033365314 970832 970496
9 5 10967 10967 488 2034313956 960323 960522
0 11 10628 10628 96478 2035202318 971086 968570
2 10 10400 10400 2311799 2035208454 1163902 1154302
2 9 10769 10769 230220 2038862442 980692 979784
8 5 10244 10244 38831 2039010236 966186 963736
5 11 10588 10588 53917 2039624484 965056 965000
3 11 10063 10063 622336 2039649902 1014702 1012659
10 5 10205 10204 111772 2041165300 977070 969851
0 8 10277 10277 59287 2042513542 965630 965453
0 13 10513 10513 128220 2045854784 1034044 971232
12 1 10628 10628 8383519 2043004470 4236717 1663356
12 5 10925 10925 3350 2047899310 960876 960763
6 10 10641 10641 16427 2047958794 963252 961859
1 12 10998 10998 216762 2049032818 996941 978654
14 7 10450 10450 52727 2051179576 1240543 964901
0 8 10278 10277 63999 2052215074 1102977 965845
14 7 10451 10450 621612 2053394286 1014857 1012597
3 14 10902 10902 4736328 2052596824 2711673 1357576
5 14 10439 10439 643 2054544438 960384 960535
14 0 10280 10280 4558388 2050153968 5411639 1342657
8 6 10153 10152 5817 2054972696 961387 960968
6 14 10787 10786 7335 2058371712 962124 961097
6 14 10786 10786 49375864 2050546438 11366363 5100152
11 2 10913 10913 377464 2060923092 994782 992128
7 14 10684 10684 685722 2061468322 1121127 1017972
12 3 10747 10747 225 2061986818 1036080 960501
10 6 10889 10889 11681 2062442306 1070328 961460
5 11 10589 10588 5590 2062673558 961039 960950
3 11 10064 10063 2020 2063675560 960702 960653
2 10 10401 10400 37750 2064453044 964960 963645
11 5 10552 10552 34202 2064904742 964358 963350
4 13 10738 10738 28458 2065028520 962928 962868
5 12 10657 10657 2160 2066705008 1127044 960664
14 7 10452 10450 1235567 2067468310 1114360 1064071
5 15 10924 10923 767344 2068569326 1177572 1024816
12 1 10629 10628 1854 2070236814 960600 960636
10 4 10999 10999 13754507 2067941522 4717945 2113659
7 11 10760 10760 196688 2072893576 1009839 976971
0 12 10365 10364 18381918 2069426222 9066885 2501620
14 2 10720 10719 3197 2077753356 979066 960751
14 6 10945 10944 69521 2080881710 2098035 966310
14 2 10721 10719 201769 2080502002 3535545 977397
2 14 10807 10807 1078350 2086525720 1298519 1050891
5 8 10350 10350 11510 2087373998 1119057 961446
1 15 10839 10839 602347 2087489762 1061033 1010983
7 12 10984 10984 55715103 2073435064 16212239 5631637
8 0 10749 10749 7500 2088696638 961573 961110
14 1 10547 10546 147148 2087401122 3333672 972820
4 15 10354 10354 1741570 2089584094 1255430 1106494
14 6 10946 10944 957646 2086362146 4538903 1040770
9 6 10640 10639 41481 2087778598 3253914 963959
3 8 10064 10064 11950833 2085885358 5443663 1962438
1 13 10218 10218 4068882 2091799438 1462749 1301615
11 0 10164 10163 2039 2092375914 1091561 960654
3 11 10065 10063 238 2094846768 1150776 960502
6 8 10148 10147 120712 2095275596 975620 970601
11 0 10165 10163 1726565 2092913128 3590698 1105236
6 12 10619 10619 3629075 2093290480 3581478 1264745
14 6 10944 10944 51538141 2048724762 48485626 5281441
8 5 10245 10244 608360 2100128904 1032213 1011487
1 9 10400 10400 8496 2099725208 2049761 961194
11 0 10166 10163 47392 2101030032 966031 964455
1 15 10840 10839 55314 2101169550 967360 965120
2 15 10919 10919 87920 2101356324 969448 967851
8 1 10368 10368 308245 2102282710 1017153 986326
8 1 10369 10368 29636 2102919156 964416 962966
13 1 10076 10076 29451534 2079739988 24270823 3429698
6 11 10431 10431 4137 2102957528 1127624 960830
2 11 10892 10891 2016168 2104030206 1287256 1129518
1 14 10512 10512 203675 2104307828 1100842 977557
7 13 10935 10935 248625 2105031828 1009251 981326
10 4 11000 10999 2974641 2103052814 3439106 1209875
4 9 10931 10931 117411 2106047432 975508 970326
9 7 10759 10759 159063 2107285380 979075 973819
4 8 10437 10437 2546682 2107307664 2647542 1173995
11 2 10914 10913 549830 2108929836 1251350 1006578
0 8 10279 10277 564890 2112062964 1074899 1007840
5 9 10687 10686 2680 2112996608 1126764 960705
9 5 10968 10967 1470477 2115730230 1202491 1083766
11 5 10553 10552 13043 2117332952 962544 961577
14 7 10453 10450 1402 2121258736 1190842 960599
13 5 10229 10229 15694 2122466234 1091765 961796
12 6 10874 10873 9032 2123024756 961510 961240
8 2 10294 10294 43811 2122500440 2196824 964153
2 15 10920 10919 59246438 2108710120 16213542 5927703
4 12 10285 10284 90180 2124543874 1142660 968043
2 12 10283 10283 6055766 2126710476 3773431 1468196
3 13 10970 10970 19763 2129962760 963520 962137
4 14 10639 10639 29090 2132006862 1167288 962922
7 11 10761 10760 51806562 2092971454 40245992 5303943
9 3 10733 10732 8898 2132390966 963558 961226
13 1 10077 10076 71599 2132390000 1071168 966484
6 13 10281 10281 11467 2132618566 1023328 961443
15 1 10482 10482 2462046 2128546562 5913409 1166901
14 4 10471 10471 87523 2133448956 1084837 967819
9 7 10760 10759 83078 2133611568 1102811 967448
0 10 10477 10477 32591 2136389848 1044337 963214
8 3 10232 10232 21973 2136532020 995544 962322
2 15 10921 10919 684725 2136992280 1225606 1017888
10 5 10206 10204 90478 2138070568 974394 968067
2 10 10402 10400 6475 2138352080 1053548 961024
8 5 10246 10244 24162424 2120847942 20550045 2986259
10 4 11001 10999 289483 2141354872 1033027 984752
14 0 10281 10280 1793451 2141254066 1289690 1110845
9 5 10969 10967 56 2142661270 960269 960488
2 10 10403 10400 326 2143546608 1119719 960509
13 1 10078 10076 906 2144274466 960587 960556
13 6 10700 10700 95537729 2042125620 103259906 8970364
15 0 10675 10675 379033189 2012896136 135349196 32738625
2 15 10922 10919 6241 2146973046 2113619 961006
12 3 10748 10747 922855 2148037330 1154183 1037852
5 12 10658 10657 200569 2151358790 1147613 977297
10 0 10573 10573 40680 2152000488 970952 963891
6 11 10432 10431 24796258 2142270062 11937912 3039401
12 4 10833 10833 516560 2153537722 1192271 1003790
11 5 10554 10552 6424637 2150851640 3926317 1499122
0 11 10629 10628 277 2153897366 1187678 960506
0 12 10366 10364 892808 2154520238 4172243 1035333
0 10 10478 10477 501881 2157820244 1143993 1002558
4 12 10286 10284 470708 2159258828 1031340 999945
13 3 10248 10248 66040 2160020752 972727 966020
1 10 10131 10129 8772 2161002396 976866 961216
13 6 10702 10700 4036 2161086070 2348523 960822
4 8 10438 10437 7806 2162894222 1041383 961135
9 4 10657 10656 2588150 2161979300 3345505 1177473
4 14 10640 10639 90519 2164441804 1139299 968070
7 13 10936 10935 45597 2165123358 1135381 964304
15 0 10676 10675 4520376 2168737862 1642609 1339470
14 3 10113 10113 403 2169472628 983703 960516
10 5 10207 10204 1258 2171507966 993766 960588
7 13 10937 10935 27934 2172453238 964222 962822
11 1 10391 10391 11154 2166371474 7299623 961418
0 10 10479 10477 859683 2174135784 1227659 1032557
15 5 10185 10182 3997 2174727458 1210050 960815
2 13 10353 10352 20595292 2153226300 24471154 2687192
5 13 10858 10858 4511255 2176442438 1431911 1338706
9 4 10658 10656 9206 2177510760 961734 961254
14 2 10722 10719 7559582 2180021996 5740190 1594276
6 14 10788 10786 649348 2187536632 1053671 1014923
1 10 10132 10129 947 2192740622 1114599 960559
9 0 10177 10176 1799 2194282048 1071439 960631
2 10 10404 10400 17825 2197574290 1214745 961975
6 15 10307 10307 12912 2197624202 1371046 961562
14 3 10115 10113 622963 2198646672 1191937 1012709
11 5 10555 10552 58966 2196572272 3544147 965423
6 11 10433 10431 726603 2198338482 2317917 1021399
9 3 10734 10732 406 2199739378 995792 960516
8 7 10732 10732 37086 2200375622 977593 963592
15 1 10483 10482 454916 2201046926 1020895 998620
5 9 10689 10686 1785 2202062964 960822 960630
2 12 10284 10283 382546 2202964878 3234424 992554
9 5 10970 10967 845544 2209169910 1200946 1031372
11 0 10167 10163 2065549 2214479608 3589901 1133657
10 0 10575 10573 1753556 2214404224 9324062 1107499
8 2 10295 10294 18096 2224666156 964606 962000
11 3 10819 10819 369474 2226705122 1022820 991458
5 8 10351 10350 428150 2227830410 1328723 996379
2 15 10923 10919 87981 2228889856 990558 967856
8 3 10233 10232 2003 2231598888 1287725 960651
7 15 10383 10383 18124607 2187687344 46789669 2480048
3 10 10457 10457 9228 2235236518 1173282 961256
2 12 10285 10283 60 2236024618 1110244 960488
0 14 10953 10952 849183 2237517030 1300119 1031678
15 4 10712 10712 2982 2239304750 1219734 960730
10 6 10890 10889 7398 2239320084 1215238 961102
13 1 10080 10076 61575 2241279130 971285 965644
11 6 10579 10579 29717 2236765076 6305436 962972
12 7 10831 10831 459292 2241708532 2347048 998989
13 2 10649 10649 83010 2213317858 32125585 967443
3 8 10065 10064 1476 2245826764 986021 960605
10 3 10158 10157 162448 2247703398 2266953 974101
4 13 10739 10738 158 2248897510 1112151 960496
9 6 10641 10639 19477 2249288178 1115895 962114
15 4 10713 10712 13744 2249451576 965891 961633
5 9 10690 10686 341 2249272838 1293536 960511
7 11 10762 10760 35608061 2186686524 67109697 3945863
9 2 10797 10797 16166640 2246834544 7241601 2315892
7 10 10498 10495 1184510 2252939722 1145606 1059791
2 15 10924 10919 151444 2255433568 2122938 973179
5 13 10859 10858 116028 2256956762 1042876 970211
10 5 10208 10204 406835 2258620416 1038582 994589
10 6 10891 10889 888743 2259913422 1265259 1034993
2 8 10528 10526 1856227 2259682950 2549417 1116109
9 2 10798 10797 117609 2262401016 978535 970341
3 12 10239 10238 422241 2263075780 1217046 995883
15 0 10677 10675 12696 2267772618 999281 961545
2 12 10286 10283 2928 2268651934 961289 960725
8 0 10751 10749 2470025 2266268342 7135562 1167570
14 0 10282 10280 6370219 2161429944 114513966 1494562
14 2 10723 10719 356858 2276027674 1187863 990399
12 7 10832 10831 2920912 2275385220 2521249 1205369
13 1 10079 10076 7419902 2216809652 62222572 1582564
13 3 10249 10248 15020 2280942286 1180233 961743
6 13 10282 10281 51165 2281691638 979061 964772
3 9 10021 10020 355 2285474670 1241065 960512
13 2 10651 10649 724133 2287139376 1408667 1021194
15 6 10621 10621 31896146 2148933828 147875380 3634656
11 0 10163 10163 103842919 2073697798 224098610 9666670
6 9 10883 10881 794394 2288750228 10275590 1027084
0 15 10917 10916 2248308 2287514594 11699871 1148980
0 12 10367 10364 969 2302232936 967221 960561
2 14 10809 10807 50354 2303336098 1000807 964704
12 3 10749 10747 7754 2303298132 1212972 961131
11 0 10168 10163 32192 2303610826 1064769 963182
13 7 10318 10316 21341 2304496834 1161504 962271
11 1 10393 10391 2188 2304660296 1223046 960666
13 1 10081 10076 29675566 2294187444 13039054 3448481
5 15 10926 10923 61992 2310467100 1074556 965677
15 7 10041 10040 8405043 2307807338 5386839 1665162
4 11 10722 10720 47361559 2255518232 63643694 4931274
9 1 10241 10240 66101 2319214428 1177457 966025
5 8 10352 10350 793 2325191614 960644 960547
8 7 10733 10732 691422 2329598658 1091355 1018451
1 15 10841 10839 25653 2330950208 2188827 962632
7 10 10499 10495 15647112 2316531514 22320065 2272337
0 12 10368 10364 12285 2339224094 2202004 961512
8 6 10155 10152 12931 2340811726 1118069 961564
11 4 10361 10359 46374 2338620424 3424502 964370
2 10 10405 10400 6541 2342957378 3487070 961030
3 15 10851 10850 10821 2346511820 962879 961387
13 5 10230 10229 168757815 2151192838 203086928 15109135
0 8 10280 10277 23068 2353619582 5670739 962417
14 7 10455 10450 916 2363451316 1239484 960557
4 10 10933 10930 2673215 2362465324 2683096 1184605
10 1 10756 10755 16059 2366626758 964320 961830
8 3 10234 10232 267 2367147158 1293010 960505
14 0 10283 10280 49009 2373642462 1135754 964592
15 5 10188 10182 24320919 2367239556 8821232 2999546
5 8 10355 10350 1841 2376653372 1166167 960634
8 1 10371 10368 1509 2379956502 1181371 960608
12 0 10747 10747 10051 2389458300 976329 961326
13 0 10888 10888 260356069 2325385002 70347920 22788736
14 3 10116 10113 8922 2395423520 3561061 961228
1 15 10842 10839 546 2422995920 1128776 960527
2 11 10893 10891 121 2426746936 1319584 960493
5 13 10860 10858 25774 2441162424 1064663 962641
1 14 10516 10512 26533 2450973188 7041077 962706
15 5 10187 10182 362749433 2194518250 266490802 31373394
2 13 10354 10352 40801 2461635336 1234187 963901
5 14 10444 10439 2002645 2429279898 33929004 1128383
5 9 10692 10686 22948 2465851124 3524148 962404
9 3 10737 10732 278011 2475287888 1226381 983792
1 15 10843 10839 155838 2471566772 6582268 973546
6 11 10437 10431 370633 2484004360 1149436 991555
9 6 10643 10639 18605 2493699632 1295244 962041
13 1 10084 10076 52902 2505569910 1136417 964915
9 2 10800 10797 2131 2508309022 1154284 960662
1 15 10846 10839 3369 2518918980 2255574 960764
9 6 10644 10639 701 2524762754 1354983 960539
15 1 10488 10482 813078 2528323532 1331532 1028652
10 6 10892 10889 6647 2531521700 1153619 961038
0 11 10631 10628 1820 2540022966 1281830 960633
8 5 10249 10244 4919 2554227830 1127665 960892
2 13 10356 10352 19637 2554352104 1240055 962127
10 2 10054 10051 1842739 2554618154 1590750 1114976
9 7 10763 10759 430376 2562531778 1202408 996565
5 11 10597 10588 107413 2563468070 2541582 969487
8 7 10735 10732 2028 2581358276 1128024 960653
14 6 10949 10944 3679062 2584840890 5816270 1268936
6 8 10151 10147 1243 2592991298 1127426 960587
13 4 10632 10629 1478 2621541734 1440573 960605
12 0 10748 10747 2684 2663540194 1516725 960706
15 0 10682 10675 12222 2665274558 1139379 961507
11 6 10580 10579 36940352 2641646224 45425576 4057561
2 13 10358 10352 194 2705992094 1266869 960499
2 11 10896 10891 1512617 2676792338 64798945 1087299
4 10 10938 10930 3882 2781267690 1406255 960805
4 12 10290 10284 477 2819738760 1433463 960522
3 14 10908 10902 779 2929592338 1210899 960546
12 7 10838 10831 93052 2960876038 1575278 968285
2 8 10530 10526 13148185 2600931830 396426870 2062826
15 3 10315 10304 247147 3019906904 1323870 981204
15 3 10316 10304 219448 3047100720 1321139 978880
0 12 10373 10364 790 3086881002 1398326 960547
5 11 10598 10588 6881830 2683592894 441492495 1537453
13 7 10323 10316 845221 3125477680 1386186 1031346
11 5 10562 10552 801 3127177592 1175278 960547
11 6 10584 10579 36836 3153697164 1199005 963568
8 3 10238 10232 1205158 3221247066 2011202 1061523
7 11 10771 10760 27945 3381379260 1426681 962823
0 9 10562 10553 598629 3540258472 5881345 1010670
6 12 10626 10619 1558 3589315936 1515122 960612
2 10 10412 10400 21728 3589527780 7463570 962302
1 13 10236 10218 56841 3681986998 1417526 965246
12 5 10941 10925 934 3699594164 1335186 960558
1 15 10858 10839 1452891 3615652458 100415556 1082290
5 13 10875 10858 382519 3798998246 1752774 992552
4 8 10449 10437 9501795 3284280204 521231575 1757111
14 2 10731 10719 76484 3892740226 3005136 966894
7 10 10513 10495 3136824 3871040316 282172739 1223472
9 3 10746 10732 115320611 3921073592 463625986 10628961
