5 15 10923 10923 360316 2003203355 10230256 10230611
15 5 10182 10182 2036655 2003265846 10369391 10371154
5 9 10686 10686 2400 2008302845 10200548 10200603
10 1 10755 10755 8584 2014880491 10201061 10201121
2 8 10526 10526 170001 2014931430 10214461 10214656
10 2 10051 10051 19013 2017520495 10202264 10201997
6 9 10881 10881 410054 2021767795 10234568 10234782
6 8 10147 10147 5681326 2024650826 10672035 10676724
1 10 10129 10129 75972262 2019995316 16506271 16569917
10 5 10204 10204 125479 2029007493 10222143 10210922
10 3 10157 10157 12099632 2028351233 11266432 11214834
1 10 10130 10129 968856 2034913170 10281908 10281629
12 6 10873 10873 4185 2037614610 10200697 10200754
8 6 10152 10152 26616 2038723434 10204768 10202632
9 0 10176 10176 26584 2040194754 10208050 10202630
15 5 10183 10182 85201 2041784431 10214429 10207546
9 6 10639 10639 73645964 2038093516 16315340 16374877
14 2 10719 10719 12373 2049534771 10284649 10201439
2 13 10352 10352 278054 2050303620 10223664 10223715
3 15 10850 10850 16498284 2053523139 11575927 11583618
4 10 10930 10930 7680 2061848055 10201165 10201045
14 1 10546 10546 14573607 2048355996 23884415 11422252
0 12 10364 10364 163238515 2048266490 24276415 23886318
0 14 10952 10952 3413362 2061891954 10753961 10486578
13 7 10316 10316 3328650 2062620459 10488263 10479475
9 4 10656 10656 176028 2063481405 10222269 10215161
9 3 10732 10732 9464 2063746170 10201853 10201195
3 12 10238 10238 477804 2066730631 10240231 10240459
9 1 10240 10240 54248792 2047494729 29885989 14748619
9 5 10967 10967 1952 2068627921 10200520 10200563
0 11 10628 10628 385915 2070404640 10233990 10232755
2 10 10400 10400 9247197 2070416915 10968165 10975688
2 9 10769 10769 920882 2077724891 10276949 10277607
8 5 10244 10244 155324 2078020477 10213281 10213424
5 11 10588 10588 215669 2079248976 10218603 10218482
3 11 10063 10063 2489344 2079299810 10409622 10409109
10 5 10205 10204 447089 2082330607 10237498 10237887
0 8 10277 10277 237150 2085027088 10237693 10220285
0 13 10513 10513 512881 2091709572 10244961 10243400
12 5 10925 10925 13403 2095798627 10202205 10201526
6 10 10641 10641 65710 2095917595 10233452 10205910
3 9 10020 10020 10268 2097534840 10240259 10201263
1 12 10998 10998 867048 2098065641 10273352 10273096
14 7 10450 10450 210910 2102359158 10498503 10218083
0 8 10278 10277 255999 2104430153 10271947 10221862
14 7 10451 10450 2486448 2106788580 10767343 10408865
8 6 10153 10152 23271 2109945397 10266586 10202353
11 2 10913 10913 1509858 2121846185 10388836 10326987
12 3 10747 10747 903 2123973644 10350401 10200476
10 6 10889 10889 46725 2124884622 10275823 10204318
5 11 10589 10588 22360 2125347127 10278246 10202277
3 11 10064 10063 8082 2127351130 10201324 10201081
2 10 10401 10400 151003 2128906097 10237140 10213063
11 5 10552 10552 136809 2129809485 10287253 10211870
3 11 10065 10063 954 2189693549 10364798 10200480
8 3 10234 10232 1068 2734294347 10527551 10200493
1 8 10157 10156 1922 2942312765 10529481 10200561
6 8 10151 10147 4975 3185982657 10530145 10200817
