5 15 10923 10923 90079 2001601676 967918 968035
15 5 10182 10182 509163 2001632922 1002701 1003171
5 9 10686 10686 600 2004151420 960329 960531
10 1 10755 10755 2146 2007440244 960619 960663
2 8 10526 10526 42500 2007465714 963967 964045
10 2 10051 10051 4753 2008760246 960834 960879
6 9 10881 10881 102513 2010883896 968948 969076
1 10 10129 10129 18993065 2009997658 2536866 2552862
6 8 10147 10147 1420331 2012325410 1079657 1079563
10 3 10157 10157 3024908 2014175614 1211510 1214088
10 5 10204 10204 31369 2014503744 963044 963112
1 10 10130 10129 242214 2017456584 982500 980790
12 6 10873 10873 1046 2018807304 960528 960571
9 0 10176 10176 6646 2020097376 960991 961038
15 5 10183 10182 21300 2020892212 962208 962268
14 1 10546 10546 3643401 2024177998 1470949 1265945
14 2 10719 10719 3093 2024767384 997654 960742
2 13 10352 10352 69513 2025151808 966501 966309
9 6 10639 10639 18411491 2019046758 8397290 2504101
3 15 10850 10850 4124571 2026761568 1319276 1306285
9 1 10240 10240 13562198 2023747362 7014689 2097537
0 12 10364 10364 40809628 2024133244 7013019 4381960
4 10 10930 10930 1920 2030924026 960643 960641
0 14 10952 10952 853340 2030945976 1033506 1032026
13 7 10316 10316 832162 2031310228 1029510 1030251
9 4 10656 10656 44007 2031740700 966537 964173
9 3 10732 10732 2366 2031873082 960720 960680
3 12 10238 10238 119451 2033365314 970694 970496
9 5 10967 10967 488 2034313956 960290 960522
0 11 10628 10628 96478 2035202318 970769 968570
2 10 10400 10400 2311799 2035208454 1161404 1154302
2 9 10769 10769 230220 2038862442 980376 979784
8 5 10244 10244 38831 2039010236 966090 963736
5 11 10588 10588 53917 2039624484 964955 965000
3 11 10063 10063 622336 2039649902 1014061 1012659
10 5 10205 10204 111772 2041165300 976854 969851
0 8 10277 10277 59287 2042513542 965672 965453
12 5 10925 10925 3350 2047899310 960746 960763
6 10 10641 10641 16427 2047958794 963083 961859
1 12 10998 10998 216762 2049032818 996437 978654
3 9 10020 10020 2567 2048767416 1293019 960696
14 0 10280 10280 4558388 2050153968 1383403 1342657
14 7 10450 10450 52727 2051179576 1029822 964901
0 8 10278 10277 63999 2052215074 965950 965845
3 14 10902 10902 4736328 2052596824 1430006 1357576
14 7 10451 10450 621612 2053394286 1013816 1012597
5 14 10439 10439 643 2054544438 960469 960535
8 6 10153 10152 5817 2054972696 1032870 960968
12 1 10628 10628 8383519 2043004470 13004768 1663356
6 14 10787 10786 7335 2058371712 961978 961097
11 2 10913 10913 377464 2060923092 1001895 992128
7 14 10684 10684 685722 2061468322 1020133 1017972
12 3 10747 10747 225 2061986818 1112416 960501
10 6 10889 10889 11681 2062442306 961603 961460
5 11 10589 10588 5590 2062673558 961193 960950
3 11 10064 10063 2020 2063675560 960837 960653
2 10 10401 10400 37750 2064453044 966873 963645
11 5 10552 10552 34202 2064904742 965329 963350
6 14 10786 10786 49375864 2050546438 15361028 5100152
4 13 10738 10738 28458 2065028520 962934 962868
14 7 10452 10450 1235567 2067468310 1064650 1064071
5 15 10924 10923 767344 2068569326 1081929 1024816
10 4 10999 10999 13754507 2067941522 2185383 2113659
12 1 10629 10628 1854 2070236814 969001 960636
14 6 10944 10944 51538141 2048724762 24579626 5281441
7 11 10760 10760 196688 2072893576 990942 976971
0 12 10365 10364 18381918 2069426222 8758172 2501620
14 2 10721 10719 201769 2080502002 2257178 977397
14 6 10945 10944 69521 2080881710 2094592 966310
7 12 10984 10984 55715103 2073435064 12029766 5631637
2 11 10891 10891 119861 2084945408 970387 970529
14 6 10946 10944 957646 2086362146 1179644 1040770
2 14 10807 10807 1078350 2086525720 1079604 1050891
14 1 10547 10546 147148 2087401122 984255 972820
5 8 10350 10350 11510 2087373998 1054152 961446
1 15 10839 10839 602347 2087489762 1011720 1010983
9 6 10640 10639 41481 2087778598 1043322 963959
12 5 10927 10925 1359 2088187194 1117889 960596
8 0 10749 10749 7500 2088696638 961504 961110
3 8 10064 10064 11950833 2085885358 4458561 1962438
4 15 10354 10354 1741570 2089584094 1140597 1106494
1 13 10218 10218 4068882 2091799438 1352224 1301615
11 0 10164 10163 2039 2092375914 1046062 960654
13 1 10076 10076 29451534 2079739988 13736956 3429698
11 0 10165 10163 1726565 2092913128 1264980 1105236
3 11 10065 10063 238 2094846768 960332 960502
6 8 10148 10147 120712 2095275596 970486 970601
6 12 10619 10619 3629075 2093290480 3479713 1264745
8 5 10245 10244 608360 2100128904 1031958 1011487
1 9 10400 10400 8496 2099725208 2088418 961194
11 0 10166 10163 47392 2101030032 966781 964455
1 15 10840 10839 55314 2101169550 965047 965120
2 15 10919 10919 87920 2101356324 968000 967851
8 1 10368 10368 308245 2102282710 1174451 986326
8 1 10369 10368 29636 2102919156 963777 962966
6 11 10431 10431 4137 2102957528 1071683 960830
2 11 10892 10891 2016168 2104030206 1128281 1129518
1 14 10512 10512 203675 2104307828 977427 977557
7 13 10935 10935 248625 2105031828 1007403 981326
10 4 11000 10999 2974641 2103052814 3351786 1209875
4 9 10931 10931 117411 2106047432 1014481 970326
9 7 10759 10759 159063 2107285380 978077 973819
4 8 10437 10437 2546682 2107307664 2572099 1173995
11 2 10914 10913 549830 2108929836 1120242 1006578
0 8 10279 10277 564890 2112062964 1044759 1007840
4 12 10284 10284 110641 2112455196 975297 969757
5 9 10687 10686 2680 2112996608 960970 960705
9 5 10968 10967 1470477 2115730230 1083037 1083766
11 5 10553 10552 13043 2117332952 961645 961577
7 11 10761 10760 51806562 2092971454 27505596 5303943
14 7 10453 10450 1402 2121258736 1080061 960599
8 2 10294 10294 43811 2122500440 1076848 964153
13 5 10229 10229 15694 2122466234 1111259 961796
12 6 10874 10873 9032 2123024756 961191 961240
0 15 10916 10916 7266445 2121243878 4215254 1569700
4 12 10285 10284 90180 2124543874 1027254 968043
2 15 10920 10919 59246438 2108710120 18674024 5927703
2 12 10283 10283 6055766 2126710476 1574039 1468196
15 1 10482 10482 2462046 2128546562 1393747 1166901
8 5 10246 10244 24162424 2120847942 9597608 2986259
3 13 10970 10970 19763 2129962760 962800 962137
4 14 10639 10639 29090 2132006862 964451 962922
9 3 10733 10732 8898 2132390966 962668 961226
13 1 10077 10076 71599 2132390000 970125 966484
6 13 10281 10281 11467 2132618566 961907 961443
14 4 10471 10471 87523 2133448956 972169 967819
9 7 10760 10759 83078 2133611568 971664 967448
15 5 10184 10182 45023506 2110238194 25534770 4735252
0 10 10477 10477 32591 2136389848 964848 963214
8 3 10232 10232 21973 2136532020 962879 962322
2 15 10921 10919 684725 2136992280 1052546 1017888
10 5 10206 10204 90478 2138070568 969273 968067
2 10 10402 10400 6475 2138352080 961341 961024
10 4 11001 10999 289483 2141354872 1031739 984752
14 0 10281 10280 1793451 2141254066 1186805 1110845
11 0 10163 10163 103842919 2073697798 69343839 9666670
9 5 10969 10967 56 2142661270 960232 960488
2 10 10403 10400 326 2143546608 1051033 960509
13 1 10078 10076 906 2144274466 960480 960556
12 3 10748 10747 922855 2148037330 1055738 1037852
2 15 10922 10919 6241 2146973046 2253364 961006
6 11 10432 10431 24796258 2142270062 9008735 3039401
5 12 10658 10657 200569 2151358790 1130475 977297
10 0 10573 10573 40680 2152000488 996658 963891
1 14 10513 10512 26149878 2146281090 8238596 3152886
11 5 10554 10552 6424637 2150851640 3737961 1499122
12 4 10833 10833 516560 2153537722 1169377 1003790
0 11 10629 10628 277 2153897366 1124995 960506
0 12 10366 10364 892808 2154520238 2478365 1035333
0 10 10478 10477 501881 2157820244 1237352 1002558
4 12 10286 10284 470708 2159258828 1042592 999945
13 3 10248 10248 66040 2160020752 966264 966020
1 10 10131 10129 8772 2161002396 1019424 961216
13 6 10702 10700 4036 2161086070 960811 960822
9 4 10657 10656 2588150 2161979300 1244342 1177473
5 11 10590 10588 39402962 2154616706 8745098 4264024
4 8 10438 10437 7806 2162894222 961170 961135
14 0 10282 10280 6370219 2161429944 3846862 1494562
4 14 10640 10639 90519 2164441804 971894 968070
2 13 10353 10352 20595292 2153226300 12879432 2687192
7 13 10936 10935 45597 2165123358 1044640 964304
15 6 10621 10621 31896146 2148933828 20446427 3634656
10 0 10574 10573 48835 2169066630 971809 964574
15 0 10676 10675 4520376 2168737862 1401028 1339470
14 3 10113 10113 403 2169472628 960249 960516
10 5 10207 10204 1258 2171507966 960550 960588
8 0 10750 10749 988 2171571028 960593 960562
7 13 10937 10935 27934 2172453238 964327 962822
5 14 10440 10439 69542892 2157229498 17292061 6790956
0 10 10479 10477 859683 2174135784 1288766 1032557
15 5 10185 10182 3997 2174727458 1203463 960815
7 12 10985 10984 71593 2176130550 968563 966483
5 13 10858 10858 4511255 2176442438 1389044 1338706
9 4 10658 10656 9206 2177510760 961653 961254
11 1 10392 10391 26331 2179667918 962647 962690
4 10 10931 10930 7062463 2179699948 1663972 1552598
14 2 10722 10719 7559582 2180021996 1594080 1594276
12 6 10875 10873 155611 2183808724 973615 973527
6 14 10788 10786 649348 2187536632 1064318 1014923
15 5 10186 10182 2550 2188709540 960659 960695
1 10 10132 10129 947 2192740622 960497 960559
12 6 10876 10873 10046 2193474158 961572 961325
9 0 10177 10176 1799 2194282048 960810 960631
11 5 10555 10552 58966 2196572272 1047510 965423
2 10 10404 10400 17825 2197574290 963198 961975
6 15 10307 10307 12912 2197624202 987876 961562
4 11 10721 10720 2301 2196549426 2297379 960675
6 11 10433 10431 726603 2198338482 1216457 1021399
14 3 10115 10113 622963 2198646672 1234256 1012709
7 15 10383 10383 18124607 2187687344 12534747 2480048
9 3 10734 10732 406 2199739378 1221085 960516
8 7 10732 10732 37086 2200375622 963726 963592
15 1 10483 10482 454916 2201046926 998668 998620
5 9 10689 10686 1785 2202062964 960702 960630
2 12 10284 10283 382546 2202964878 1014249 992554
1 9 10401 10400 32907038 2189405580 14574203 3719409
0 9 10553 10553 2848 2204963176 976251 960719
9 7 10762 10759 520540 2206026564 1089574 1004123
14 3 10114 10113 50161868 2174361846 34284332 5166051
9 5 10970 10967 845544 2209169910 1034280 1031372
13 2 10649 10649 83010 2213317858 974886 967443
10 0 10575 10573 1753556 2214404224 3208202 1107499
11 0 10167 10163 2065549 2214479608 3336021 1133657
7 11 10762 10760 35608061 2186686524 32749771 3945863
13 2 10650 10649 95377 2219295406 978222 968478
11 7 10452 10452 63857395 2210715510 9699087 6314286
13 1 10079 10076 7419902 2216809652 3734568 1582564
11 4 10359 10359 14721374 2218043798 7488558 2194722
8 2 10295 10294 18096 2224666156 1000959 962000
11 3 10819 10819 369474 2226705122 992742 991458
4 14 10641 10639 13219 2227088292 962546 961591
5 8 10351 10350 428150 2227830410 1050845 996379
2 15 10923 10919 87981 2228889856 978314 967856
6 8 10149 10147 223526359 2192742014 38255606 19700932
8 3 10233 10232 2003 2231598888 1289567 960651
6 15 10308 10307 37797 2232187006 967358 963649
6 15 10309 10307 52459 2234227346 968860 964880
3 10 10457 10457 9228 2235236518 1084858 961256
2 12 10285 10283 60 2236024618 960386 960488
11 6 10579 10579 29717 2236765076 965653 962972
0 14 10953 10952 849183 2237517030 1046755 1031678
15 4 10712 10712 2982 2239304750 961124 960730
10 6 10890 10889 7398 2239320084 961581 961102
7 10 10496 10495 64715138 2190263836 50075579 6386200
3 14 10903 10902 63089 2239617092 965799 965772
13 1 10080 10076 61575 2241279130 966384 965644
15 7 10040 10040 1696815 2240998220 1249819 1102741
12 7 10831 10831 459292 2241708532 1070300 998989
3 8 10065 10064 1476 2245826764 961870 960605
10 3 10158 10157 162448 2247703398 2118335 974101
4 13 10739 10738 158 2248897510 960120 960496
9 6 10641 10639 19477 2249288178 962264 962114
5 9 10690 10686 341 2249272838 1023287 960511
15 4 10713 10712 13744 2249451576 965810 961633
2 14 10808 10807 22212 2251476404 962625 962345
7 10 10498 10495 1184510 2252939722 1166391 1059791
2 8 10527 10526 8116160 2250014702 4188972 1640942
13 6 10700 10700 95537729 2042125620 212948519 8970364
2 15 10924 10919 151444 2255433568 984981 973179
5 13 10859 10858 116028 2256956762 996419 970211
14 1 10548 10546 165112910 2165483504 92532618 14803546
9 2 10797 10797 16166640 2246834544 11796276 2315892
10 5 10208 10204 406835 2258620416 1024000 994589
2 8 10528 10526 1856227 2259682950 1361228 1116109
10 6 10891 10889 888743 2259913422 1339156 1034993
9 2 10798 10797 117609 2262401016 979126 970341
3 12 10239 10238 422241 2263075780 1023126 995883
3 10 10458 10457 23310 2262381642 2089298 962436
8 0 10751 10749 2470025 2266268342 1266134 1167570
15 0 10677 10675 12696 2267772618 962888 961545
2 12 10286 10283 2928 2268651934 984525 960725
1 9 10402 10400 97506586 2237604346 32078838 9135433
6 9 10882 10881 22736672 2261817052 11985298 2866723
4 11 10722 10720 47361559 2255518232 18410717 4931274
11 7 10453 10452 156404 2274297364 973958 973595
13 7 10317 10316 5840014 2274361764 1458092 1450110
12 7 10832 10831 2920912 2275385220 1235979 1205369
14 2 10723 10719 356858 2276027674 1000021 990399
9 5 10971 10967 26116814 2264830542 12295842 3150114
3 13 10971 10970 121970 2280371520 975902 970706
13 3 10249 10248 15020 2280942286 962959 961743
6 13 10282 10281 51165 2281691638 967081 964772
10 2 10052 10051 64011 2285277116 968896 965850
3 9 10021 10020 355 2285474670 960280 960512
6 10 10642 10641 6867 2286788620 973457 961056
6 11 10434 10431 4838137 2284244350 3756221 1366112
13 2 10651 10649 724133 2287139376 1176536 1021194
0 15 10917 10916 2248308 2287514594 1268411 1148980
5 14 10441 10439 237680670 2200238658 88790405 20887628
2 12 10287 10283 15072377 2283728882 5363237 2224150
6 9 10883 10881 794394 2288750228 1044853 1027084
12 6 10877 10873 122579085 2238596520 53106146 11237514
5 10 10956 10956 11174 2292282172 962058 961420
4 9 10932 10931 325996 2294333122 992253 987811
4 15 10355 10354 941731 2294948320 1051793 1039435
1 13 10219 10218 3557 2295788498 960856 960779
11 4 10360 10359 28328 2296377082 963001 962857
6 12 10620 10619 31083 2296807318 963502 963089
15 5 10187 10182 362749433 2194518250 107483295 31373394
0 12 10367 10364 969 2302232936 960529 960561
3 12 10240 10238 13500293 2301533034 2270090 2092347
13 1 10081 10076 29675566 2294187444 9748634 3448481
12 3 10749 10747 7754 2303298132 961348 961131
2 14 10809 10807 50354 2303336098 966326 964704
11 0 10168 10163 32192 2303610826 964070 963182
13 7 10318 10316 21341 2304496834 962995 962271
11 1 10393 10391 2188 2304660296 960680 960666
5 15 10925 10923 1302968 2304796394 1081622 1069720
13 5 10230 10229 168757815 2151192838 155497444 15109135
0 15 10918 10916 482688 2306935790 1007142 1000949
4 8 10439 10437 188630 2308173592 982455 976296
15 3 10304 10304 15542 2308259790 964365 961784
15 7 10041 10040 8405043 2307807338 2103755 1665162
7 11 10763 10760 1804 2309152886 960802 960632
5 15 10926 10923 61992 2310467100 967326 965677
3 14 10904 10902 30438 2316940306 981371 963034
7 10 10499 10495 15647112 2316531514 2940745 2272337
9 1 10241 10240 66101 2319214428 970343 966025
7 9 10126 10126 1585750 2323179668 1157905 1093430
13 1 10082 10076 25328633 2315937536 8499171 3084034
5 8 10352 10350 793 2325191614 1069872 960547
9 3 10735 10732 1374 2326636342 1006104 960597
1 14 10514 10512 188533 2328446346 982652 976288
8 7 10733 10732 691422 2329598658 1055371 1018451
1 9 10403 10400 265317 2330364212 991662 982726
1 15 10841 10839 25653 2330950208 963328 962632
8 6 10154 10152 141969 2334209360 979840 972382
5 8 10353 10350 943 2335718862 960653 960559
14 6 10947 10944 18708 2336193324 962745 962049
0 15 10919 10916 52068 2337695794 966067 964848
11 4 10361 10359 46374 2338620424 964847 964370
0 12 10368 10364 12285 2339224094 962173 961512
8 6 10155 10152 12931 2340811726 962206 961564
15 0 10678 10675 18860237 2329539254 13933336 2541725
5 9 10691 10686 14679 2342807996 963136 961711
2 10 10405 10400 6541 2342957378 961587 961030
9 1 10242 10240 19561 2343486522 962810 962121
3 15 10851 10850 10821 2346511820 961684 961387
7 8 10103 10103 294889 2347394464 1160459 985203
0 15 10920 10916 10144005 2341938860 6666842 1810957
5 12 10659 10657 2013704 2347854462 1301863 1129310
5 14 10442 10439 3964334 2345941874 3457264 1292852
8 5 10247 10244 3389909 2346715750 3463929 1244690
11 5 10556 10552 19406942 2340707476 12513905 2587558
11 4 10362 10359 15253 2353303160 962545 961761
0 8 10280 10277 23068 2353619582 965882 962417
9 3 10736 10732 40587174 2339724324 14922337 4363311
5 8 10354 10350 1699440 2358775258 1106181 1102963
2 14 10810 10807 27118634 2353916556 6079528 3234107
4 10 10933 10930 2673215 2362465324 1219512 1184605
14 7 10455 10450 916 2363451316 960663 960557
12 4 10834 10833 819589 2364637502 1366241 1029195
10 1 10756 10755 16059 2366626758 962870 961830
8 3 10234 10232 267 2367147158 960375 960505
8 6 10156 10152 48781 2368279414 967776 964570
15 5 10188 10182 24320919 2367239556 3555763 2999546
6 14 10789 10786 14095 2370432462 961813 961665
15 1 10484 10482 372126540 2230018082 142234285 32159570
14 0 10283 10280 49009 2373642462 967025 964592
8 1 10370 10368 17803 2373785800 962857 961973
11 5 10557 10552 3967595 2374724786 1468228 1293124
5 8 10355 10350 1841 2376653372 960592 960634
3 11 10066 10063 9437268 2376285416 1873043 1751703
8 1 10371 10368 1509 2379956502 960588 960608
6 11 10435 10431 11300 2380033304 962042 961430
3 10 10459 10457 60200 2386659766 965465 965530
12 6 10878 10873 1594832 2387475374 1286525 1094191
14 6 10948 10944 5483345 2387327216 1613871 1420206
13 7 10319 10316 12915159 2384200402 4819794 2043290
12 0 10747 10747 10051 2389458300 961655 961326
5 14 10443 10439 25049 2391354892 962716 962583
7 10 10500 10495 36147 2391547052 965093 963513
3 15 10852 10850 5334 2391705770 961148 960929
4 12 10287 10284 209589 2394409106 988038 978053
5 11 10592 10588 17478 2395132494 962035 961947
9 6 10642 10639 4665995 2392933534 3433265 1351677
14 3 10116 10113 8922 2395423520 965650 961228
13 5 10231 10229 9415 2396968284 1000849 961271
13 2 10652 10649 9602 2397445856 1046291 961286
0 10 10480 10477 576 2397541670 960621 960529
2 15 10925 10919 457910 2400865914 1034650 998871
15 7 10042 10040 13928 2401860976 981993 961648
13 1 10083 10076 16434 2402239018 962272 961860
8 2 10296 10294 616634 2403344966 2137999 1012180
14 1 10549 10546 30914 2404609170 963376 963072
13 0 10888 10888 260356069 2325385002 84296336 22788736
6 8 10150 10147 55949 2411253364 965744 965170
5 11 10593 10588 76298 2413034710 979102 966879
5 11 10591 10588 88508165 2384971188 30289941 8381007
6 15 10310 10307 3545488 2413333162 3650451 1257735
8 1 10372 10368 6300384 2415816952 1566179 1488706
7 15 10384 10383 176389 2418115046 1046023 975270
9 0 10179 10176 7406 2419008210 1074309 961103
1 15 10842 10839 546 2422995920 982290 960527
0 12 10369 10364 26235 2423198952 965345 962682
11 1 10394 10391 790 2424707874 1106375 960547
1 12 10999 10998 411829 2425466796 999569 995008
5 11 10594 10588 140698 2425997444 973915 972277
2 12 10289 10283 15310812 2422882534 4385010 2244139
2 11 10893 10891 121 2426746936 960252 960493
15 0 10675 10675 379033189 2012896136 415787969 32738625
0 10 10481 10477 11580573 2420932034 8238327 1931396
6 14 10790 10786 293044 2428495280 1003601 985052
5 14 10444 10439 2002645 2429279898 1331333 1128383
0 9 10554 10553 94287 2429902778 1125684 968387
5 10 10957 10956 239652 2433530480 982946 980573
8 4 10584 10584 389031 2433816446 1021137 993100
12 2 10035 10035 8177 2434350804 962081 961168
11 0 10169 10163 28301 2438784908 965606 962855
5 13 10860 10858 25774 2441162424 963329 962641
4 10 10932 10930 121164931 2344815092 97587100 11118948
14 0 10284 10280 57221 2442994264 970058 965280
12 2 10036 10035 25412066 2435522058 9854646 3091031
9 0 10178 10176 108673772 2399614422 46300911 10071689
2 10 10406 10400 514997 2448679916 1051620 1003657
3 8 10066 10064 134842 2449331540 978570 971785
2 14 10811 10807 66627938 2429276650 21662254 6546566
7 8 10104 10103 348995 2450437346 1148637 989739
12 6 10879 10873 365638 2450636974 1008744 991136
13 4 10629 10629 31151 2456086758 963251 963094
4 10 10934 10930 21227 2456283126 965052 962262
6 14 10791 10786 10115 2457900318 1053653 961331
15 1 10485 10482 922199 2459039440 1213453 1037800
8 4 10585 10584 2253 2460514212 960632 960671
3 9 10023 10020 30464 2461134468 963535 963036
4 11 10723 10720 1070 2461770342 1030428 960573
13 0 10889 10888 26385575 2456633560 9377389 3172648
5 9 10692 10686 22948 2465851124 970065 962404
2 14 10812 10807 2428 2466658154 960754 960685
14 4 10472 10471 7203482 2466293094 1782752 1564421
6 11 10436 10431 32277 2468913832 964674 963188
10 7 10125 10125 124591 2471020502 974803 970927
1 8 10157 10156 480 2471156364 967736 960522
1 15 10843 10839 155838 2471566772 2146386 973546
9 2 10799 10797 41905932 2447484176 28209856 4473873
9 3 10737 10732 278011 2475287888 993702 983792
2 15 10926 10919 11942266 2470764688 7566370 1961722
13 0 10890 10888 23918 2479252268 1042269 962485
15 1 10486 10482 1934 2480222264 960599 960642
9 4 10659 10656 35691 2480914096 964814 963473
13 2 10653 10649 2012 2481549834 960691 960652
6 11 10437 10431 370633 2484004360 1005778 991555
13 5 10232 10229 66865137 2447113300 38432407 6566456
13 6 10703 10700 61537 2486622572 1145010 965641
15 2 10481 10481 9518 2487222860 961410 961279
6 15 10311 10307 10621 2488487246 961412 961371
4 13 10740 10738 6041531 2485921054 6661719 1467003
0 9 10555 10553 1982061 2489305250 3354687 1126659
9 6 10643 10639 18605 2493699632 1026272 962041
8 2 10297 10294 35052 2494074440 964260 963422
15 1 10487 10482 3377 2494773262 960721 960765
3 15 10854 10850 2233 2495795236 995401 960670
6 14 10792 10786 119251 2496408274 1215022 970480
5 11 10595 10588 8883 2496768298 1151258 961225
0 11 10630 10628 17940038 2489200576 8915622 2464576
5 11 10596 10588 149072 2497577476 976994 972981
12 6 10880 10873 406 2499245678 965787 960516
13 1 10084 10076 52902 2505569910 1087055 964915
7 11 10764 10760 1131 2506096294 997030 960578
9 2 10800 10797 2131 2508309022 960679 960662
15 5 10189 10182 22289 2510168638 964143 962351
15 3 10305 10304 1547666 2511351958 1205062 1090237
12 5 10928 10925 265833 2515707412 986614 982768
12 6 10881 10873 678 2515884822 980058 960538
15 0 10679 10675 71 2517002484 1029749 960489
4 8 10440 10437 189379 2518919386 986353 976359
1 15 10846 10839 3369 2518918980 1038862 960764
7 9 10127 10126 88888 2519380614 973560 967932
5 10 10959 10956 19853 2519466124 972334 962145
9 0 10180 10176 3318 2520699680 961427 960760
9 0 10181 10176 116717 2521010670 975489 970266
1 12 11000 10998 2640 2521174660 961058 960702
1 9 10405 10400 7631 2522877372 985880 961121
5 13 10861 10858 19076669 2513553916 11516483 2559869
9 6 10644 10639 701 2524762754 960377 960539
1 9 10404 10400 57483411 2498393806 27786628 5779891
6 11 10438 10431 504259 2523220444 3076349 1002759
15 1 10488 10482 813078 2528323532 1158717 1028652
10 0 10576 10573 18559 2529674452 962749 962037
10 6 10892 10889 6647 2531521700 961075 961038
10 2 10053 10051 95940 2535986716 968960 968523
14 0 10286 10280 1864 2536061910 960593 960636
4 15 10357 10354 1618 2537045984 960696 960617
0 11 10631 10628 1820 2540022966 979525 960633
14 7 10456 10450 196088 2540860188 1054772 976923
8 4 10586 10584 616050 2543674702 1029349 1012133
11 7 10455 10452 322865 2544514446 1102813 987549
7 13 10938 10935 5646156 2542344086 3964089 1433856
7 9 10128 10126 757799 2548752460 1057706 1024014
2 13 10355 10352 31765 2549801522 964978 963144
5 10 10960 10956 2062 2550391900 960695 960656
14 2 10724 10719 8990924 2538842048 14764841 1714279
5 8 10356 10350 62621 2553721106 2284630 965731
2 13 10356 10352 19637 2554352104 2253342 962127
10 2 10054 10051 1842739 2554618154 2387198 1114976
6 15 10312 10307 1122461 2557130428 1321703 1054589
1 14 10517 10512 60985 2557605962 996664 965593
3 15 10853 10850 150110526 2461239484 98403918 13545748
12 3 10751 10747 4334 2557666256 2236945 960845
7 15 10385 10383 2469220 2560436716 1232487 1167502
15 3 10306 10304 5659 2560577500 2088169 960955
9 2 10801 10797 261577 2560668392 2187581 982412
13 4 10631 10629 1492738 2561872024 1114094 1085632
9 7 10763 10759 430376 2562531778 1027611 996565
1 15 10844 10839 99423330 2514059966 49606817 9296134
9 6 10645 10639 4501336 2565808674 1350449 1337874
6 12 10621 10619 154387 2567003534 997579 973426
6 13 10283 10281 330950 2568194914 1033700 988227
1 11 10108 10108 118458 2568861012 1126399 970413
13 3 10250 10248 127206 2569107548 1042659 971148
15 2 10482 10481 43978 2569888424 964444 964167
4 10 10935 10930 11460 2571106924 962240 961442
0 12 10370 10364 17179190 2564600326 8939079 2400786
0 10 10482 10477 1530849 2573144088 1214803 1088826
3 13 10972 10970 58775 2574611240 968377 965408
7 8 10105 10103 871741 2576116780 1167006 1033567
11 7 10456 10452 1340408 2578741112 2349502 1072862
1 15 10845 10839 132268786 2515982908 65612252 12049895
8 7 10735 10732 2028 2581358276 1057567 960653
0 11 10632 10628 14772 2581302060 1128336 961719
14 6 10949 10944 3679062 2584840890 2889737 1268936
11 1 10395 10391 15861680 2583126442 5770251 2290324
10 5 10210 10204 3509 2589504962 960961 960776
5 10 10961 10956 9433 2589665364 962146 961273
12 2 10037 10035 1739 2590371518 1126519 960626
4 15 10356 10354 133097313 2459252534 132275875 12119361
3 9 10024 10020 943006 2590545730 2423308 1039545
15 0 10680 10675 26168404 2577420386 16209806 3154441
6 8 10151 10147 1243 2592991298 960663 960587
11 7 10457 10452 1825 2593519000 1068213 960633
10 5 10209 10204 51392702 2558744228 37139567 5269245
4 9 10933 10931 26304 2595340602 964515 962688
0 9 10556 10553 1794695 2596223726 1392836 1110948
15 5 10190 10182 29258 2597358870 1000586 962935
4 12 10288 10284 444043 2597618266 1075583 997712
10 4 11002 10999 2016555 2597808374 1180965 1129549
12 2 10038 10035 183374 2598335738 979727 975856
4 11 10725 10720 944691 2598437292 1165443 1039684
0 8 10281 10277 9865846 2590126414 10434777 1787633
2 8 10529 10526 470972 2599838552 1043950 999966
2 12 10290 10283 15018016 2593019198 8124794 2219594
4 11 10724 10720 127720424 2541164862 60265198 11668562
15 5 10191 10182 12570437 2598532522 4553812 2014387
14 5 10592 10592 3456 2602264908 968060 960771
9 1 10245 10240 487 2602611032 1023569 960522
10 5 10211 10204 1900 2603337764 984810 960639
7 10 10502 10495 3891236 2602732970 1817902 1286724
7 8 10106 10103 841476 2603970808 1282573 1031031
2 8 10530 10526 13148185 2600931830 4376597 2062826
0 9 10557 10553 1098166 2604905508 1066398 1052553
10 3 10159 10157 641126 2603954694 2207662 1014235
10 1 10757 10755 7460 2608410192 970319 961107
10 1 10758 10755 109780 2608598320 976512 969684
5 8 10357 10350 31067 2608696190 966518 963088
7 10 10501 10495 88354343 2591962106 18624103 8368110
7 10 10503 10495 56232 2610159026 966973 965197
12 7 10833 10831 33185 2611382180 2092421 963265
0 12 10371 10364 255336 2614451504 991453 981889
4 14 10642 10639 274846 2615088134 992662 983523
9 3 10738 10732 35748 2614474608 2091981 963478
2 13 10357 10352 1964 2615481618 1126642 960644
15 7 10043 10040 27405886 2609189990 9376647 3258189
12 1 10630 10628 559483 2617539380 1044901 1007389
2 10 10407 10400 3815372 2617900132 1407140 1280363
8 0 10752 10749 688 2618733372 960628 960538
4 11 10726 10720 9198 2620858014 961597 961254
12 4 10836 10833 283062 2620933046 984702 984215
13 4 10632 10629 1478 2621541734 1014092 960605
13 7 10320 10316 171545 2621621882 994639 974864
1 12 11001 10998 237085 2621501088 1187144 980360
15 5 10192 10182 228617 2622507634 993550 979648
13 0 10891 10888 1199326 2623379026 1080729 1061034
2 11 10894 10891 1362 2624121594 960767 960596
4 8 10441 10437 15515 2624130818 962528 961782
4 11 10727 10720 2004 2624332602 968199 960651
10 2 10055 10051 14599914 2621388752 5099963 2184537
9 6 10646 10639 5362079 2627266068 1606897 1410040
13 1 10085 10076 5371 2628881700 961006 960932
4 9 10934 10931 27936 2629204788 986336 962822
8 2 10298 10294 111878 2629578076 974859 969860
15 0 10681 10675 173404 2629707960 1017289 975020
0 15 10922 10916 28669 2629915200 963943 962884
4 12 10289 10284 21838 2630192386 1088753 962311
10 2 10056 10051 183360 2630475436 1141263 975855
13 0 10892 10888 26004 2631331996 963447 962664
11 3 10821 10819 2677 2632069248 960662 960705
10 4 11003 10999 14417376 2626170388 7232663 2169235
10 3 10161 10157 357853 2633232490 1016885 990482
7 13 10939 10935 56760 2634571042 968159 965239
3 14 10905 10902 1633560 2634798618 1175406 1097439
1 11 10109 10108 110283 2634996204 982767 969728
5 9 10693 10686 5911106 2635149574 1700051 1456070
1 14 10518 10512 110980 2638770142 974200 969784
1 13 10221 10218 1610295 2638972802 1161411 1095489
12 4 10835 10833 61968558 2603370590 37866295 6155925
1 15 10847 10839 879438 2641534056 1068707 1034214
15 4 10714 10712 1158323 2644300492 3122304 1057596
8 6 10157 10152 21699 2647899856 970168 962300
14 2 10725 10719 101827 2648064022 999120 969017
1 15 10848 10839 9397 2649717414 961786 961270
1 8 10158 10156 62246 2650199888 969049 965701
10 6 10893 10889 270769 2650924668 1022690 983182
15 6 10622 10621 1600753 2649461982 3276666 1094688
11 5 10559 10552 380 2651852960 960281 960514
11 6 10580 10579 36940352 2641646224 12863194 4057561
14 7 10457 10450 4610 2657460606 961237 960868
5 8 10358 10350 21980 2657871992 1089117 962322
5 15 10927 10923 2176180 2658196016 1278853 1142934
10 3 10160 10157 109969238 2610886042 49236921 10180303
12 6 10882 10873 3074 2661469440 960800 960741
9 5 10973 10967 42555898 2633763450 29161524 4528366
12 0 10748 10747 2684 2663540194 1008738 960706
13 5 10233 10229 17535453 2653889030 11182282 2430654
11 5 10558 10552 153013476 2402328192 263283226 13789131
15 0 10682 10675 12222 2665274558 961866 961507
0 15 10923 10916 1006101 2666084868 1087800 1044834
1 8 10159 10156 22484 2666891184 963745 962367
14 6 10950 10944 61174834 2636611180 31866237 6089378
8 3 10235 10232 280682 2668517716 987214 984013
8 5 10250 10244 266 2669830206 960173 960505
7 8 10107 10103 123600 2671903878 1004481 970844
1 12 11002 10998 7632 2672437808 1013964 961121
9 6 10647 10639 22683 2672752836 962779 962382
0 13 10514 10513 1491 2674929842 960564 960606
0 13 10515 10513 10210 2676443352 1040611 961339
14 4 10473 10471 30380 2676990552 966308 963029
8 7 10736 10732 27604 2677079848 968828 962795
2 11 10896 10891 1512617 2676792338 1377618 1087299
2 12 10291 10283 861738 2677532152 1066325 1032729
6 11 10439 10431 29866 2678507366 1001715 962984
7 14 10685 10684 6203268 2678129962 1668660 1480564
2 11 10895 10891 58250114 2659451334 20888118 5844172
7 11 10766 10760 18599495 2672828476 11354796 2519863
12 5 10930 10925 15842 2682517602 2164761 961808
1 8 10160 10156 6468529 2680817118 4027218 1502803
5 11 10598 10588 6881830 2683592894 1844201 1537453
8 5 10251 10244 11977247 2681477410 4257588 1964655
4 14 10643 10639 219618 2685098214 982608 978894
1 13 10222 10218 30347 2686311232 963753 963026
8 5 10252 10244 1008268 2686864600 1122259 1045016
13 3 10251 10248 182239 2687677092 990570 975761
0 14 10955 10952 56122 2688062458 966746 965188
8 1 10373 10368 984 2689047954 960629 960562
0 12 10372 10364 5579 2695568860 961106 960949
5 10 10962 10956 14819 2697480008 988561 961723
6 10 10643 10641 51377 2697928738 1139199 964789
15 6 10623 10621 7643 2698260274 1292514 961122
14 4 10474 10471 176713 2699639024 993748 975296
6 9 10884 10881 4684 2699745648 1038832 960873
2 15 10927 10919 130679 2699822804 998893 971437
15 1 10489 10482 1136248 2700618932 3316731 1055745
1 8 10161 10156 65453 2703439576 1137040 965969
0 10 10483 10477 8533261 2697981308 7175994 1675911
1 15 10849 10839 105986 2705331392 978788 969365
7 14 10686 10684 31031 2705869100 985516 963085
2 13 10358 10352 194 2705992094 960665 960499
14 4 10475 10471 24989650 2699951564 8965753 3055613
14 7 10458 10450 160816839 2666691046 46766588 14443364
7 12 10986 10984 6182 2714714186 961376 961001
1 12 11003 10998 795168 2715963188 1071353 1027150
2 13 10359 10352 13884 2717117308 965341 961644
4 9 10935 10931 9755 2718260368 980007 961298
12 1 10631 10628 11438 2720334076 1080864 961441
15 3 10307 10304 6290 2721095130 1015331 961010
14 3 10117 10113 7854906 2719389974 4271756 1619035
0 11 10634 10628 114524 2723305618 1059062 970083
3 14 10906 10902 14553 2726097648 1006488 961701
14 0 10287 10280 2468 2727424656 960815 960688
12 7 10835 10831 30376 2727863472 966289 963029
3 9 10025 10020 1529205 2728305388 1107714 1088691
5 11 10599 10588 30057706 2712791570 17034120 3480519
13 1 10086 10076 32363 2732152990 964108 963195
1 8 10162 10156 49825 2733202062 967370 964658
3 8 10067 10064 2007 2733175708 1082064 960652
0 10 10484 10477 30875 2735395296 965252 963069
11 6 10581 10579 501861 2736444874 1225251 1002556
4 10 10936 10930 1524655 2739633608 1310232 1088308
9 0 10184 10176 902 2740491324 1129837 960556
7 10 10504 10495 32959236 2722268718 19596750 3723785
15 2 10485 10481 412 2741120996 999436 960516
8 5 10253 10244 108816 2741282204 972857 969603
4 10 10937 10930 2312473 2742118274 1318347 1154359
2 15 10928 10919 1517210 2742952198 1209180 1087685
12 7 10836 10831 14268 2743836912 963040 961679
5 15 10928 10923 728 2745766396 960560 960542
0 10 10485 10477 8120126 2742286362 5272605 1641274
1 14 10519 10512 1693 2747068024 1225704 960623
13 4 10633 10629 424473 2748252660 1270914 996069
8 5 10254 10244 203908 2749410718 981456 977576
11 1 10396 10391 252619 2750448618 1171576 981661
4 15 10358 10354 75867 2751274328 1067723 966841
0 8 10282 10277 1358129 2753401126 1088361 1074348
9 5 10974 10967 1487781 2752326958 2340728 1085216
13 6 10705 10700 2566 2757655500 960976 960696
12 3 10750 10747 197198186 2394545710 364978384 17493579
2 9 10770 10769 988804 2760880748 3167759 1043382
4 15 10359 10354 168018 2765645684 987602 974570
0 10 10486 10477 3901835 2763526322 3375413 1287610
10 7 10126 10125 98401472 2556731796 211385802 9210461
10 2 10057 10051 404651 2767140426 1116576 994407
15 2 10486 10481 244919 2768476138 987858 981014
2 13 10360 10352 203807 2770517178 2139792 977567
4 13 10741 10738 79647 2771718810 974316 967158
3 10 10460 10457 136640 2773634672 1126967 971937
10 3 10162 10157 1878 2773904264 1119205 960637
11 4 10363 10359 1837842 2775482842 1173298 1114565
15 3 10309 10304 90187 2776425770 973734 968044
5 11 10601 10588 11147 2776709712 981052 961417
7 14 10689 10684 279995 2776759008 1000724 983954
7 14 10688 10684 2167967 2774609912 3378609 1142242
14 6 10951 10944 398550 2777138952 1034253 993896
15 4 10715 10712 22473 2779812918 963033 962366
1 13 10223 10218 2859139 2777897044 3759267 1200193
4 10 10938 10930 3882 2781267690 961012 960805
5 9 10694 10686 19210 2781653418 963956 962093
5 10 10963 10956 307413 2783288386 2282918 986255
6 15 10314 10307 18211 2786141930 963902 962009
12 1 10632 10628 913 2785977426 1160991 960556
9 5 10975 10967 3750 2790021386 961302 960795
4 10 10939 10930 4945 2792165278 961276 960894
10 5 10212 10204 981557 2792112286 1168231 1042775
11 5 10560 10552 13536605 2788065608 5355958 2095390
10 1 10759 10755 16498458 2782528966 10902503 2343712
8 1 10374 10368 27519 2792470638 1019461 962789
11 2 10916 10913 34330 2794262208 971707 963360
9 3 10739 10732 105716 2794782120 1104476 969344
5 15 10929 10923 1465 2795047294 960852 960604
7 11 10767 10760 77501 2796850496 968297 966979
9 7 10764 10759 1984380 2798243566 1304052 1126852
3 14 10907 10902 39416819 2747040992 53646151 4265186
15 0 10683 10675 4039 2799949030 961238 960822
12 1 10633 10628 6889 2800022466 1100051 961058
2 14 10813 10807 24013 2801108536 1110808 962497
6 13 10284 10281 790166 2802219356 1080378 1026730
4 15 10360 10354 3895 2805775138 1267406 960806
3 11 10067 10063 101605 2809218030 978516 969000
9 5 10976 10967 3987591 2815320518 5272277 1294801
11 4 10364 10359 151306 2820718398 1312774 973168
14 3 10118 10113 51410 2822318924 969789 964792
4 10 10940 10930 2752 2823060194 961256 960711
3 9 10026 10020 3544 2823906502 961466 960778
6 15 10315 10307 124662 2827855852 996886 970932
1 11 10110 10108 27107 2828951528 964961 962756
9 1 10246 10240 6331964 2828255064 1753602 1491352
8 0 10754 10749 25258 2834438490 2091015 962600
12 3 10752 10747 27377 2833985762 2621911 962777
3 13 10975 10970 22061 2836396086 1417650 962333
6 15 10316 10307 7658242 2832551426 7616659 1602549
8 5 10255 10244 16747618 2826099888 14577105 2364601
13 2 10655 10649 35350 2840020250 1027892 963446
15 4 10716 10712 21338635 2828748746 13257553 2749512
11 3 10823 10819 1369759 2842722234 1227227 1075321
7 14 10690 10684 215610 2844345282 2284893 978558
5 14 10445 10439 136174 2849083716 1106417 971900
7 9 10129 10126 112065 2854650290 1049569 969879
0 14 10958 10952 14550008 2842017936 14680894 2180356
5 12 10661 10657 14580 2856468170 967141 961704
4 11 10729 10720 236497 2857646992 2344925 980309
7 12 10987 10984 5637652 2851681746 8534001 1433142
10 0 10579 10573 14697 2859393992 1039510 961713
15 6 10624 10621 53398 2860331806 1107925 964959
4 12 10292 10284 709 2860706532 965561 960540
4 11 10730 10720 3841 2863076280 1077649 960802
6 14 10793 10786 53230368 2774322122 90425669 5423316
9 4 10660 10656 11535 2874088808 4609576 961448
4 15 10361 10354 365378 2883501008 1140554 991115
10 6 10894 10889 1616 2883958208 960818 960616
2 15 10930 10919 30481756 2846094316 38930722 3516071
15 1 10491 10482 1673 2884307332 960929 960621
5 11 10602 10588 77 2885422800 1126474 960490
5 11 10603 10588 225772 2887883548 1001527 979409
7 11 10768 10760 830 2892724672 1292640 960550
12 2 10039 10035 1428 2946077656 1071753 960601
4 11 10731 10720 14378 2945646734 2146841 961687
0 11 10635 10628 271 2954920962 1006936 960505
12 7 10838 10831 93052 2960876038 1147188 968285
12 2 10041 10035 21971 2965693878 1169484 962322
1 9 10406 10400 109864 2977186464 1150685 969691
2 15 10933 10919 210392 2985314182 1163218 978121
3 15 10858 10850 22128 3018857898 1055211 962338
1 15 10851 10839 6499 3019034754 1041675 961026
6 12 10626 10619 1558 3589315936 1625450 960612
12 3 10757 10747 434 3683052070 1486232 960518
