64
0 1 3 10000 1000000 0.13
1 2 3 10001 1000000 0.13
2 3 3 10002 1000000 0.13
3 4 3 10003 1000000 0.13
4 5 3 10004 1000000 0.13
5 6 3 10005 1000000 0.13
6 7 3 10006 1000000 0.13
7 8 3 10007 1000000 0.13
8 9 3 10008 1000000 0.13
9 10 3 10009 1000000 0.13
10 11 3 10010 1000000 0.13
11 12 3 10011 1000000 0.13
12 13 3 10012 1000000 0.13
13 14 3 10013 1000000 0.13
14 15 3 10014 1000000 0.13
15 16 3 10015 1000000 0.13
16 17 3 10016 1000000 0.13
17 18 3 10017 1000000 0.13
18 19 3 10018 1000000 0.13
19 20 3 10019 1000000 0.13
20 21 3 10020 1000000 0.13
21 22 3 10021 1000000 0.13
22 23 3 10022 1000000 0.13
23 24 3 10023 1000000 0.13
24 25 3 10024 1000000 0.13
25 26 3 10025 1000000 0.13
26 27 3 10026 1000000 0.13
27 28 3 10027 1000000 0.13
28 29 3 10028 1000000 0.13
29 30 3 10029 1000000 0.13
30 31 3 10030 1000000 0.13
31 32 3 10031 1000000 0.13
32 33 3 10032 1000000 0.13
33 34 3 10033 1000000 0.13
34 35 3 10034 1000000 0.13
35 36 3 10035 1000000 0.13
36 37 3 10036 1000000 0.13
37 38 3 10037 1000000 0.13
38 39 3 10038 1000000 0.13
39 40 3 10039 1000000 0.13
40 41 3 10040 1000000 0.13
41 42 3 10041 1000000 0.13
42 43 3 10042 1000000 0.13
43 44 3 10043 1000000 0.13
44 45 3 10044 1000000 0.13
45 46 3 10045 1000000 0.13
46 47 3 10046 1000000 0.13
47 48 3 10047 1000000 0.13
48 49 3 10048 1000000 0.13
49 50 3 10049 1000000 0.13
50 51 3 10050 1000000 0.13
51 52 3 10051 1000000 0.13
52 53 3 10052 1000000 0.13
53 54 3 10053 1000000 0.13
54 55 3 10054 1000000 0.13
55 56 3 10055 1000000 0.13
56 57 3 10056 1000000 0.13
57 58 3 10057 1000000 0.13
58 59 3 10058 1000000 0.13
59 60 3 10059 1000000 0.13
60 61 3 10060 1000000 0.13
61 62 3 10061 1000000 0.13
62 63 3 10062 1000000 0.13
63 0 3 10063 1000000 0.13
