1024
0 1 3 10000 1000000 0.13
1 2 3 10001 1000000 0.13
2 3 3 10002 1000000 0.13
3 4 3 10003 1000000 0.13
4 5 3 10004 1000000 0.13
5 6 3 10005 1000000 0.13
6 7 3 10006 1000000 0.13
7 8 3 10007 1000000 0.13
8 9 3 10008 1000000 0.13
9 10 3 10009 1000000 0.13
10 11 3 10010 1000000 0.13
11 12 3 10011 1000000 0.13
12 13 3 10012 1000000 0.13
13 14 3 10013 1000000 0.13
14 15 3 10014 1000000 0.13
15 16 3 10015 1000000 0.13
16 17 3 10016 1000000 0.13
17 18 3 10017 1000000 0.13
18 19 3 10018 1000000 0.13
19 20 3 10019 1000000 0.13
20 21 3 10020 1000000 0.13
21 22 3 10021 1000000 0.13
22 23 3 10022 1000000 0.13
23 24 3 10023 1000000 0.13
24 25 3 10024 1000000 0.13
25 26 3 10025 1000000 0.13
26 27 3 10026 1000000 0.13
27 28 3 10027 1000000 0.13
28 29 3 10028 1000000 0.13
29 30 3 10029 1000000 0.13
30 31 3 10030 1000000 0.13
31 32 3 10031 1000000 0.13
32 33 3 10032 1000000 0.13
33 34 3 10033 1000000 0.13
34 35 3 10034 1000000 0.13
35 36 3 10035 1000000 0.13
36 37 3 10036 1000000 0.13
37 38 3 10037 1000000 0.13
38 39 3 10038 1000000 0.13
39 40 3 10039 1000000 0.13
40 41 3 10040 1000000 0.13
41 42 3 10041 1000000 0.13
42 43 3 10042 1000000 0.13
43 44 3 10043 1000000 0.13
44 45 3 10044 1000000 0.13
45 46 3 10045 1000000 0.13
46 47 3 10046 1000000 0.13
47 48 3 10047 1000000 0.13
48 49 3 10048 1000000 0.13
49 50 3 10049 1000000 0.13
50 51 3 10050 1000000 0.13
51 52 3 10051 1000000 0.13
52 53 3 10052 1000000 0.13
53 54 3 10053 1000000 0.13
54 55 3 10054 1000000 0.13
55 56 3 10055 1000000 0.13
56 57 3 10056 1000000 0.13
57 58 3 10057 1000000 0.13
58 59 3 10058 1000000 0.13
59 60 3 10059 1000000 0.13
60 61 3 10060 1000000 0.13
61 62 3 10061 1000000 0.13
62 63 3 10062 1000000 0.13
63 0 3 10063 1000000 0.13
0 2 3 10064 1000000 0.13
1 3 3 10065 1000000 0.13
2 4 3 10066 1000000 0.13
3 5 3 10067 1000000 0.13
4 6 3 10068 1000000 0.13
5 7 3 10069 1000000 0.13
6 8 3 10070 1000000 0.13
7 9 3 10071 1000000 0.13
8 10 3 10072 1000000 0.13
9 11 3 10073 1000000 0.13
10 12 3 10074 1000000 0.13
11 13 3 10075 1000000 0.13
12 14 3 10076 1000000 0.13
13 15 3 10077 1000000 0.13
14 16 3 10078 1000000 0.13
15 17 3 10079 1000000 0.13
16 18 3 10080 1000000 0.13
17 19 3 10081 1000000 0.13
18 20 3 10082 1000000 0.13
19 21 3 10083 1000000 0.13
20 22 3 10084 1000000 0.13
21 23 3 10085 1000000 0.13
22 24 3 10086 1000000 0.13
23 25 3 10087 1000000 0.13
24 26 3 10088 1000000 0.13
25 27 3 10089 1000000 0.13
26 28 3 10090 1000000 0.13
27 29 3 10091 1000000 0.13
28 30 3 10092 1000000 0.13
29 31 3 10093 1000000 0.13
30 32 3 10094 1000000 0.13
31 33 3 10095 1000000 0.13
32 34 3 10096 1000000 0.13
33 35 3 10097 1000000 0.13
34 36 3 10098 1000000 0.13
35 37 3 10099 1000000 0.13
36 38 3 10100 1000000 0.13
37 39 3 10101 1000000 0.13
38 40 3 10102 1000000 0.13
39 41 3 10103 1000000 0.13
40 42 3 10104 1000000 0.13
41 43 3 10105 1000000 0.13
42 44 3 10106 1000000 0.13
43 45 3 10107 1000000 0.13
44 46 3 10108 1000000 0.13
45 47 3 10109 1000000 0.13
46 48 3 10110 1000000 0.13
47 49 3 10111 1000000 0.13
48 50 3 10112 1000000 0.13
49 51 3 10113 1000000 0.13
50 52 3 10114 1000000 0.13
51 53 3 10115 1000000 0.13
52 54 3 10116 1000000 0.13
53 55 3 10117 1000000 0.13
54 56 3 10118 1000000 0.13
55 57 3 10119 1000000 0.13
56 58 3 10120 1000000 0.13
57 59 3 10121 1000000 0.13
58 60 3 10122 1000000 0.13
59 61 3 10123 1000000 0.13
60 62 3 10124 1000000 0.13
61 63 3 10125 1000000 0.13
62 0 3 10126 1000000 0.13
63 1 3 10127 1000000 0.13
0 3 3 10128 1000000 0.13
1 4 3 10129 1000000 0.13
2 5 3 10130 1000000 0.13
3 6 3 10131 1000000 0.13
4 7 3 10132 1000000 0.13
5 8 3 10133 1000000 0.13
6 9 3 10134 1000000 0.13
7 10 3 10135 1000000 0.13
8 11 3 10136 1000000 0.13
9 12 3 10137 1000000 0.13
10 13 3 10138 1000000 0.13
11 14 3 10139 1000000 0.13
12 15 3 10140 1000000 0.13
13 16 3 10141 1000000 0.13
14 17 3 10142 1000000 0.13
15 18 3 10143 1000000 0.13
16 19 3 10144 1000000 0.13
17 20 3 10145 1000000 0.13
18 21 3 10146 1000000 0.13
19 22 3 10147 1000000 0.13
20 23 3 10148 1000000 0.13
21 24 3 10149 1000000 0.13
22 25 3 10150 1000000 0.13
23 26 3 10151 1000000 0.13
24 27 3 10152 1000000 0.13
25 28 3 10153 1000000 0.13
26 29 3 10154 1000000 0.13
27 30 3 10155 1000000 0.13
28 31 3 10156 1000000 0.13
29 32 3 10157 1000000 0.13
30 33 3 10158 1000000 0.13
31 34 3 10159 1000000 0.13
32 35 3 10160 1000000 0.13
33 36 3 10161 1000000 0.13
34 37 3 10162 1000000 0.13
35 38 3 10163 1000000 0.13
36 39 3 10164 1000000 0.13
37 40 3 10165 1000000 0.13
38 41 3 10166 1000000 0.13
39 42 3 10167 1000000 0.13
40 43 3 10168 1000000 0.13
41 44 3 10169 1000000 0.13
42 45 3 10170 1000000 0.13
43 46 3 10171 1000000 0.13
44 47 3 10172 1000000 0.13
45 48 3 10173 1000000 0.13
46 49 3 10174 1000000 0.13
47 50 3 10175 1000000 0.13
48 51 3 10176 1000000 0.13
49 52 3 10177 1000000 0.13
50 53 3 10178 1000000 0.13
51 54 3 10179 1000000 0.13
52 55 3 10180 1000000 0.13
53 56 3 10181 1000000 0.13
54 57 3 10182 1000000 0.13
55 58 3 10183 1000000 0.13
56 59 3 10184 1000000 0.13
57 60 3 10185 1000000 0.13
58 61 3 10186 1000000 0.13
59 62 3 10187 1000000 0.13
60 63 3 10188 1000000 0.13
61 0 3 10189 1000000 0.13
62 1 3 10190 1000000 0.13
63 2 3 10191 1000000 0.13
0 4 3 10192 1000000 0.13
1 5 3 10193 1000000 0.13
2 6 3 10194 1000000 0.13
3 7 3 10195 1000000 0.13
4 8 3 10196 1000000 0.13
5 9 3 10197 1000000 0.13
6 10 3 10198 1000000 0.13
7 11 3 10199 1000000 0.13
8 12 3 10200 1000000 0.13
9 13 3 10201 1000000 0.13
10 14 3 10202 1000000 0.13
11 15 3 10203 1000000 0.13
12 16 3 10204 1000000 0.13
13 17 3 10205 1000000 0.13
14 18 3 10206 1000000 0.13
15 19 3 10207 1000000 0.13
16 20 3 10208 1000000 0.13
17 21 3 10209 1000000 0.13
18 22 3 10210 1000000 0.13
19 23 3 10211 1000000 0.13
20 24 3 10212 1000000 0.13
21 25 3 10213 1000000 0.13
22 26 3 10214 1000000 0.13
23 27 3 10215 1000000 0.13
24 28 3 10216 1000000 0.13
25 29 3 10217 1000000 0.13
26 30 3 10218 1000000 0.13
27 31 3 10219 1000000 0.13
28 32 3 10220 1000000 0.13
29 33 3 10221 1000000 0.13
30 34 3 10222 1000000 0.13
31 35 3 10223 1000000 0.13
32 36 3 10224 1000000 0.13
33 37 3 10225 1000000 0.13
34 38 3 10226 1000000 0.13
35 39 3 10227 1000000 0.13
36 40 3 10228 1000000 0.13
37 41 3 10229 1000000 0.13
38 42 3 10230 1000000 0.13
39 43 3 10231 1000000 0.13
40 44 3 10232 1000000 0.13
41 45 3 10233 1000000 0.13
42 46 3 10234 1000000 0.13
43 47 3 10235 1000000 0.13
44 48 3 10236 1000000 0.13
45 49 3 10237 1000000 0.13
46 50 3 10238 1000000 0.13
47 51 3 10239 1000000 0.13
48 52 3 10240 1000000 0.13
49 53 3 10241 1000000 0.13
50 54 3 10242 1000000 0.13
51 55 3 10243 1000000 0.13
52 56 3 10244 1000000 0.13
53 57 3 10245 1000000 0.13
54 58 3 10246 1000000 0.13
55 59 3 10247 1000000 0.13
56 60 3 10248 1000000 0.13
57 61 3 10249 1000000 0.13
58 62 3 10250 1000000 0.13
59 63 3 10251 1000000 0.13
60 0 3 10252 1000000 0.13
61 1 3 10253 1000000 0.13
62 2 3 10254 1000000 0.13
63 3 3 10255 1000000 0.13
0 5 3 10256 1000000 0.13
1 6 3 10257 1000000 0.13
2 7 3 10258 1000000 0.13
3 8 3 10259 1000000 0.13
4 9 3 10260 1000000 0.13
5 10 3 10261 1000000 0.13
6 11 3 10262 1000000 0.13
7 12 3 10263 1000000 0.13
8 13 3 10264 1000000 0.13
9 14 3 10265 1000000 0.13
10 15 3 10266 1000000 0.13
11 16 3 10267 1000000 0.13
12 17 3 10268 1000000 0.13
13 18 3 10269 1000000 0.13
14 19 3 10270 1000000 0.13
15 20 3 10271 1000000 0.13
16 21 3 10272 1000000 0.13
17 22 3 10273 1000000 0.13
18 23 3 10274 1000000 0.13
19 24 3 10275 1000000 0.13
20 25 3 10276 1000000 0.13
21 26 3 10277 1000000 0.13
22 27 3 10278 1000000 0.13
23 28 3 10279 1000000 0.13
24 29 3 10280 1000000 0.13
25 30 3 10281 1000000 0.13
26 31 3 10282 1000000 0.13
27 32 3 10283 1000000 0.13
28 33 3 10284 1000000 0.13
29 34 3 10285 1000000 0.13
30 35 3 10286 1000000 0.13
31 36 3 10287 1000000 0.13
32 37 3 10288 1000000 0.13
33 38 3 10289 1000000 0.13
34 39 3 10290 1000000 0.13
35 40 3 10291 1000000 0.13
36 41 3 10292 1000000 0.13
37 42 3 10293 1000000 0.13
38 43 3 10294 1000000 0.13
39 44 3 10295 1000000 0.13
40 45 3 10296 1000000 0.13
41 46 3 10297 1000000 0.13
42 47 3 10298 1000000 0.13
43 48 3 10299 1000000 0.13
44 49 3 10300 1000000 0.13
45 50 3 10301 1000000 0.13
46 51 3 10302 1000000 0.13
47 52 3 10303 1000000 0.13
48 53 3 10304 1000000 0.13
49 54 3 10305 1000000 0.13
50 55 3 10306 1000000 0.13
51 56 3 10307 1000000 0.13
52 57 3 10308 1000000 0.13
53 58 3 10309 1000000 0.13
54 59 3 10310 1000000 0.13
55 60 3 10311 1000000 0.13
56 61 3 10312 1000000 0.13
57 62 3 10313 1000000 0.13
58 63 3 10314 1000000 0.13
59 0 3 10315 1000000 0.13
60 1 3 10316 1000000 0.13
61 2 3 10317 1000000 0.13
62 3 3 10318 1000000 0.13
63 4 3 10319 1000000 0.13
0 6 3 10320 1000000 0.13
1 7 3 10321 1000000 0.13
2 8 3 10322 1000000 0.13
3 9 3 10323 1000000 0.13
4 10 3 10324 1000000 0.13
5 11 3 10325 1000000 0.13
6 12 3 10326 1000000 0.13
7 13 3 10327 1000000 0.13
8 14 3 10328 1000000 0.13
9 15 3 10329 1000000 0.13
10 16 3 10330 1000000 0.13
11 17 3 10331 1000000 0.13
12 18 3 10332 1000000 0.13
13 19 3 10333 1000000 0.13
14 20 3 10334 1000000 0.13
15 21 3 10335 1000000 0.13
16 22 3 10336 1000000 0.13
17 23 3 10337 1000000 0.13
18 24 3 10338 1000000 0.13
19 25 3 10339 1000000 0.13
20 26 3 10340 1000000 0.13
21 27 3 10341 1000000 0.13
22 28 3 10342 1000000 0.13
23 29 3 10343 1000000 0.13
24 30 3 10344 1000000 0.13
25 31 3 10345 1000000 0.13
26 32 3 10346 1000000 0.13
27 33 3 10347 1000000 0.13
28 34 3 10348 1000000 0.13
29 35 3 10349 1000000 0.13
30 36 3 10350 1000000 0.13
31 37 3 10351 1000000 0.13
32 38 3 10352 1000000 0.13
33 39 3 10353 1000000 0.13
34 40 3 10354 1000000 0.13
35 41 3 10355 1000000 0.13
36 42 3 10356 1000000 0.13
37 43 3 10357 1000000 0.13
38 44 3 10358 1000000 0.13
39 45 3 10359 1000000 0.13
40 46 3 10360 1000000 0.13
41 47 3 10361 1000000 0.13
42 48 3 10362 1000000 0.13
43 49 3 10363 1000000 0.13
44 50 3 10364 1000000 0.13
45 51 3 10365 1000000 0.13
46 52 3 10366 1000000 0.13
47 53 3 10367 1000000 0.13
48 54 3 10368 1000000 0.13
49 55 3 10369 1000000 0.13
50 56 3 10370 1000000 0.13
51 57 3 10371 1000000 0.13
52 58 3 10372 1000000 0.13
53 59 3 10373 1000000 0.13
54 60 3 10374 1000000 0.13
55 61 3 10375 1000000 0.13
56 62 3 10376 1000000 0.13
57 63 3 10377 1000000 0.13
58 0 3 10378 1000000 0.13
59 1 3 10379 1000000 0.13
60 2 3 10380 1000000 0.13
61 3 3 10381 1000000 0.13
62 4 3 10382 1000000 0.13
63 5 3 10383 1000000 0.13
0 7 3 10384 1000000 0.13
1 8 3 10385 1000000 0.13
2 9 3 10386 1000000 0.13
3 10 3 10387 1000000 0.13
4 11 3 10388 1000000 0.13
5 12 3 10389 1000000 0.13
6 13 3 10390 1000000 0.13
7 14 3 10391 1000000 0.13
8 15 3 10392 1000000 0.13
9 16 3 10393 1000000 0.13
10 17 3 10394 1000000 0.13
11 18 3 10395 1000000 0.13
12 19 3 10396 1000000 0.13
13 20 3 10397 1000000 0.13
14 21 3 10398 1000000 0.13
15 22 3 10399 1000000 0.13
16 23 3 10400 1000000 0.13
17 24 3 10401 1000000 0.13
18 25 3 10402 1000000 0.13
19 26 3 10403 1000000 0.13
20 27 3 10404 1000000 0.13
21 28 3 10405 1000000 0.13
22 29 3 10406 1000000 0.13
23 30 3 10407 1000000 0.13
24 31 3 10408 1000000 0.13
25 32 3 10409 1000000 0.13
26 33 3 10410 1000000 0.13
27 34 3 10411 1000000 0.13
28 35 3 10412 1000000 0.13
29 36 3 10413 1000000 0.13
30 37 3 10414 1000000 0.13
31 38 3 10415 1000000 0.13
32 39 3 10416 1000000 0.13
33 40 3 10417 1000000 0.13
34 41 3 10418 1000000 0.13
35 42 3 10419 1000000 0.13
36 43 3 10420 1000000 0.13
37 44 3 10421 1000000 0.13
38 45 3 10422 1000000 0.13
39 46 3 10423 1000000 0.13
40 47 3 10424 1000000 0.13
41 48 3 10425 1000000 0.13
42 49 3 10426 1000000 0.13
43 50 3 10427 1000000 0.13
44 51 3 10428 1000000 0.13
45 52 3 10429 1000000 0.13
46 53 3 10430 1000000 0.13
47 54 3 10431 1000000 0.13
48 55 3 10432 1000000 0.13
49 56 3 10433 1000000 0.13
50 57 3 10434 1000000 0.13
51 58 3 10435 1000000 0.13
52 59 3 10436 1000000 0.13
53 60 3 10437 1000000 0.13
54 61 3 10438 1000000 0.13
55 62 3 10439 1000000 0.13
56 63 3 10440 1000000 0.13
57 0 3 10441 1000000 0.13
58 1 3 10442 1000000 0.13
59 2 3 10443 1000000 0.13
60 3 3 10444 1000000 0.13
61 4 3 10445 1000000 0.13
62 5 3 10446 1000000 0.13
63 6 3 10447 1000000 0.13
0 8 3 10448 1000000 0.13
1 9 3 10449 1000000 0.13
2 10 3 10450 1000000 0.13
3 11 3 10451 1000000 0.13
4 12 3 10452 1000000 0.13
5 13 3 10453 1000000 0.13
6 14 3 10454 1000000 0.13
7 15 3 10455 1000000 0.13
8 16 3 10456 1000000 0.13
9 17 3 10457 1000000 0.13
10 18 3 10458 1000000 0.13
11 19 3 10459 1000000 0.13
12 20 3 10460 1000000 0.13
13 21 3 10461 1000000 0.13
14 22 3 10462 1000000 0.13
15 23 3 10463 1000000 0.13
16 24 3 10464 1000000 0.13
17 25 3 10465 1000000 0.13
18 26 3 10466 1000000 0.13
19 27 3 10467 1000000 0.13
20 28 3 10468 1000000 0.13
21 29 3 10469 1000000 0.13
22 30 3 10470 1000000 0.13
23 31 3 10471 1000000 0.13
24 32 3 10472 1000000 0.13
25 33 3 10473 1000000 0.13
26 34 3 10474 1000000 0.13
27 35 3 10475 1000000 0.13
28 36 3 10476 1000000 0.13
29 37 3 10477 1000000 0.13
30 38 3 10478 1000000 0.13
31 39 3 10479 1000000 0.13
32 40 3 10480 1000000 0.13
33 41 3 10481 1000000 0.13
34 42 3 10482 1000000 0.13
35 43 3 10483 1000000 0.13
36 44 3 10484 1000000 0.13
37 45 3 10485 1000000 0.13
38 46 3 10486 1000000 0.13
39 47 3 10487 1000000 0.13
40 48 3 10488 1000000 0.13
41 49 3 10489 1000000 0.13
42 50 3 10490 1000000 0.13
43 51 3 10491 1000000 0.13
44 52 3 10492 1000000 0.13
45 53 3 10493 1000000 0.13
46 54 3 10494 1000000 0.13
47 55 3 10495 1000000 0.13
48 56 3 10496 1000000 0.13
49 57 3 10497 1000000 0.13
50 58 3 10498 1000000 0.13
51 59 3 10499 1000000 0.13
52 60 3 10500 1000000 0.13
53 61 3 10501 1000000 0.13
54 62 3 10502 1000000 0.13
55 63 3 10503 1000000 0.13
56 0 3 10504 1000000 0.13
57 1 3 10505 1000000 0.13
58 2 3 10506 1000000 0.13
59 3 3 10507 1000000 0.13
60 4 3 10508 1000000 0.13
61 5 3 10509 1000000 0.13
62 6 3 10510 1000000 0.13
63 7 3 10511 1000000 0.13
0 9 3 10512 1000000 0.13
1 10 3 10513 1000000 0.13
2 11 3 10514 1000000 0.13
3 12 3 10515 1000000 0.13
4 13 3 10516 1000000 0.13
5 14 3 10517 1000000 0.13
6 15 3 10518 1000000 0.13
7 16 3 10519 1000000 0.13
8 17 3 10520 1000000 0.13
9 18 3 10521 1000000 0.13
10 19 3 10522 1000000 0.13
11 20 3 10523 1000000 0.13
12 21 3 10524 1000000 0.13
13 22 3 10525 1000000 0.13
14 23 3 10526 1000000 0.13
15 24 3 10527 1000000 0.13
16 25 3 10528 1000000 0.13
17 26 3 10529 1000000 0.13
18 27 3 10530 1000000 0.13
19 28 3 10531 1000000 0.13
20 29 3 10532 1000000 0.13
21 30 3 10533 1000000 0.13
22 31 3 10534 1000000 0.13
23 32 3 10535 1000000 0.13
24 33 3 10536 1000000 0.13
25 34 3 10537 1000000 0.13
26 35 3 10538 1000000 0.13
27 36 3 10539 1000000 0.13
28 37 3 10540 1000000 0.13
29 38 3 10541 1000000 0.13
30 39 3 10542 1000000 0.13
31 40 3 10543 1000000 0.13
32 41 3 10544 1000000 0.13
33 42 3 10545 1000000 0.13
34 43 3 10546 1000000 0.13
35 44 3 10547 1000000 0.13
36 45 3 10548 1000000 0.13
37 46 3 10549 1000000 0.13
38 47 3 10550 1000000 0.13
39 48 3 10551 1000000 0.13
40 49 3 10552 1000000 0.13
41 50 3 10553 1000000 0.13
42 51 3 10554 1000000 0.13
43 52 3 10555 1000000 0.13
44 53 3 10556 1000000 0.13
45 54 3 10557 1000000 0.13
46 55 3 10558 1000000 0.13
47 56 3 10559 1000000 0.13
48 57 3 10560 1000000 0.13
49 58 3 10561 1000000 0.13
50 59 3 10562 1000000 0.13
51 60 3 10563 1000000 0.13
52 61 3 10564 1000000 0.13
53 62 3 10565 1000000 0.13
54 63 3 10566 1000000 0.13
55 0 3 10567 1000000 0.13
56 1 3 10568 1000000 0.13
57 2 3 10569 1000000 0.13
58 3 3 10570 1000000 0.13
59 4 3 10571 1000000 0.13
60 5 3 10572 1000000 0.13
61 6 3 10573 1000000 0.13
62 7 3 10574 1000000 0.13
63 8 3 10575 1000000 0.13
0 10 3 10576 1000000 0.13
1 11 3 10577 1000000 0.13
2 12 3 10578 1000000 0.13
3 13 3 10579 1000000 0.13
4 14 3 10580 1000000 0.13
5 15 3 10581 1000000 0.13
6 16 3 10582 1000000 0.13
7 17 3 10583 1000000 0.13
8 18 3 10584 1000000 0.13
9 19 3 10585 1000000 0.13
10 20 3 10586 1000000 0.13
11 21 3 10587 1000000 0.13
12 22 3 10588 1000000 0.13
13 23 3 10589 1000000 0.13
14 24 3 10590 1000000 0.13
15 25 3 10591 1000000 0.13
16 26 3 10592 1000000 0.13
17 27 3 10593 1000000 0.13
18 28 3 10594 1000000 0.13
19 29 3 10595 1000000 0.13
20 30 3 10596 1000000 0.13
21 31 3 10597 1000000 0.13
22 32 3 10598 1000000 0.13
23 33 3 10599 1000000 0.13
24 34 3 10600 1000000 0.13
25 35 3 10601 1000000 0.13
26 36 3 10602 1000000 0.13
27 37 3 10603 1000000 0.13
28 38 3 10604 1000000 0.13
29 39 3 10605 1000000 0.13
30 40 3 10606 1000000 0.13
31 41 3 10607 1000000 0.13
32 42 3 10608 1000000 0.13
33 43 3 10609 1000000 0.13
34 44 3 10610 1000000 0.13
35 45 3 10611 1000000 0.13
36 46 3 10612 1000000 0.13
37 47 3 10613 1000000 0.13
38 48 3 10614 1000000 0.13
39 49 3 10615 1000000 0.13
40 50 3 10616 1000000 0.13
41 51 3 10617 1000000 0.13
42 52 3 10618 1000000 0.13
43 53 3 10619 1000000 0.13
44 54 3 10620 1000000 0.13
45 55 3 10621 1000000 0.13
46 56 3 10622 1000000 0.13
47 57 3 10623 1000000 0.13
48 58 3 10624 1000000 0.13
49 59 3 10625 1000000 0.13
50 60 3 10626 1000000 0.13
51 61 3 10627 1000000 0.13
52 62 3 10628 1000000 0.13
53 63 3 10629 1000000 0.13
54 0 3 10630 1000000 0.13
55 1 3 10631 1000000 0.13
56 2 3 10632 1000000 0.13
57 3 3 10633 1000000 0.13
58 4 3 10634 1000000 0.13
59 5 3 10635 1000000 0.13
60 6 3 10636 1000000 0.13
61 7 3 10637 1000000 0.13
62 8 3 10638 1000000 0.13
63 9 3 10639 1000000 0.13
0 11 3 10640 1000000 0.13
1 12 3 10641 1000000 0.13
2 13 3 10642 1000000 0.13
3 14 3 10643 1000000 0.13
4 15 3 10644 1000000 0.13
5 16 3 10645 1000000 0.13
6 17 3 10646 1000000 0.13
7 18 3 10647 1000000 0.13
8 19 3 10648 1000000 0.13
9 20 3 10649 1000000 0.13
10 21 3 10650 1000000 0.13
11 22 3 10651 1000000 0.13
12 23 3 10652 1000000 0.13
13 24 3 10653 1000000 0.13
14 25 3 10654 1000000 0.13
15 26 3 10655 1000000 0.13
16 27 3 10656 1000000 0.13
17 28 3 10657 1000000 0.13
18 29 3 10658 1000000 0.13
19 30 3 10659 1000000 0.13
20 31 3 10660 1000000 0.13
21 32 3 10661 1000000 0.13
22 33 3 10662 1000000 0.13
23 34 3 10663 1000000 0.13
24 35 3 10664 1000000 0.13
25 36 3 10665 1000000 0.13
26 37 3 10666 1000000 0.13
27 38 3 10667 1000000 0.13
28 39 3 10668 1000000 0.13
29 40 3 10669 1000000 0.13
30 41 3 10670 1000000 0.13
31 42 3 10671 1000000 0.13
32 43 3 10672 1000000 0.13
33 44 3 10673 1000000 0.13
34 45 3 10674 1000000 0.13
35 46 3 10675 1000000 0.13
36 47 3 10676 1000000 0.13
37 48 3 10677 1000000 0.13
38 49 3 10678 1000000 0.13
39 50 3 10679 1000000 0.13
40 51 3 10680 1000000 0.13
41 52 3 10681 1000000 0.13
42 53 3 10682 1000000 0.13
43 54 3 10683 1000000 0.13
44 55 3 10684 1000000 0.13
45 56 3 10685 1000000 0.13
46 57 3 10686 1000000 0.13
47 58 3 10687 1000000 0.13
48 59 3 10688 1000000 0.13
49 60 3 10689 1000000 0.13
50 61 3 10690 1000000 0.13
51 62 3 10691 1000000 0.13
52 63 3 10692 1000000 0.13
53 0 3 10693 1000000 0.13
54 1 3 10694 1000000 0.13
55 2 3 10695 1000000 0.13
56 3 3 10696 1000000 0.13
57 4 3 10697 1000000 0.13
58 5 3 10698 1000000 0.13
59 6 3 10699 1000000 0.13
60 7 3 10700 1000000 0.13
61 8 3 10701 1000000 0.13
62 9 3 10702 1000000 0.13
63 10 3 10703 1000000 0.13
0 12 3 10704 1000000 0.13
1 13 3 10705 1000000 0.13
2 14 3 10706 1000000 0.13
3 15 3 10707 1000000 0.13
4 16 3 10708 1000000 0.13
5 17 3 10709 1000000 0.13
6 18 3 10710 1000000 0.13
7 19 3 10711 1000000 0.13
8 20 3 10712 1000000 0.13
9 21 3 10713 1000000 0.13
10 22 3 10714 1000000 0.13
11 23 3 10715 1000000 0.13
12 24 3 10716 1000000 0.13
13 25 3 10717 1000000 0.13
14 26 3 10718 1000000 0.13
15 27 3 10719 1000000 0.13
16 28 3 10720 1000000 0.13
17 29 3 10721 1000000 0.13
18 30 3 10722 1000000 0.13
19 31 3 10723 1000000 0.13
20 32 3 10724 1000000 0.13
21 33 3 10725 1000000 0.13
22 34 3 10726 1000000 0.13
23 35 3 10727 1000000 0.13
24 36 3 10728 1000000 0.13
25 37 3 10729 1000000 0.13
26 38 3 10730 1000000 0.13
27 39 3 10731 1000000 0.13
28 40 3 10732 1000000 0.13
29 41 3 10733 1000000 0.13
30 42 3 10734 1000000 0.13
31 43 3 10735 1000000 0.13
32 44 3 10736 1000000 0.13
33 45 3 10737 1000000 0.13
34 46 3 10738 1000000 0.13
35 47 3 10739 1000000 0.13
36 48 3 10740 1000000 0.13
37 49 3 10741 1000000 0.13
38 50 3 10742 1000000 0.13
39 51 3 10743 1000000 0.13
40 52 3 10744 1000000 0.13
41 53 3 10745 1000000 0.13
42 54 3 10746 1000000 0.13
43 55 3 10747 1000000 0.13
44 56 3 10748 1000000 0.13
45 57 3 10749 1000000 0.13
46 58 3 10750 1000000 0.13
47 59 3 10751 1000000 0.13
48 60 3 10752 1000000 0.13
49 61 3 10753 1000000 0.13
50 62 3 10754 1000000 0.13
51 63 3 10755 1000000 0.13
52 0 3 10756 1000000 0.13
53 1 3 10757 1000000 0.13
54 2 3 10758 1000000 0.13
55 3 3 10759 1000000 0.13
56 4 3 10760 1000000 0.13
57 5 3 10761 1000000 0.13
58 6 3 10762 1000000 0.13
59 7 3 10763 1000000 0.13
60 8 3 10764 1000000 0.13
61 9 3 10765 1000000 0.13
62 10 3 10766 1000000 0.13
63 11 3 10767 1000000 0.13
0 13 3 10768 1000000 0.13
1 14 3 10769 1000000 0.13
2 15 3 10770 1000000 0.13
3 16 3 10771 1000000 0.13
4 17 3 10772 1000000 0.13
5 18 3 10773 1000000 0.13
6 19 3 10774 1000000 0.13
7 20 3 10775 1000000 0.13
8 21 3 10776 1000000 0.13
9 22 3 10777 1000000 0.13
10 23 3 10778 1000000 0.13
11 24 3 10779 1000000 0.13
12 25 3 10780 1000000 0.13
13 26 3 10781 1000000 0.13
14 27 3 10782 1000000 0.13
15 28 3 10783 1000000 0.13
16 29 3 10784 1000000 0.13
17 30 3 10785 1000000 0.13
18 31 3 10786 1000000 0.13
19 32 3 10787 1000000 0.13
20 33 3 10788 1000000 0.13
21 34 3 10789 1000000 0.13
22 35 3 10790 1000000 0.13
23 36 3 10791 1000000 0.13
24 37 3 10792 1000000 0.13
25 38 3 10793 1000000 0.13
26 39 3 10794 1000000 0.13
27 40 3 10795 1000000 0.13
28 41 3 10796 1000000 0.13
29 42 3 10797 1000000 0.13
30 43 3 10798 1000000 0.13
31 44 3 10799 1000000 0.13
32 45 3 10800 1000000 0.13
33 46 3 10801 1000000 0.13
34 47 3 10802 1000000 0.13
35 48 3 10803 1000000 0.13
36 49 3 10804 1000000 0.13
37 50 3 10805 1000000 0.13
38 51 3 10806 1000000 0.13
39 52 3 10807 1000000 0.13
40 53 3 10808 1000000 0.13
41 54 3 10809 1000000 0.13
42 55 3 10810 1000000 0.13
43 56 3 10811 1000000 0.13
44 57 3 10812 1000000 0.13
45 58 3 10813 1000000 0.13
46 59 3 10814 1000000 0.13
47 60 3 10815 1000000 0.13
48 61 3 10816 1000000 0.13
49 62 3 10817 1000000 0.13
50 63 3 10818 1000000 0.13
51 0 3 10819 1000000 0.13
52 1 3 10820 1000000 0.13
53 2 3 10821 1000000 0.13
54 3 3 10822 1000000 0.13
55 4 3 10823 1000000 0.13
56 5 3 10824 1000000 0.13
57 6 3 10825 1000000 0.13
58 7 3 10826 1000000 0.13
59 8 3 10827 1000000 0.13
60 9 3 10828 1000000 0.13
61 10 3 10829 1000000 0.13
62 11 3 10830 1000000 0.13
63 12 3 10831 1000000 0.13
0 14 3 10832 1000000 0.13
1 15 3 10833 1000000 0.13
2 16 3 10834 1000000 0.13
3 17 3 10835 1000000 0.13
4 18 3 10836 1000000 0.13
5 19 3 10837 1000000 0.13
6 20 3 10838 1000000 0.13
7 21 3 10839 1000000 0.13
8 22 3 10840 1000000 0.13
9 23 3 10841 1000000 0.13
10 24 3 10842 1000000 0.13
11 25 3 10843 1000000 0.13
12 26 3 10844 1000000 0.13
13 27 3 10845 1000000 0.13
14 28 3 10846 1000000 0.13
15 29 3 10847 1000000 0.13
16 30 3 10848 1000000 0.13
17 31 3 10849 1000000 0.13
18 32 3 10850 1000000 0.13
19 33 3 10851 1000000 0.13
20 34 3 10852 1000000 0.13
21 35 3 10853 1000000 0.13
22 36 3 10854 1000000 0.13
23 37 3 10855 1000000 0.13
24 38 3 10856 1000000 0.13
25 39 3 10857 1000000 0.13
26 40 3 10858 1000000 0.13
27 41 3 10859 1000000 0.13
28 42 3 10860 1000000 0.13
29 43 3 10861 1000000 0.13
30 44 3 10862 1000000 0.13
31 45 3 10863 1000000 0.13
32 46 3 10864 1000000 0.13
33 47 3 10865 1000000 0.13
34 48 3 10866 1000000 0.13
35 49 3 10867 1000000 0.13
36 50 3 10868 1000000 0.13
37 51 3 10869 1000000 0.13
38 52 3 10870 1000000 0.13
39 53 3 10871 1000000 0.13
40 54 3 10872 1000000 0.13
41 55 3 10873 1000000 0.13
42 56 3 10874 1000000 0.13
43 57 3 10875 1000000 0.13
44 58 3 10876 1000000 0.13
45 59 3 10877 1000000 0.13
46 60 3 10878 1000000 0.13
47 61 3 10879 1000000 0.13
48 62 3 10880 1000000 0.13
49 63 3 10881 1000000 0.13
50 0 3 10882 1000000 0.13
51 1 3 10883 1000000 0.13
52 2 3 10884 1000000 0.13
53 3 3 10885 1000000 0.13
54 4 3 10886 1000000 0.13
55 5 3 10887 1000000 0.13
56 6 3 10888 1000000 0.13
57 7 3 10889 1000000 0.13
58 8 3 10890 1000000 0.13
59 9 3 10891 1000000 0.13
60 10 3 10892 1000000 0.13
61 11 3 10893 1000000 0.13
62 12 3 10894 1000000 0.13
63 13 3 10895 1000000 0.13
0 15 3 10896 1000000 0.13
1 16 3 10897 1000000 0.13
2 17 3 10898 1000000 0.13
3 18 3 10899 1000000 0.13
4 19 3 10900 1000000 0.13
5 20 3 10901 1000000 0.13
6 21 3 10902 1000000 0.13
7 22 3 10903 1000000 0.13
8 23 3 10904 1000000 0.13
9 24 3 10905 1000000 0.13
10 25 3 10906 1000000 0.13
11 26 3 10907 1000000 0.13
12 27 3 10908 1000000 0.13
13 28 3 10909 1000000 0.13
14 29 3 10910 1000000 0.13
15 30 3 10911 1000000 0.13
16 31 3 10912 1000000 0.13
17 32 3 10913 1000000 0.13
18 33 3 10914 1000000 0.13
19 34 3 10915 1000000 0.13
20 35 3 10916 1000000 0.13
21 36 3 10917 1000000 0.13
22 37 3 10918 1000000 0.13
23 38 3 10919 1000000 0.13
24 39 3 10920 1000000 0.13
25 40 3 10921 1000000 0.13
26 41 3 10922 1000000 0.13
27 42 3 10923 1000000 0.13
28 43 3 10924 1000000 0.13
29 44 3 10925 1000000 0.13
30 45 3 10926 1000000 0.13
31 46 3 10927 1000000 0.13
32 47 3 10928 1000000 0.13
33 48 3 10929 1000000 0.13
34 49 3 10930 1000000 0.13
35 50 3 10931 1000000 0.13
36 51 3 10932 1000000 0.13
37 52 3 10933 1000000 0.13
38 53 3 10934 1000000 0.13
39 54 3 10935 1000000 0.13
40 55 3 10936 1000000 0.13
41 56 3 10937 1000000 0.13
42 57 3 10938 1000000 0.13
43 58 3 10939 1000000 0.13
44 59 3 10940 1000000 0.13
45 60 3 10941 1000000 0.13
46 61 3 10942 1000000 0.13
47 62 3 10943 1000000 0.13
48 63 3 10944 1000000 0.13
49 0 3 10945 1000000 0.13
50 1 3 10946 1000000 0.13
51 2 3 10947 1000000 0.13
52 3 3 10948 1000000 0.13
53 4 3 10949 1000000 0.13
54 5 3 10950 1000000 0.13
55 6 3 10951 1000000 0.13
56 7 3 10952 1000000 0.13
57 8 3 10953 1000000 0.13
58 9 3 10954 1000000 0.13
59 10 3 10955 1000000 0.13
60 11 3 10956 1000000 0.13
61 12 3 10957 1000000 0.13
62 13 3 10958 1000000 0.13
63 14 3 10959 1000000 0.13
0 16 3 10960 1000000 0.13
1 17 3 10961 1000000 0.13
2 18 3 10962 1000000 0.13
3 19 3 10963 1000000 0.13
4 20 3 10964 1000000 0.13
5 21 3 10965 1000000 0.13
6 22 3 10966 1000000 0.13
7 23 3 10967 1000000 0.13
8 24 3 10968 1000000 0.13
9 25 3 10969 1000000 0.13
10 26 3 10970 1000000 0.13
11 27 3 10971 1000000 0.13
12 28 3 10972 1000000 0.13
13 29 3 10973 1000000 0.13
14 30 3 10974 1000000 0.13
15 31 3 10975 1000000 0.13
16 32 3 10976 1000000 0.13
17 33 3 10977 1000000 0.13
18 34 3 10978 1000000 0.13
19 35 3 10979 1000000 0.13
20 36 3 10980 1000000 0.13
21 37 3 10981 1000000 0.13
22 38 3 10982 1000000 0.13
23 39 3 10983 1000000 0.13
24 40 3 10984 1000000 0.13
25 41 3 10985 1000000 0.13
26 42 3 10986 1000000 0.13
27 43 3 10987 1000000 0.13
28 44 3 10988 1000000 0.13
29 45 3 10989 1000000 0.13
30 46 3 10990 1000000 0.13
31 47 3 10991 1000000 0.13
32 48 3 10992 1000000 0.13
33 49 3 10993 1000000 0.13
34 50 3 10994 1000000 0.13
35 51 3 10995 1000000 0.13
36 52 3 10996 1000000 0.13
37 53 3 10997 1000000 0.13
38 54 3 10998 1000000 0.13
39 55 3 10999 1000000 0.13
40 56 3 11000 1000000 0.13
41 57 3 11001 1000000 0.13
42 58 3 11002 1000000 0.13
43 59 3 11003 1000000 0.13
44 60 3 11004 1000000 0.13
45 61 3 11005 1000000 0.13
46 62 3 11006 1000000 0.13
47 63 3 11007 1000000 0.13
48 0 3 11008 1000000 0.13
49 1 3 11009 1000000 0.13
50 2 3 11010 1000000 0.13
51 3 3 11011 1000000 0.13
52 4 3 11012 1000000 0.13
53 5 3 11013 1000000 0.13
54 6 3 11014 1000000 0.13
55 7 3 11015 1000000 0.13
56 8 3 11016 1000000 0.13
57 9 3 11017 1000000 0.13
58 10 3 11018 1000000 0.13
59 11 3 11019 1000000 0.13
60 12 3 11020 1000000 0.13
61 13 3 11021 1000000 0.13
62 14 3 11022 1000000 0.13
63 15 3 11023 1000000 0.13
