256
0 1 3 10000 1000000 0.13
1 2 3 10001 1000000 0.13
2 3 3 10002 1000000 0.13
3 4 3 10003 1000000 0.13
4 5 3 10004 1000000 0.13
5 6 3 10005 1000000 0.13
6 7 3 10006 1000000 0.13
7 8 3 10007 1000000 0.13
8 9 3 10008 1000000 0.13
9 10 3 10009 1000000 0.13
10 11 3 10010 1000000 0.13
11 12 3 10011 1000000 0.13
12 13 3 10012 1000000 0.13
13 14 3 10013 1000000 0.13
14 15 3 10014 1000000 0.13
15 16 3 10015 1000000 0.13
16 17 3 10016 1000000 0.13
17 18 3 10017 1000000 0.13
18 19 3 10018 1000000 0.13
19 20 3 10019 1000000 0.13
20 21 3 10020 1000000 0.13
21 22 3 10021 1000000 0.13
22 23 3 10022 1000000 0.13
23 24 3 10023 1000000 0.13
24 25 3 10024 1000000 0.13
25 26 3 10025 1000000 0.13
26 27 3 10026 1000000 0.13
27 28 3 10027 1000000 0.13
28 29 3 10028 1000000 0.13
29 30 3 10029 1000000 0.13
30 31 3 10030 1000000 0.13
31 32 3 10031 1000000 0.13
32 33 3 10032 1000000 0.13
33 34 3 10033 1000000 0.13
34 35 3 10034 1000000 0.13
35 36 3 10035 1000000 0.13
36 37 3 10036 1000000 0.13
37 38 3 10037 1000000 0.13
38 39 3 10038 1000000 0.13
39 40 3 10039 1000000 0.13
40 41 3 10040 1000000 0.13
41 42 3 10041 1000000 0.13
42 43 3 10042 1000000 0.13
43 44 3 10043 1000000 0.13
44 45 3 10044 1000000 0.13
45 46 3 10045 1000000 0.13
46 47 3 10046 1000000 0.13
47 48 3 10047 1000000 0.13
48 49 3 10048 1000000 0.13
49 50 3 10049 1000000 0.13
50 51 3 10050 1000000 0.13
51 52 3 10051 1000000 0.13
52 53 3 10052 1000000 0.13
53 54 3 10053 1000000 0.13
54 55 3 10054 1000000 0.13
55 56 3 10055 1000000 0.13
56 57 3 10056 1000000 0.13
57 58 3 10057 1000000 0.13
58 59 3 10058 1000000 0.13
59 60 3 10059 1000000 0.13
60 61 3 10060 1000000 0.13
61 62 3 10061 1000000 0.13
62 63 3 10062 1000000 0.13
63 0 3 10063 1000000 0.13
0 2 3 10064 1000000 0.13
1 3 3 10065 1000000 0.13
2 4 3 10066 1000000 0.13
3 5 3 10067 1000000 0.13
4 6 3 10068 1000000 0.13
5 7 3 10069 1000000 0.13
6 8 3 10070 1000000 0.13
7 9 3 10071 1000000 0.13
8 10 3 10072 1000000 0.13
9 11 3 10073 1000000 0.13
10 12 3 10074 1000000 0.13
11 13 3 10075 1000000 0.13
12 14 3 10076 1000000 0.13
13 15 3 10077 1000000 0.13
14 16 3 10078 1000000 0.13
15 17 3 10079 1000000 0.13
16 18 3 10080 1000000 0.13
17 19 3 10081 1000000 0.13
18 20 3 10082 1000000 0.13
19 21 3 10083 1000000 0.13
20 22 3 10084 1000000 0.13
21 23 3 10085 1000000 0.13
22 24 3 10086 1000000 0.13
23 25 3 10087 1000000 0.13
24 26 3 10088 1000000 0.13
25 27 3 10089 1000000 0.13
26 28 3 10090 1000000 0.13
27 29 3 10091 1000000 0.13
28 30 3 10092 1000000 0.13
29 31 3 10093 1000000 0.13
30 32 3 10094 1000000 0.13
31 33 3 10095 1000000 0.13
32 34 3 10096 1000000 0.13
33 35 3 10097 1000000 0.13
34 36 3 10098 1000000 0.13
35 37 3 10099 1000000 0.13
36 38 3 10100 1000000 0.13
37 39 3 10101 1000000 0.13
38 40 3 10102 1000000 0.13
39 41 3 10103 1000000 0.13
40 42 3 10104 1000000 0.13
41 43 3 10105 1000000 0.13
42 44 3 10106 1000000 0.13
43 45 3 10107 1000000 0.13
44 46 3 10108 1000000 0.13
45 47 3 10109 1000000 0.13
46 48 3 10110 1000000 0.13
47 49 3 10111 1000000 0.13
48 50 3 10112 1000000 0.13
49 51 3 10113 1000000 0.13
50 52 3 10114 1000000 0.13
51 53 3 10115 1000000 0.13
52 54 3 10116 1000000 0.13
53 55 3 10117 1000000 0.13
54 56 3 10118 1000000 0.13
55 57 3 10119 1000000 0.13
56 58 3 10120 1000000 0.13
57 59 3 10121 1000000 0.13
58 60 3 10122 1000000 0.13
59 61 3 10123 1000000 0.13
60 62 3 10124 1000000 0.13
61 63 3 10125 1000000 0.13
62 0 3 10126 1000000 0.13
63 1 3 10127 1000000 0.13
0 3 3 10128 1000000 0.13
1 4 3 10129 1000000 0.13
2 5 3 10130 1000000 0.13
3 6 3 10131 1000000 0.13
4 7 3 10132 1000000 0.13
5 8 3 10133 1000000 0.13
6 9 3 10134 1000000 0.13
7 10 3 10135 1000000 0.13
8 11 3 10136 1000000 0.13
9 12 3 10137 1000000 0.13
10 13 3 10138 1000000 0.13
11 14 3 10139 1000000 0.13
12 15 3 10140 1000000 0.13
13 16 3 10141 1000000 0.13
14 17 3 10142 1000000 0.13
15 18 3 10143 1000000 0.13
16 19 3 10144 1000000 0.13
17 20 3 10145 1000000 0.13
18 21 3 10146 1000000 0.13
19 22 3 10147 1000000 0.13
20 23 3 10148 1000000 0.13
21 24 3 10149 1000000 0.13
22 25 3 10150 1000000 0.13
23 26 3 10151 1000000 0.13
24 27 3 10152 1000000 0.13
25 28 3 10153 1000000 0.13
26 29 3 10154 1000000 0.13
27 30 3 10155 1000000 0.13
28 31 3 10156 1000000 0.13
29 32 3 10157 1000000 0.13
30 33 3 10158 1000000 0.13
31 34 3 10159 1000000 0.13
32 35 3 10160 1000000 0.13
33 36 3 10161 1000000 0.13
34 37 3 10162 1000000 0.13
35 38 3 10163 1000000 0.13
36 39 3 10164 1000000 0.13
37 40 3 10165 1000000 0.13
38 41 3 10166 1000000 0.13
39 42 3 10167 1000000 0.13
40 43 3 10168 1000000 0.13
41 44 3 10169 1000000 0.13
42 45 3 10170 1000000 0.13
43 46 3 10171 1000000 0.13
44 47 3 10172 1000000 0.13
45 48 3 10173 1000000 0.13
46 49 3 10174 1000000 0.13
47 50 3 10175 1000000 0.13
48 51 3 10176 1000000 0.13
49 52 3 10177 1000000 0.13
50 53 3 10178 1000000 0.13
51 54 3 10179 1000000 0.13
52 55 3 10180 1000000 0.13
53 56 3 10181 1000000 0.13
54 57 3 10182 1000000 0.13
55 58 3 10183 1000000 0.13
56 59 3 10184 1000000 0.13
57 60 3 10185 1000000 0.13
58 61 3 10186 1000000 0.13
59 62 3 10187 1000000 0.13
60 63 3 10188 1000000 0.13
61 0 3 10189 1000000 0.13
62 1 3 10190 1000000 0.13
63 2 3 10191 1000000 0.13
0 4 3 10192 1000000 0.13
1 5 3 10193 1000000 0.13
2 6 3 10194 1000000 0.13
3 7 3 10195 1000000 0.13
4 8 3 10196 1000000 0.13
5 9 3 10197 1000000 0.13
6 10 3 10198 1000000 0.13
7 11 3 10199 1000000 0.13
8 12 3 10200 1000000 0.13
9 13 3 10201 1000000 0.13
10 14 3 10202 1000000 0.13
11 15 3 10203 1000000 0.13
12 16 3 10204 1000000 0.13
13 17 3 10205 1000000 0.13
14 18 3 10206 1000000 0.13
15 19 3 10207 1000000 0.13
16 20 3 10208 1000000 0.13
17 21 3 10209 1000000 0.13
18 22 3 10210 1000000 0.13
19 23 3 10211 1000000 0.13
20 24 3 10212 1000000 0.13
21 25 3 10213 1000000 0.13
22 26 3 10214 1000000 0.13
23 27 3 10215 1000000 0.13
24 28 3 10216 1000000 0.13
25 29 3 10217 1000000 0.13
26 30 3 10218 1000000 0.13
27 31 3 10219 1000000 0.13
28 32 3 10220 1000000 0.13
29 33 3 10221 1000000 0.13
30 34 3 10222 1000000 0.13
31 35 3 10223 1000000 0.13
32 36 3 10224 1000000 0.13
33 37 3 10225 1000000 0.13
34 38 3 10226 1000000 0.13
35 39 3 10227 1000000 0.13
36 40 3 10228 1000000 0.13
37 41 3 10229 1000000 0.13
38 42 3 10230 1000000 0.13
39 43 3 10231 1000000 0.13
40 44 3 10232 1000000 0.13
41 45 3 10233 1000000 0.13
42 46 3 10234 1000000 0.13
43 47 3 10235 1000000 0.13
44 48 3 10236 1000000 0.13
45 49 3 10237 1000000 0.13
46 50 3 10238 1000000 0.13
47 51 3 10239 1000000 0.13
48 52 3 10240 1000000 0.13
49 53 3 10241 1000000 0.13
50 54 3 10242 1000000 0.13
51 55 3 10243 1000000 0.13
52 56 3 10244 1000000 0.13
53 57 3 10245 1000000 0.13
54 58 3 10246 1000000 0.13
55 59 3 10247 1000000 0.13
56 60 3 10248 1000000 0.13
57 61 3 10249 1000000 0.13
58 62 3 10250 1000000 0.13
59 63 3 10251 1000000 0.13
60 0 3 10252 1000000 0.13
61 1 3 10253 1000000 0.13
62 2 3 10254 1000000 0.13
63 3 3 10255 1000000 0.13
