64
0 1 3 10000 1000000 0.130000000
1 2 3 10001 1000000 0.130000000
2 3 3 10002 1000000 0.130000000
3 4 3 10003 1000000 0.130000000
4 5 3 10004 1000000 0.130000000
5 6 3 10005 1000000 0.130000000
6 7 3 10006 1000000 0.130000000
7 8 3 10007 1000000 0.130000000
8 9 3 10008 1000000 0.130000000
9 10 3 10009 1000000 0.130000000
10 11 3 10010 1000000 0.130000000
11 12 3 10011 1000000 0.130000000
12 13 3 10012 1000000 0.130000000
13 14 3 10013 1000000 0.130000000
14 15 3 10014 1000000 0.130000000
15 16 3 10015 1000000 0.130000000
16 17 3 10016 1000000 0.130000000
17 18 3 10017 1000000 0.130000000
18 19 3 10018 1000000 0.130000000
19 20 3 10019 1000000 0.130000000
20 21 3 10020 1000000 0.130000000
21 22 3 10021 1000000 0.130000000
22 23 3 10022 1000000 0.130000000
23 24 3 10023 1000000 0.130000000
24 25 3 10024 1000000 0.130000000
25 26 3 10025 1000000 0.130000000
26 27 3 10026 1000000 0.130000000
27 28 3 10027 1000000 0.130000000
28 29 3 10028 1000000 0.130000000
29 30 3 10029 1000000 0.130000000
30 31 3 10030 1000000 0.130000000
31 32 3 10031 1000000 0.130000000
32 33 3 10032 1000000 0.130000000
33 34 3 10033 1000000 0.130000000
34 35 3 10034 1000000 0.130000000
35 36 3 10035 1000000 0.130000000
36 37 3 10036 1000000 0.130000000
37 38 3 10037 1000000 0.130000000
38 39 3 10038 1000000 0.130000000
39 40 3 10039 1000000 0.130000000
40 41 3 10040 1000000 0.130000000
41 42 3 10041 1000000 0.130000000
42 43 3 10042 1000000 0.130000000
43 44 3 10043 1000000 0.130000000
44 45 3 10044 1000000 0.130000000
45 46 3 10045 1000000 0.130000000
46 47 3 10046 1000000 0.130000000
47 48 3 10047 1000000 0.130000000
48 49 3 10048 1000000 0.130000000
49 50 3 10049 1000000 0.130000000
50 51 3 10050 1000000 0.130000000
51 52 3 10051 1000000 0.130000000
52 53 3 10052 1000000 0.130000000
53 54 3 10053 1000000 0.130000000
54 55 3 10054 1000000 0.130000000
55 56 3 10055 1000000 0.130000000
56 57 3 10056 1000000 0.130000000
57 58 3 10057 1000000 0.130000000
58 59 3 10058 1000000 0.130000000
59 60 3 10059 1000000 0.130000000
60 61 3 10060 1000000 0.130000000
61 62 3 10061 1000000 0.130000000
62 63 3 10062 1000000 0.130000000
63 0 3 10063 1000000 0.130000000
