5 15 10923 10923 90079 2001067784 1207827 1207955
15 5 10182 10182 509163 2001088614 1242610 1243091
5 9 10686 10686 600 2002767614 1200270 1200451
10 1 10755 10755 2146 2004960162 1200528 1200583
2 8 10526 10526 42500 2004977142 1203876 1203965
10 2 10051 10051 4753 2005840162 1200743 1200799
6 9 10881 10881 102513 2007255930 1208866 1208996
1 10 10129 10129 18993065 2006665104 2776926 2792782
6 8 10147 10147 1420331 2008216940 1318343 1319483
10 5 10204 10204 31369 2009669160 1205511 1203032
10 3 10157 10157 3024908 2009450408 1454044 1454008
1 10 10130 10129 242214 2011637722 1220588 1220710
12 6 10873 10873 1046 2012538202 1200457 1200491
8 6 10152 10152 6654 2012907810 1201417 1200959
9 0 10176 10176 6646 2013398250 1202229 1200958
15 5 10183 10182 21300 2013928142 1203817 1202188
9 6 10639 10639 18411491 2012697838 2729090 2744021
14 2 10719 10719 3093 2016511588 1281858 1200662
2 13 10352 10352 69513 2016767872 1206417 1206229
3 15 10850 10850 4124571 2017841046 1556087 1546205
14 1 10546 10546 3643401 2016118664 3928115 1505865
0 12 10364 10364 40809628 2016088830 4680545 4621880
9 1 10240 10240 13562198 2015831574 5140703 2337457
4 10 10930 10930 1920 2020616018 1200624 1200561
0 14 10952 10952 853340 2020630650 1273140 1271946
13 7 10316 10316 832162 2020873486 1269459 1270171
9 4 10656 10656 44007 2021160466 1204044 1204093
9 3 10732 10732 2366 2021248720 1200547 1200600
3 12 10238 10238 119451 2022243542 1210456 1210416
9 5 10967 10967 488 2022875970 1200397 1200442
0 11 10628 10628 96478 2023468212 1209058 1208490
2 10 10400 10400 2311799 2023472302 1392415 1394222
2 9 10769 10769 230220 2025908294 1219648 1219704
8 5 10244 10244 38831 2026006824 1203611 1203656
5 11 10588 10588 53917 2026416324 1204911 1204920
3 11 10063 10063 622336 2026433268 1252182 1252579
10 5 10205 10204 111772 2027443530 1209665 1209771
0 8 10277 10277 59287 2028342360 1205980 1205373
0 13 10513 10513 128220 2030569854 1211779 1211152
12 5 10925 10925 3350 2031932872 1200994 1200683
6 10 10641 10641 16427 2031972528 1248987 1201779
12 1 10628 10628 8383519 2028669646 4573531 1903276
3 9 10020 10020 2567 2032511610 1206278 1200616
1 12 10998 10998 216762 2032688544 1254385 1218574
14 7 10450 10450 52727 2034119716 1246789 1204821
0 8 10278 10277 63999 2034810046 1214104 1205765
14 0 10280 10280 4558388 2033435978 4219768 1582577
5 14 10439 10439 643 2036362960 1428174 1200455
8 6 10153 10152 5817 2036648464 1219280 1200888
3 14 10902 10902 4736328 2035064548 4125017 1597496
6 14 10787 10786 7335 2038914474 1201406 1201017
11 2 10913 10913 377464 2040615394 1240353 1232048
7 14 10684 10684 685722 2040978880 1362074 1257892
12 3 10747 10747 225 2041324544 1200454 1200421
6 14 10786 10786 49375864 2033697624 9117233 5340072
10 6 10889 10889 11681 2041628200 1210143 1201380
5 11 10589 10588 5590 2041782372 1209042 1200870
3 11 10064 10063 2020 2042450372 1223429 1200573
2 10 10401 10400 37750 2042968696 1206742 1203565
11 5 10552 10552 34202 2043269826 1232699 1203270
4 13 10738 10738 28458 2043352348 1202956 1202788
5 12 10657 10657 2160 2044470006 1242564 1200584
14 7 10452 10450 1235567 2044978872 1349789 1303991
12 1 10629 10628 1854 2046824540 1200831 1200556
0 12 10365 10364 18381918 2046284144 2809343 2741540
7 11 10760 10760 196688 2048595716 1314877 1216891
13 6 10701 10700 91568 2048878674 2534174 1208078
14 2 10720 10719 3197 2051835570 1269106 1200671
14 2 10721 10719 201769 2053668000 2554982 1217317
14 6 10945 10944 69521 2053921138 2563008 1206230
2 11 10891 10891 119861 2056630272 1210458 1210449
14 6 10944 10944 51538141 2032483174 25983245 5521361
14 6 10946 10944 957646 2057574762 1349918 1280690
2 14 10807 10807 1078350 2057683814 1348291 1290811
10 4 10999 10999 13754507 2045294344 14018144 2353579
14 1 10547 10546 147148 2058267412 1223340 1212740
7 12 10984 10984 55715103 2048956708 10541385 5871557
3 8 10064 10064 11950833 2057256904 2289732 2202358
5 8 10350 10350 11510 2058249332 1298626 1201366
1 15 10839 10839 602347 2058326506 1319772 1250903
9 6 10640 10639 41481 2058519064 1223405 1203879
12 5 10927 10925 1359 2058791460 1236196 1200516
8 0 10749 10749 7500 2059131092 1263561 1201030
4 15 10354 10354 1741570 2059722730 1346444 1346414
1 13 10218 10218 4068882 2061199624 1538665 1541535
11 0 10164 10163 2039 2061583940 1200883 1200574
11 0 10165 10163 1726565 2061942082 1417348 1345156
6 12 10619 10619 3629075 2062193652 1505843 1504665
3 11 10065 10063 238 2063231178 1200427 1200422
6 8 10148 10147 120712 2063517062 1210922 1210521
13 1 10076 10076 29451534 2053159992 11786191 3669618
1 9 10400 10400 8496 2066483470 1217145 1201114
8 5 10245 10244 608360 2066752602 1271492 1251407
11 0 10166 10163 47392 2067353350 1210436 1204375
1 15 10840 10839 55314 2067446364 1205241 1205040
2 15 10919 10919 87920 2067570884 1208026 1207771
8 1 10368 10368 308245 2068188472 1233686 1226246
8 1 10369 10368 29636 2068612768 1203713 1202886
6 11 10431 10431 4137 2068638350 1219309 1200750
10 4 11000 10999 2974641 2068701872 1563273 1449795
1 14 10512 10512 203675 2069538550 1265310 1217477
2 11 10892 10891 2016168 2069353472 1531031 1369438
7 13 10935 10935 248625 2070021216 1262483 1221246
4 9 10931 10931 117411 2070698288 1217023 1210246
9 7 10759 10759 159063 2071523586 1214200 1213739
4 8 10437 10437 2546682 2071538442 1412099 1413915
11 2 10914 10913 549830 2072619886 1350772 1246498
0 8 10279 10277 564890 2074708638 1258517 1247760
4 12 10284 10284 110641 2074970130 1209789 1209677
5 9 10687 10686 2680 2075331072 1200571 1200625
9 5 10968 10967 1470477 2077153486 1412454 1323686
11 0 10163 10163 103842919 2049131864 30320946 9906590
11 5 10553 10552 13043 2078221962 1246757 1201497
7 11 10761 10760 51806562 2061980968 18591055 5543863
14 7 10453 10450 1402 2080839154 1254297 1200519
0 15 10916 10916 7266445 2080829246 1823163 1809620
12 6 10874 10873 9032 2082016500 1222962 1201160
8 2 10294 10294 43811 2081666958 2487276 1204073
4 12 10285 10284 90180 2083029248 1210319 1207963
13 5 10229 10229 15694 2081644156 2650798 1201716
15 1 10482 10482 2462046 2085697708 1782576 1406821
15 0 10675 10675 379033189 2008597424 78992972 32978545
3 13 10970 10970 19763 2086641840 1202005 1202057
2 12 10283 10283 6055766 2084473652 4238627 1708116
4 14 10639 10639 29090 2088004572 1203559 1202842
9 3 10733 10732 8898 2088260642 1201277 1201146
13 1 10077 10076 71599 2088260000 1206483 1206404
6 13 10281 10281 11467 2088412374 1201756 1201363
14 4 10471 10471 87523 2088965966 1208111 1207739
9 7 10760 10759 83078 2089074376 1207883 1207368
2 15 10920 10919 59246438 2072473414 18759776 6167623
13 6 10700 10700 95537729 2028083746 63178914 9210284
0 10 10477 10477 32591 2090926560 1205420 1203134
8 3 10232 10232 21973 2091021344 1202320 1202242
2 15 10921 10919 684725 2091328188 1268202 1257808
10 5 10206 10204 90478 2092047042 1208532 1207987
2 10 10402 10400 6475 2092234720 1201449 1200944
8 5 10246 10244 24162424 2080565292 13922189 3226179
15 5 10184 10182 45023506 2073492130 21123529 4975172
10 4 11001 10999 289483 2094236578 1233640 1224672
14 0 10281 10280 1793451 2094169372 1354012 1350765
2 10 10403 10400 326 2095697738 1202083 1200429
13 1 10078 10076 906 2096182978 1200400 1200476
2 15 10922 10919 6241 2097982030 1200990 1200926
0 11 10629 10628 277 2102598238 1282608 1200426
11 5 10554 10552 6424637 2100567754 4414797 1739042
0 12 10366 10364 892808 2103013486 2660275 1275253
13 3 10248 10248 66040 2106680502 1293349 1205940
10 0 10574 10573 48835 2112711084 1289733 1204494
14 3 10113 10113 403 2112981746 1366813 1200436
4 8 10438 10437 7806 2108596144 6417516 1201055
15 5 10185 10182 3997 2116484972 1282961 1200735
12 6 10875 10873 155611 2122539146 1410500 1213447
0 10 10478 10477 501881 2105213490 20577965 1242478
0 10 10479 10477 859683 2116090516 18076831 1272477
9 3 10734 10732 406 2133159582 1282499 1200436
8 7 10732 10732 37086 2133583744 1357378 1203512
3 9 10021 10020 355 2190316446 1364547 1200432
0 10 10480 10477 576 2265027770 1446685 1200449
10 7 10125 10125 124591 2314013666 1460855 1210847
